24 0.303385 0.119097 0.155729 0.147917
19 0.426563 0.174653 0.069792 0.117361
14 0.444792 0.134028 0.068750 0.145833
30 0.344792 0.044097 0.084375 0.088194
20 0.182031 0.057639 0.038021 0.115278
20 0.233854 0.053819 0.027083 0.107639
20 0.117188 0.086806 0.044792 0.112500
15 0.109896 0.063194 0.041667 0.126389
16 0.475521 0.334028 0.018750 0.023611
16 0.538802 0.318056 0.015104 0.030556
16 0.552344 0.324653 0.014063 0.020139
16 0.564844 0.335069 0.017188 0.021528
16 0.589063 0.348611 0.014583 0.015278
16 0.579948 0.339583 0.011979 0.011111
16 0.464844 0.255903 0.019271 0.021528
16 0.449479 0.248264 0.017708 0.025694
16 0.435937 0.239931 0.020833 0.022917
16 0.419010 0.236458 0.018229 0.027083
21 0.490104 0.298611 0.233333 0.152778
28 0.615625 0.275000 0.103125 0.138889
26 0.702865 0.193056 0.150521 0.198611
27 0.765625 0.244097 0.151042 0.259028
17 0.798438 0.276042 0.031250 0.070139
0 0.481510 0.529861 0.511979 0.454167
1 0.617969 0.573611 0.493229 0.412500
3 0.822396 0.720139 0.030208 0.219444
2 0.807552 0.715278 0.024479 0.193056
23 0.202865 0.251042 0.169271 0.222917
22 0.412760 0.386806 0.100521 0.106944
17 0.424740 0.362153 0.070312 0.042361
17 0.410938 0.382639 0.058333 0.030556
8 0.352865 0.396875 0.035937 0.022917
10 0.840625 0.422222 0.070833 0.100000
5 0.691146 0.754514 0.050000 0.071528
4 0.644531 0.481944 0.573438 0.218056
10 0.917448 0.364931 0.054688 0.072917
16 0.807292 0.293056 0.011458 0.011111
