21 0.439063 0.786806 0.208333 0.106944
5 0.068750 0.494792 0.137500 0.079861
15 0.037240 0.573611 0.051562 0.095833
20 0.050781 0.600347 0.042188 0.074306
20 0.089063 0.559722 0.045833 0.083333
20 0.121615 0.539236 0.035937 0.082639
24 0.186198 0.565972 0.109896 0.091667
30 0.173177 0.482986 0.054688 0.065972
14 0.272396 0.532986 0.041667 0.109028
19 0.282292 0.562153 0.043750 0.086806
28 0.449219 0.543403 0.079687 0.102083
26 0.473958 0.425694 0.107292 0.184722
16 0.595052 0.417708 0.011979 0.013194
27 0.576823 0.423264 0.108854 0.235417
14 0.561979 0.591667 0.042708 0.104167
19 0.546094 0.613542 0.048438 0.064583
11 0.624740 0.638194 0.133854 0.133333
10 0.714063 0.591319 0.113542 0.120139
13 0.774219 0.722569 0.111979 0.114583
16 0.857812 0.731250 0.015625 0.034722
16 0.452865 0.752778 0.016146 0.025000
16 0.465104 0.750347 0.015625 0.022917
16 0.478646 0.752083 0.014583 0.019444
16 0.495312 0.784028 0.017708 0.022222
16 0.443750 0.803125 0.014583 0.024306
16 0.377344 0.778472 0.008854 0.020833
29 0.410417 0.688542 0.098958 0.057639
0 0.314844 0.751042 0.119271 0.235417
1 0.431510 0.637500 0.145313 0.175000
16 0.377083 0.623264 0.015625 0.021528
