27 0.471354 0.536806 0.150000 0.284722
26 0.340625 0.584375 0.115625 0.220139
16 0.488281 0.537847 0.017188 0.031250
1 0.546094 0.528472 0.109896 0.138889
10 0.693229 0.681944 0.086458 0.129167
11 0.530469 0.804514 0.107813 0.185417
13 0.758854 0.840972 0.103125 0.156944
17 0.718229 0.786458 0.027083 0.025694
2 0.580469 0.903472 0.065104 0.093056
3 0.532813 0.943750 0.114583 0.115278
14 0.450000 0.806250 0.047917 0.108333
19 0.444531 0.839236 0.051562 0.082639
28 0.332031 0.759028 0.103646 0.137500
29 0.335677 0.955208 0.195312 0.089583
14 0.119792 0.818056 0.085417 0.109722
19 0.140625 0.842361 0.073958 0.098611
24 0.048698 0.850347 0.097396 0.135417
30 0.026302 0.738194 0.052604 0.094444
0 0.217188 0.971528 0.058333 0.055556
