22 0.642969 0.322685 0.059896 0.080556
20 0.629687 0.399537 0.031250 0.069444
1 0.516927 0.384259 0.123438 0.224074
26 0.578906 0.681481 0.160938 0.235185
27 0.512240 0.870370 0.249479 0.259259
2 0.549479 0.448611 0.045833 0.310185
0 0.504687 0.280556 0.061458 0.162963
6 0.572396 0.636574 0.013542 0.067593
14 0.567969 0.321759 0.020313 0.034259
29 0.594271 0.382870 0.023958 0.102778
20 0.628385 0.374074 0.029687 0.066667
20 0.631771 0.348148 0.028125 0.057407
15 0.646615 0.309259 0.016146 0.031481
5 0.683073 0.404630 0.050521 0.090741
30 0.661719 0.476852 0.031771 0.070370
28 0.643750 0.542593 0.064583 0.107407
16 0.501302 0.822222 0.018229 0.025926
17 0.333594 0.663426 0.060937 0.052778
34 0.268229 0.581019 0.086458 0.119444
13 0.126042 0.626852 0.173958 0.235185
11 0.278125 0.854167 0.180208 0.289815
21 0.391667 0.434722 0.054167 0.052778
10 0.417187 0.642593 0.128125 0.218519
16 0.376302 0.773611 0.035937 0.047222
