0 0.398438 0.864931 0.173958 0.185417
1 0.634375 0.397569 0.094792 0.159028
28 0.570312 0.421181 0.093750 0.129861
29 0.533073 0.568056 0.186979 0.098611
16 0.588542 0.375000 0.013542 0.033333
20 0.172135 0.321181 0.041146 0.096528
20 0.214323 0.307639 0.031771 0.095833
20 0.123958 0.358333 0.043750 0.081944
19 0.389323 0.389583 0.047396 0.100000
15 0.113281 0.326389 0.050521 0.116667
14 0.394792 0.353819 0.041667 0.122917
10 0.830729 0.557292 0.105208 0.136806
11 0.757812 0.567361 0.086458 0.162500
13 0.844531 0.713194 0.099479 0.108333
21 0.517969 0.681250 0.235937 0.145833
16 0.413542 0.655556 0.017708 0.022222
16 0.446875 0.661458 0.017708 0.027083
16 0.462760 0.662500 0.016146 0.030556
16 0.429427 0.657292 0.017188 0.027083
16 0.548958 0.665625 0.015625 0.027083
16 0.562760 0.667014 0.014063 0.024306
16 0.574219 0.670139 0.015104 0.020833
16 0.603125 0.674306 0.015625 0.019444
16 0.624740 0.680208 0.015104 0.021528
16 0.588802 0.709722 0.017188 0.023611
16 0.627344 0.714583 0.019271 0.019444
16 0.532031 0.715278 0.015104 0.030556
26 0.621094 0.274306 0.134896 0.163889
27 0.719010 0.330903 0.102604 0.260417
30 0.273177 0.257639 0.058854 0.062500
5 0.146094 0.246875 0.173437 0.068750
17 0.825781 0.657639 0.044271 0.023611
22 0.041146 0.352431 0.082292 0.153472
24 0.279167 0.353819 0.128125 0.111806
16 0.731771 0.334375 0.007292 0.021528
14 0.697396 0.468750 0.031250 0.034722
16 0.625521 0.737153 0.018750 0.025694
