22 0.679688 0.874537 0.150000 0.252778
5 0.526302 0.923148 0.183854 0.157407
30 0.403125 0.849537 0.066667 0.112037
20 0.551562 0.762037 0.031250 0.098148
20 0.510938 0.744907 0.035417 0.097222
20 0.473438 0.740741 0.037500 0.094444
15 0.542448 0.730093 0.028646 0.112037
29 0.508073 0.689815 0.132812 0.072222
28 0.336719 0.768056 0.084896 0.139815
19 0.418229 0.645833 0.043750 0.093519
14 0.404687 0.615741 0.039583 0.109259
24 0.487240 0.593981 0.091146 0.128704
26 0.226302 0.606019 0.117188 0.221296
0 0.548698 0.441667 0.088021 0.101852
16 0.463542 0.468056 0.008333 0.012037
16 0.459375 0.465278 0.008333 0.012037
16 0.450000 0.458796 0.008333 0.012037
16 0.478125 0.446759 0.008333 0.012037
16 0.455208 0.423148 0.008333 0.012963
16 0.447135 0.417593 0.008854 0.012963
16 0.429167 0.431944 0.008333 0.012037
16 0.424479 0.430093 0.009375 0.013889
16 0.420312 0.426389 0.008333 0.012037
16 0.426563 0.411574 0.008333 0.012037
16 0.408594 0.420833 0.008854 0.013889
16 0.417708 0.406944 0.008333 0.012037
16 0.414062 0.405093 0.008333 0.012037
21 0.446354 0.451852 0.095833 0.103704
1 0.413542 0.333333 0.057292 0.079630
13 0.328906 0.358333 0.056771 0.075926
11 0.252344 0.450926 0.054688 0.114815
10 0.289323 0.487037 0.075521 0.137037
17 0.313021 0.444907 0.016667 0.034259
34 0.346094 0.404167 0.043229 0.065741
2 0.349479 0.421296 0.077083 0.101852
3 0.363802 0.432407 0.080729 0.112963
27 0.182552 0.547685 0.171354 0.136111
