0 0.416927 0.712153 0.232813 0.239583
22 0.048958 0.076389 0.096875 0.152778
15 0.127604 0.059028 0.044792 0.118056
20 0.135417 0.076736 0.039583 0.103472
20 0.195833 0.054861 0.039583 0.109722
20 0.246615 0.049653 0.028646 0.099306
24 0.312500 0.111806 0.155208 0.141667
14 0.449219 0.122917 0.064062 0.150000
19 0.432812 0.160764 0.065625 0.118750
28 0.622656 0.271181 0.109896 0.145139
26 0.698698 0.161806 0.157812 0.233333
16 0.808073 0.246875 0.015104 0.017361
27 0.788281 0.243750 0.155729 0.277778
14 0.734375 0.415972 0.096875 0.097222
19 0.702865 0.439583 0.084896 0.090278
16 0.509375 0.368750 0.027083 0.048611
29 0.555990 0.406597 0.191146 0.182639
16 0.426823 0.461806 0.027604 0.027778
16 0.442969 0.473264 0.024479 0.029861
16 0.460156 0.477778 0.020313 0.031944
16 0.546615 0.561806 0.018229 0.037500
16 0.606771 0.570139 0.020833 0.034722
16 0.571615 0.509028 0.018229 0.036111
16 0.584896 0.515278 0.016667 0.027778
16 0.600260 0.523611 0.019271 0.025000
16 0.621354 0.534722 0.019792 0.030556
16 0.648698 0.549306 0.016146 0.031944
16 0.646094 0.588194 0.020313 0.023611
16 0.643490 0.610069 0.017188 0.032639
21 0.518750 0.520486 0.263542 0.215972
16 0.498698 0.647569 0.053646 0.031250
7 0.545833 0.659028 0.064583 0.023611
3 0.784635 0.712153 0.430729 0.145139
1 0.866927 0.759028 0.266146 0.412500
2 0.672917 0.677431 0.085417 0.315972
11 0.758333 0.503472 0.141667 0.170833
10 0.853906 0.505208 0.091146 0.135417
