0 0.292969 0.438889 0.286979 0.352778
18 0.440625 0.491319 0.113542 0.078472
17 0.472135 0.407986 0.118229 0.075694
17 0.482812 0.362153 0.118750 0.097917
22 0.466927 0.318750 0.159896 0.309722
17 0.476562 0.186111 0.029167 0.030556
17 0.463021 0.215625 0.020833 0.025694
17 0.448958 0.244097 0.013542 0.020139
16 0.501042 0.049653 0.027083 0.036806
16 0.519792 0.058681 0.028125 0.034028
16 0.535156 0.072222 0.026562 0.034722
16 0.551823 0.088194 0.031771 0.037500
16 0.565365 0.178125 0.027604 0.056250
16 0.711458 0.289236 0.022917 0.025694
16 0.707812 0.310417 0.023958 0.025000
16 0.677865 0.264236 0.014063 0.018750
21 0.578385 0.192014 0.292187 0.304861
4 0.719792 0.341319 0.036458 0.095139
10 0.928646 0.400000 0.071875 0.147222
11 0.927865 0.492708 0.035937 0.146528
23 0.211198 0.086111 0.216146 0.172222
19 0.498698 0.022569 0.066146 0.045139
5 0.699479 0.192708 0.533333 0.385417
1 0.792969 0.206597 0.414062 0.413194
18 0.477604 0.369792 0.127083 0.084028
