24 0.060677 0.406250 0.121354 0.129167
30 0.070052 0.318403 0.071354 0.077083
19 0.164323 0.388194 0.056771 0.108333
16 0.167708 0.444097 0.015625 0.028472
16 0.182552 0.443403 0.015104 0.028472
16 0.195052 0.438889 0.013021 0.026389
16 0.209375 0.438542 0.016667 0.028472
14 0.151562 0.352431 0.058333 0.131250
16 0.371615 0.462153 0.018229 0.020139
16 0.373177 0.478472 0.022396 0.018056
16 0.365625 0.436458 0.014583 0.024306
16 0.340625 0.437500 0.021875 0.018056
16 0.332292 0.466667 0.016667 0.025000
16 0.316927 0.441319 0.017188 0.020139
16 0.301302 0.440278 0.014063 0.022222
16 0.287760 0.440625 0.016146 0.022917
16 0.237500 0.490972 0.019792 0.031944
21 0.271094 0.482986 0.233854 0.124306
17 0.216667 0.546875 0.090625 0.029861
17 0.219792 0.571181 0.093750 0.029861
17 0.220052 0.596528 0.094271 0.030556
17 0.222656 0.621528 0.094271 0.033333
17 0.224219 0.648264 0.096354 0.031250
17 0.228385 0.688889 0.098437 0.034722
22 0.228646 0.629514 0.115625 0.204861
23 0.032552 0.568403 0.065104 0.188194
0 0.113021 0.777778 0.133333 0.236111
4 0.485156 0.618750 0.271354 0.215278
1 0.482031 0.714236 0.134896 0.297917
5 0.526823 0.621181 0.149479 0.293750
2 0.687500 0.576042 0.105208 0.192361
3 0.707292 0.585764 0.080208 0.200694
7 0.642969 0.423264 0.127604 0.124306
13 0.541927 0.419444 0.116146 0.118056
12 0.577344 0.515625 0.143229 0.136806
19 0.469531 0.442014 0.059896 0.100694
14 0.486719 0.409375 0.057813 0.115972
16 0.474740 0.355556 0.018229 0.040278
29 0.502083 0.361806 0.141667 0.054167
28 0.359375 0.347917 0.093750 0.119444
17 0.527865 0.231597 0.034896 0.052083
26 0.405990 0.232639 0.142187 0.194444
27 0.496615 0.215972 0.120313 0.254167
16 0.565625 0.227431 0.010417 0.014583
10 0.631510 0.335417 0.116146 0.113889
