2 0.634375 0.401389 0.081250 0.065741
1 0.761198 0.337500 0.092188 0.165741
3 0.732031 0.333333 0.129688 0.196296
7 0.655729 0.448148 0.028125 0.044444
0 0.621094 0.677315 0.108854 0.154630
10 0.579948 0.278241 0.044271 0.087963
11 0.562760 0.367593 0.071354 0.125926
13 0.645573 0.336111 0.049479 0.094444
18 0.615625 0.331481 0.008333 0.035185
14 0.545052 0.389815 0.023438 0.101852
14 0.448698 0.548148 0.029687 0.109259
15 0.350521 0.889815 0.033333 0.103704
19 0.539323 0.416204 0.026562 0.080556
19 0.449219 0.581019 0.031771 0.097222
20 0.359896 0.927778 0.034375 0.098148
20 0.340885 0.819907 0.027604 0.060185
20 0.349740 0.768981 0.032813 0.099074
16 0.612500 0.477315 0.011458 0.013889
16 0.607812 0.492593 0.010417 0.014815
16 0.605469 0.505556 0.007812 0.009259
16 0.602604 0.514815 0.008333 0.011111
16 0.601302 0.522222 0.009896 0.011111
16 0.596094 0.579167 0.006771 0.010185
16 0.592187 0.589352 0.009375 0.010185
16 0.590625 0.600000 0.007292 0.011111
16 0.626302 0.483796 0.007812 0.015741
16 0.622135 0.507407 0.007812 0.011111
16 0.619531 0.554630 0.007812 0.014815
21 0.599479 0.555093 0.075000 0.160185
16 0.635677 0.488426 0.009896 0.017593
30 0.295833 0.706019 0.060417 0.110185
26 0.431250 0.354630 0.089583 0.174074
27 0.461979 0.275000 0.110417 0.201852
28 0.484635 0.452315 0.057813 0.100926
29 0.550000 0.520833 0.054167 0.134259
24 0.386458 0.716667 0.102083 0.179630
5 0.214844 0.878241 0.151562 0.243519
16 0.488281 0.290278 0.014063 0.032407
