2 0.498177 0.897917 0.071354 0.205556
34 0.816667 0.840972 0.050000 0.158333
26 0.302865 0.461111 0.143229 0.272222
28 0.046615 0.523264 0.093229 0.135417
24 0.023958 0.968403 0.047917 0.063194
14 0.393229 0.771528 0.056250 0.108333
19 0.384635 0.806250 0.055729 0.072222
3 0.426042 0.886458 0.073958 0.227083
17 0.623177 0.812500 0.046354 0.054167
11 0.580469 0.655208 0.085938 0.114583
1 0.557552 0.513194 0.180729 0.233333
27 0.466406 0.500347 0.143229 0.215972
10 0.503385 0.702431 0.174479 0.181250
