16 0.367188 0.688542 0.021875 0.028472
16 0.381250 0.688542 0.017708 0.031250
16 0.396875 0.692708 0.017708 0.032639
16 0.412500 0.691667 0.018750 0.030556
16 0.484115 0.734375 0.016146 0.031250
16 0.539844 0.722569 0.022396 0.027083
16 0.573698 0.685764 0.014063 0.022917
16 0.547135 0.685764 0.021354 0.021528
16 0.524740 0.685069 0.018229 0.021528
16 0.510156 0.681250 0.016146 0.022222
16 0.497135 0.685417 0.015104 0.025000
16 0.577344 0.723264 0.016146 0.020139
16 0.580208 0.741667 0.014583 0.029167
21 0.461198 0.704514 0.236979 0.118750
29 0.470313 0.603472 0.189583 0.093056
16 0.529427 0.390972 0.022396 0.050000
28 0.505990 0.454167 0.092188 0.118056
16 0.669271 0.360069 0.013542 0.017361
26 0.548698 0.317361 0.130729 0.173611
30 0.648958 0.357639 0.096875 0.255556
1 0.578906 0.417361 0.102604 0.156944
11 0.712240 0.592014 0.059896 0.122917
10 0.763021 0.567014 0.111458 0.131250
13 0.798698 0.716319 0.103646 0.107639
16 0.867708 0.749653 0.012500 0.035417
14 0.325521 0.401389 0.041667 0.123611
19 0.325260 0.433681 0.045312 0.097917
20 0.151042 0.377431 0.035417 0.096528
20 0.110156 0.394097 0.046354 0.096528
20 0.065885 0.433333 0.049479 0.088889
15 0.052344 0.402431 0.052604 0.114583
30 0.209115 0.323611 0.060937 0.066667
5 0.085156 0.316319 0.170313 0.072917
24 0.216927 0.418750 0.127604 0.108333
0 0.284115 0.843403 0.125521 0.277083
