1 0.603906 0.446875 0.121354 0.281250
3 0.570573 0.401042 0.156771 0.225694
0 0.412500 0.410069 0.139583 0.139583
11 0.441146 0.506944 0.173958 0.259722
2 0.464844 0.695139 0.131771 0.137500
10 0.582812 0.511806 0.144792 0.137500
26 0.267188 0.294097 0.121875 0.232639
27 0.409115 0.262153 0.138021 0.246528
28 0.212500 0.444792 0.100000 0.117361
14 0.019792 0.464583 0.039583 0.116667
19 0.028646 0.487847 0.057292 0.103472
16 0.272656 0.752431 0.022396 0.028472
16 0.278906 0.794792 0.022396 0.027083
21 0.258854 0.783681 0.084375 0.120139
16 0.432812 0.285764 0.013542 0.024306
16 0.279427 0.823958 0.019271 0.029861
7 0.473177 0.536806 0.008854 0.018056
16 0.724479 0.702431 0.017708 0.043750
