27 0.655208 0.439352 0.130208 0.271296
10 0.572656 0.545833 0.092188 0.178704
21 0.378646 0.609722 0.125000 0.149074
13 0.634896 0.899074 0.122917 0.207407
34 0.558333 0.770833 0.044792 0.163889
17 0.584115 0.656019 0.016146 0.082407
16 0.615625 0.597685 0.023958 0.034259
2 0.534896 0.731481 0.091667 0.224074
3 0.501302 0.693056 0.093229 0.213889
16 0.413281 0.654630 0.011979 0.018519
16 0.407552 0.647222 0.011979 0.020370
16 0.393229 0.632407 0.009375 0.020370
16 0.417448 0.627315 0.010937 0.019444
16 0.398958 0.605556 0.009375 0.018519
16 0.392969 0.598148 0.009896 0.018519
16 0.387240 0.592593 0.009896 0.018519
16 0.364844 0.615741 0.013021 0.016667
16 0.352604 0.602315 0.009375 0.017593
16 0.360417 0.547685 0.012500 0.015741
16 0.327083 0.555093 0.013542 0.017593
16 0.348438 0.535185 0.013542 0.014815
16 0.344010 0.530093 0.013021 0.013889
1 0.405208 0.753704 0.085417 0.224074
0 0.248177 0.548148 0.088021 0.124074
24 0.335677 0.448611 0.078646 0.102778
14 0.378125 0.360185 0.023958 0.096296
19 0.386719 0.383333 0.027604 0.074074
29 0.323958 0.376389 0.089583 0.050926
15 0.290365 0.299537 0.021354 0.084259
20 0.297396 0.321759 0.021875 0.062037
20 0.320833 0.323611 0.023958 0.067593
20 0.343750 0.325463 0.022917 0.067593
5 0.328646 0.275463 0.080208 0.069444
30 0.387760 0.309259 0.038021 0.050000
22 0.249740 0.306019 0.070312 0.087963
11 0.677604 0.665278 0.118750 0.204630
16 0.639583 0.433333 0.009375 0.022222
26 0.564844 0.383796 0.072396 0.180556
28 0.439063 0.332407 0.051042 0.083333
