0 0.368229 0.621181 0.205208 0.325694
1 0.685677 0.315972 0.360938 0.631944
2 0.618229 0.278819 0.336458 0.557639
14 0.429427 0.564931 0.095312 0.153472
16 0.485938 0.597917 0.020833 0.023611
16 0.499740 0.604861 0.020313 0.023611
16 0.526302 0.621181 0.023438 0.022917
16 0.468750 0.647222 0.015625 0.030556
16 0.545052 0.713194 0.024479 0.022222
16 0.575521 0.727778 0.021875 0.022222
16 0.597656 0.684028 0.014063 0.023611
16 0.610156 0.689931 0.015104 0.022917
16 0.620833 0.698958 0.013542 0.024306
21 0.534115 0.682639 0.192188 0.190278
24 0.387240 0.527083 0.158854 0.156944
19 0.413542 0.419444 0.051042 0.105556
29 0.338281 0.327083 0.173437 0.068056
20 0.273958 0.242361 0.023958 0.083333
20 0.320573 0.247917 0.024479 0.090278
20 0.363281 0.251736 0.025521 0.092361
30 0.423698 0.226736 0.061979 0.068750
5 0.302344 0.185764 0.168229 0.100694
22 0.172917 0.230556 0.120833 0.131944
28 0.503646 0.261806 0.045833 0.100000
27 0.850521 0.428472 0.108333 0.223611
10 0.825260 0.546875 0.048438 0.113194
11 0.882292 0.637500 0.078125 0.156944
13 0.894792 0.852778 0.065625 0.120833
15 0.271354 0.214931 0.023958 0.114583
16 0.835156 0.432292 0.005729 0.020139
