27 0.654427 0.438889 0.130729 0.272222
21 0.346875 0.576852 0.061458 0.085185
0 0.260417 0.500463 0.130208 0.123148
24 0.306250 0.528241 0.075000 0.091667
16 0.326823 0.555093 0.013021 0.017593
16 0.344010 0.530093 0.013021 0.013889
16 0.349740 0.535648 0.013021 0.013889
16 0.360156 0.548148 0.013021 0.016667
1 0.525781 0.336111 0.081771 0.181481
26 0.565625 0.384722 0.070833 0.182407
16 0.639844 0.432870 0.008854 0.021296
10 0.566927 0.555556 0.094271 0.181481
3 0.497656 0.691667 0.096354 0.209259
17 0.584115 0.656481 0.016146 0.083333
34 0.557552 0.773611 0.044271 0.162037
11 0.677344 0.665741 0.119271 0.205556
13 0.635156 0.898611 0.122396 0.204630
14 0.331510 0.399537 0.023438 0.091667
19 0.342448 0.427315 0.032813 0.076852
29 0.324219 0.376389 0.090104 0.050926
20 0.344010 0.325463 0.022396 0.067593
20 0.321354 0.323148 0.023958 0.066667
20 0.297135 0.319444 0.019271 0.061111
15 0.289844 0.298148 0.021354 0.083333
22 0.249479 0.306481 0.071875 0.087037
5 0.328385 0.276389 0.080729 0.069444
30 0.388542 0.309259 0.039583 0.050000
28 0.439323 0.331481 0.050521 0.085185
2 0.543750 0.269444 0.029167 0.077778
16 0.616146 0.598148 0.025000 0.035185
