14 0.660417 0.336458 0.050000 0.086806
19 0.629167 0.377083 0.063542 0.077778
12 0.685156 0.387153 0.105729 0.120139
29 0.644010 0.308681 0.123438 0.057639
15 0.044792 0.184375 0.052083 0.124306
20 0.057031 0.220139 0.046354 0.094444
20 0.105990 0.177431 0.043229 0.103472
20 0.149479 0.160417 0.032292 0.102778
30 0.243750 0.127778 0.068750 0.066667
24 0.217969 0.202431 0.131771 0.102083
14 0.333854 0.182292 0.040625 0.134028
19 0.326823 0.214931 0.045312 0.103472
28 0.515625 0.253819 0.092708 0.115972
26 0.585677 0.145833 0.147396 0.190278
27 0.649479 0.177778 0.129167 0.245833
16 0.715625 0.221875 0.009375 0.010417
17 0.671615 0.182986 0.048438 0.050694
10 0.761198 0.336111 0.105729 0.111111
2 0.772656 0.591319 0.065104 0.211806
3 0.789062 0.609722 0.039583 0.209722
16 0.622135 0.305903 0.019271 0.039583
13 0.664583 0.442361 0.121875 0.234722
17 0.370312 0.407986 0.088542 0.028472
17 0.368229 0.432292 0.090625 0.028472
17 0.365885 0.456597 0.081771 0.027083
18 0.363802 0.475347 0.091146 0.021528
17 0.362500 0.493403 0.094792 0.027083
17 0.360938 0.520486 0.096875 0.028472
17 0.358854 0.546875 0.087500 0.028472
16 0.309115 0.272917 0.016146 0.025000
16 0.323958 0.274306 0.018750 0.025000
16 0.335938 0.275694 0.013542 0.027778
16 0.349479 0.277431 0.016667 0.027083
16 0.427083 0.301042 0.014583 0.022917
16 0.439323 0.303125 0.015104 0.020139
16 0.452344 0.306597 0.013021 0.020139
16 0.475521 0.311458 0.018750 0.017361
16 0.499740 0.318403 0.013021 0.022917
16 0.466146 0.338194 0.014583 0.019444
16 0.503385 0.344097 0.016146 0.015972
16 0.502865 0.359375 0.019271 0.017361
16 0.357552 0.327083 0.014063 0.041667
21 0.395052 0.334375 0.226562 0.118750
22 0.360677 0.487153 0.109896 0.193750
18 0.341927 0.582639 0.094271 0.019444
5 0.530990 0.513194 0.110937 0.384722
23 0.146615 0.334375 0.130729 0.175694
0 0.234896 0.552431 0.160417 0.284028
1 0.578385 0.462153 0.146354 0.210417
10 0.760677 0.336111 0.104688 0.111111
11 0.765885 0.430556 0.102604 0.137500
10 0.848698 0.252083 0.058854 0.056944
