0 0.635417 0.625463 0.104167 0.152778
1 0.826562 0.909722 0.126042 0.182407
2 0.722396 0.672685 0.094792 0.154630
3 0.807813 0.843056 0.159375 0.313889
5 0.282292 0.372685 0.133333 0.087963
7 0.716927 0.660648 0.029687 0.058333
10 0.815625 0.513889 0.108333 0.114815
11 0.707292 0.535648 0.101042 0.130556
13 0.797917 0.675463 0.085417 0.104630
14 0.472135 0.470833 0.023438 0.041667
16 0.505208 0.675926 0.008333 0.016667
16 0.513542 0.675463 0.009375 0.017593
16 0.520312 0.675000 0.008333 0.012963
16 0.613802 0.694444 0.009896 0.016667
16 0.612760 0.711574 0.008854 0.017593
13 0.225521 0.511574 0.075000 0.141667
17 0.794271 0.608796 0.044792 0.019444
19 0.641927 0.533333 0.035937 0.044444
19 0.479427 0.471759 0.020313 0.041667
20 0.311979 0.512963 0.028125 0.022222
20 0.332813 0.468519 0.031250 0.027778
20 0.357292 0.443981 0.029167 0.030556
21 0.557813 0.674074 0.121875 0.075926
24 0.402865 0.449537 0.072396 0.089815
26 0.623437 0.299074 0.098958 0.183333
27 0.724219 0.277778 0.118229 0.281481
28 0.586979 0.441204 0.059375 0.099074
29 0.565104 0.582870 0.107292 0.043519
16 0.537500 0.588426 0.009375 0.019444
30 0.372917 0.342130 0.045833 0.069444
15 0.302604 0.512963 0.035417 0.027778
16 0.740104 0.300463 0.012500 0.023148
14 0.678906 0.584259 0.029687 0.044444
