0 0.588281 0.325926 0.063021 0.177778
3 0.700781 0.114352 0.133854 0.175000
5 0.214323 0.879167 0.152604 0.247222
7 0.624479 0.212963 0.023958 0.031481
11 0.555469 0.374074 0.058854 0.114815
13 0.646354 0.336574 0.050000 0.093519
19 0.547396 0.415741 0.026042 0.079630
19 0.449219 0.580556 0.029687 0.094444
20 0.360156 0.925463 0.035937 0.097222
20 0.345052 0.832407 0.034896 0.087037
20 0.349740 0.769444 0.032813 0.098148
16 0.587760 0.612963 0.011979 0.020370
16 0.590885 0.597222 0.013021 0.020370
16 0.592448 0.590741 0.013021 0.016667
16 0.595052 0.581019 0.010937 0.015741
16 0.599479 0.522222 0.011458 0.012963
21 0.592708 0.579630 0.059375 0.157407
24 0.386198 0.717593 0.100521 0.185185
26 0.431510 0.354630 0.089063 0.172222
27 0.461719 0.275000 0.109896 0.198148
28 0.484635 0.453241 0.055729 0.100926
29 0.549479 0.519907 0.050000 0.134259
30 0.295833 0.707870 0.060417 0.113889
10 0.581250 0.269907 0.041667 0.071296
15 0.351562 0.889815 0.034375 0.103704
14 0.449219 0.549074 0.028646 0.109259
16 0.475521 0.266667 0.008333 0.018519
1 0.739062 0.100463 0.087500 0.176852
