20 0.018750 0.479861 0.037500 0.104167
5 0.019531 0.400694 0.039062 0.069444
30 0.080208 0.412847 0.065625 0.074306
24 0.088802 0.521528 0.134896 0.120833
19 0.199479 0.542014 0.046875 0.093750
14 0.194792 0.506944 0.043750 0.122222
26 0.432031 0.415278 0.131771 0.211111
28 0.391667 0.546181 0.094792 0.122917
16 0.517708 0.387847 0.044792 0.052083
27 0.523438 0.433681 0.112500 0.256250
1 0.579948 0.426389 0.124479 0.180556
10 0.728906 0.448611 0.067187 0.094444
29 0.356771 0.713542 0.197917 0.067361
19 0.497656 0.668403 0.066146 0.090972
14 0.515625 0.642014 0.072917 0.100694
11 0.540625 0.686458 0.075000 0.139583
2 0.505469 0.865625 0.073438 0.268750
3 0.551562 0.874306 0.073958 0.251389
16 0.257552 0.823611 0.018229 0.034722
16 0.273177 0.824653 0.021354 0.032639
16 0.289844 0.826042 0.018229 0.035417
16 0.305208 0.825694 0.019792 0.031944
16 0.353906 0.865625 0.026562 0.024306
16 0.470313 0.796528 0.018750 0.033333
16 0.475521 0.831597 0.018750 0.024306
16 0.480469 0.854514 0.020313 0.024306
16 0.444792 0.800694 0.021875 0.022222
16 0.438542 0.838542 0.021875 0.027083
16 0.421875 0.800347 0.017708 0.024306
16 0.405990 0.800000 0.017188 0.025000
16 0.393750 0.805903 0.016667 0.025694
21 0.364323 0.831597 0.252604 0.117361
0 0.167187 0.906597 0.107292 0.186806
16 0.766667 0.787153 0.013542 0.034028
