30 0.054167 0.350000 0.064583 0.079167
29 0.031510 0.494444 0.063021 0.088889
14 0.039062 0.501389 0.078125 0.120833
19 0.059375 0.529167 0.068750 0.093056
28 0.155208 0.324306 0.088542 0.109722
26 0.399219 0.289931 0.126562 0.218750
16 0.538021 0.288889 0.010417 0.020833
27 0.526823 0.295139 0.125521 0.277778
11 0.637760 0.439236 0.115104 0.072917
10 0.571354 0.532292 0.150000 0.156250
13 0.751042 0.706250 0.063542 0.072222
34 0.809635 0.701389 0.031771 0.123611
3 0.484115 0.711806 0.068229 0.313889
14 0.480208 0.480903 0.056250 0.145139
19 0.467708 0.529514 0.057292 0.092361
16 0.294010 0.721875 0.016146 0.029861
16 0.310156 0.721181 0.016146 0.029861
16 0.326042 0.723958 0.015625 0.032639
16 0.375000 0.724306 0.016667 0.031944
16 0.277344 0.782292 0.017188 0.029861
16 0.228646 0.784028 0.016667 0.033333
16 0.340625 0.764583 0.018750 0.031944
16 0.375260 0.762500 0.016146 0.029167
16 0.391927 0.763889 0.016146 0.033333
21 0.302865 0.750347 0.211979 0.111806
2 0.664323 0.528472 0.255729 0.129167
6 0.517188 0.469792 0.048958 0.022917
0 0.428125 0.452778 0.177083 0.130556
1 0.724219 0.580903 0.203646 0.299306
5 0.008854 0.362500 0.016667 0.023611
20 0.010156 0.438194 0.020313 0.045833
