22 0.429427 0.356944 0.138021 0.245833
17 0.795573 0.142014 0.032813 0.050694
27 0.782552 0.101736 0.159896 0.179861
28 0.632292 0.167014 0.104167 0.139583
23 0.198958 0.128472 0.179167 0.220833
24 0.303385 0.036111 0.158854 0.072222
14 0.449479 0.043750 0.050000 0.087500
19 0.437240 0.053125 0.074479 0.106250
16 0.409896 0.105903 0.021875 0.025694
16 0.424740 0.110417 0.020313 0.025000
16 0.439063 0.119097 0.016667 0.025694
16 0.455469 0.123958 0.019271 0.024306
16 0.537240 0.184722 0.016146 0.030556
16 0.551823 0.192361 0.016146 0.022222
16 0.565104 0.201736 0.016667 0.022917
16 0.574219 0.240972 0.017188 0.027778
16 0.588802 0.216667 0.019271 0.019444
16 0.457031 0.188542 0.021354 0.049306
16 0.613281 0.232986 0.015104 0.029861
16 0.611198 0.260764 0.014063 0.015972
21 0.487240 0.203125 0.250521 0.202083
17 0.448698 0.266319 0.100521 0.053472
17 0.444271 0.292708 0.104167 0.052083
17 0.440625 0.321528 0.105208 0.052778
17 0.418490 0.342708 0.074479 0.034028
17 0.403906 0.371875 0.045312 0.025694
18 0.398438 0.390972 0.025000 0.019444
17 0.425000 0.430903 0.100000 0.043750
18 0.394531 0.481944 0.110937 0.043056
26 0.717708 0.085764 0.166667 0.171528
5 0.703906 0.304861 0.592187 0.327778
0 0.275781 0.428819 0.229687 0.228472
1 0.779427 0.387847 0.441146 0.446528
