22 0.058594 0.212153 0.117188 0.134028
5 0.182031 0.145833 0.170313 0.073611
20 0.157552 0.230556 0.030729 0.095833
20 0.207031 0.206250 0.026562 0.095833
20 0.246615 0.203472 0.022396 0.095833
15 0.152604 0.198611 0.030208 0.123611
30 0.304167 0.174306 0.059375 0.061111
24 0.302344 0.258333 0.123438 0.113889
19 0.398177 0.293750 0.050521 0.094444
14 0.409115 0.263194 0.049479 0.119444
28 0.563802 0.361458 0.089063 0.114583
26 0.618490 0.271528 0.126562 0.191667
16 0.726302 0.334375 0.015104 0.014583
27 0.695833 0.312500 0.116667 0.225000
19 0.638281 0.491319 0.064062 0.085417
14 0.661458 0.465625 0.071875 0.095139
7 0.524479 0.502083 0.056250 0.019444
11 0.668750 0.559375 0.069792 0.115972
3 0.729948 0.418750 0.374479 0.206944
16 0.474479 0.457639 0.022917 0.048611
29 0.514583 0.481944 0.169792 0.122222
16 0.598698 0.621875 0.020313 0.020139
16 0.597917 0.638194 0.017708 0.029167
16 0.564323 0.607292 0.020313 0.028472
16 0.599740 0.589931 0.014063 0.022917
16 0.576823 0.581250 0.018229 0.026389
16 0.555208 0.571875 0.020833 0.022917
16 0.544531 0.563889 0.016146 0.020833
16 0.531510 0.558681 0.016146 0.028472
16 0.490104 0.594444 0.021875 0.022222
16 0.427344 0.530556 0.015104 0.026389
16 0.441146 0.539931 0.015625 0.027083
16 0.454427 0.543750 0.015104 0.027778
16 0.411198 0.534028 0.014063 0.012500
21 0.493490 0.575347 0.219271 0.174306
0 0.337240 0.560417 0.170313 0.186111
2 0.627344 0.629167 0.051562 0.162500
1 0.824479 0.536806 0.278125 0.391667
13 0.819531 0.706250 0.053646 0.097222
16 0.857031 0.753472 0.007812 0.038889
