16 0.480729 0.855556 0.018750 0.034722
16 0.490365 0.893403 0.021354 0.027083
16 0.497135 0.918056 0.021354 0.026389
16 0.451302 0.866667 0.026562 0.025000
16 0.446094 0.911806 0.025521 0.026389
16 0.423958 0.872569 0.020833 0.032639
16 0.404427 0.876736 0.019271 0.036806
16 0.389844 0.881944 0.021354 0.034722
16 0.354427 0.961806 0.027604 0.026389
16 0.294010 0.929861 0.022396 0.037500
16 0.274219 0.933333 0.024479 0.033333
16 0.258594 0.932292 0.019271 0.036806
16 0.241146 0.936806 0.018750 0.038889
21 0.364063 0.911458 0.282292 0.174306
3 0.521875 0.887153 0.066667 0.225694
2 0.575000 0.886806 0.063542 0.225000
29 0.340365 0.777083 0.223438 0.101389
11 0.566146 0.699653 0.119792 0.172917
14 0.525260 0.690972 0.076563 0.108333
19 0.505469 0.718056 0.069271 0.095833
28 0.373958 0.567014 0.105208 0.142361
16 0.562240 0.422569 0.013021 0.020139
16 0.532813 0.419097 0.010417 0.022917
1 0.617969 0.428125 0.126562 0.129861
27 0.524479 0.409028 0.136458 0.306944
26 0.404427 0.400694 0.142187 0.236111
30 0.031250 0.492014 0.062500 0.095139
24 0.055469 0.613194 0.110937 0.131944
19 0.153906 0.614931 0.069271 0.099306
14 0.136198 0.585069 0.072396 0.127083
13 0.784375 0.763889 0.041667 0.120833
10 0.750000 0.360069 0.075000 0.093750
