7 0.535937 0.717361 0.082292 0.036111
5 0.172396 0.225694 0.160417 0.070833
22 0.053385 0.290278 0.106771 0.129167
15 0.137760 0.281944 0.029687 0.111111
20 0.144531 0.313542 0.030729 0.084028
20 0.191406 0.290278 0.027604 0.090278
20 0.231510 0.286806 0.021354 0.088889
14 0.385677 0.361111 0.040104 0.115278
19 0.375260 0.392708 0.045312 0.095139
24 0.284375 0.340278 0.119792 0.112500
28 0.542188 0.442014 0.090625 0.115972
26 0.601562 0.344097 0.121875 0.193750
16 0.709115 0.395833 0.013021 0.012500
14 0.632292 0.521875 0.068750 0.096528
19 0.611719 0.547222 0.063021 0.084722
10 0.784115 0.609375 0.098437 0.138194
29 0.494792 0.564236 0.168750 0.122917
16 0.397396 0.613889 0.018750 0.023611
16 0.411458 0.617361 0.015625 0.022222
16 0.426563 0.621875 0.014583 0.025694
16 0.486198 0.679861 0.014063 0.026389
16 0.505469 0.637500 0.013021 0.027778
16 0.518229 0.641319 0.014583 0.020139
16 0.531510 0.647917 0.016146 0.018056
16 0.551042 0.655556 0.017708 0.022222
16 0.538542 0.685069 0.016667 0.025694
16 0.576562 0.665278 0.013542 0.020833
16 0.575521 0.698264 0.017708 0.018750
16 0.574219 0.711458 0.013021 0.017361
16 0.458854 0.672569 0.017708 0.021528
16 0.399479 0.689931 0.034375 0.060417
3 0.781250 0.789236 0.436458 0.149306
2 0.635417 0.776736 0.067708 0.259028
0 0.333333 0.770833 0.158333 0.265278
1 0.860938 0.842708 0.278125 0.315972
30 0.289062 0.255208 0.056250 0.059028
27 0.684635 0.392014 0.122396 0.243750
11 0.681771 0.613194 0.128125 0.169444
21 0.467708 0.653125 0.225000 0.168750
