22 0.027604 0.099306 0.055208 0.118056
15 0.086719 0.102083 0.041146 0.141667
20 0.093750 0.139236 0.036458 0.103472
20 0.152344 0.111806 0.035937 0.113889
20 0.199479 0.107292 0.027083 0.109028
24 0.261458 0.173958 0.145833 0.138194
5 0.135677 0.040278 0.186979 0.080556
30 0.270052 0.075347 0.073438 0.072917
14 0.392708 0.194792 0.059375 0.136806
19 0.378906 0.232639 0.060937 0.113889
28 0.553646 0.323958 0.103125 0.136806
26 0.625521 0.220486 0.146875 0.217361
27 0.713802 0.278819 0.136979 0.249306
14 0.648698 0.430903 0.076563 0.096528
19 0.616406 0.454514 0.063021 0.088194
29 0.497396 0.459028 0.185417 0.134722
7 0.510938 0.450347 0.062500 0.020139
3 0.728646 0.398264 0.388542 0.192361
16 0.455729 0.414931 0.029167 0.060417
11 0.672396 0.523611 0.082292 0.133333
2 0.675781 0.602083 0.040104 0.073611
16 0.363802 0.511806 0.022396 0.027778
16 0.379948 0.515972 0.018229 0.031944
16 0.394531 0.525694 0.019271 0.030556
16 0.411458 0.533333 0.017708 0.034722
16 0.463021 0.602431 0.016667 0.032639
16 0.501042 0.555208 0.014583 0.032639
16 0.513802 0.561458 0.017188 0.025694
16 0.528385 0.570833 0.020313 0.022222
16 0.554167 0.581597 0.017708 0.029861
16 0.578125 0.593750 0.013542 0.029167
16 0.536458 0.614236 0.017708 0.031250
16 0.574740 0.629861 0.019271 0.022222
16 0.572135 0.650347 0.015104 0.031250
21 0.457292 0.566319 0.244792 0.204861
0 0.408333 0.343056 0.152083 0.136111
13 0.809375 0.700347 0.030208 0.100694
1 0.830990 0.506250 0.296354 0.369444
