0 0.438021 0.352315 0.061458 0.175000
1 0.231510 0.056481 0.097396 0.112963
2 0.245573 0.547685 0.186979 0.045370
5 0.683594 0.405093 0.050521 0.093519
10 0.197396 0.831944 0.193750 0.332407
11 0.344531 0.648148 0.143229 0.233333
13 0.137500 0.630556 0.168750 0.233333
22 0.644792 0.321296 0.060417 0.081481
14 0.575260 0.424074 0.040104 0.087037
15 0.627865 0.320833 0.031771 0.073148
16 0.364583 0.403241 0.010417 0.023148
16 0.371615 0.409722 0.007812 0.012037
16 0.383073 0.427315 0.009896 0.012037
16 0.396354 0.416667 0.010417 0.012963
16 0.391406 0.394907 0.009896 0.010185
16 0.406250 0.408333 0.005208 0.014815
18 0.176042 0.714815 0.077083 0.098148
19 0.416927 0.557870 0.038021 0.102778
19 0.564063 0.457870 0.037500 0.084259
20 0.620052 0.345370 0.026562 0.066667
20 0.628906 0.373148 0.029687 0.066667
20 0.633854 0.391667 0.025000 0.057407
21 0.414323 0.418519 0.120313 0.111111
24 0.605990 0.441667 0.061979 0.103704
26 0.573438 0.681481 0.152083 0.238889
27 0.507812 0.868981 0.257292 0.263889
28 0.505208 0.582870 0.078125 0.125000
29 0.453385 0.468056 0.088021 0.097222
16 0.478906 0.417593 0.011979 0.024074
30 0.661198 0.479630 0.033854 0.075926
3 0.313802 0.116204 0.102604 0.232407
7 0.377604 0.261111 0.037500 0.081481
34 0.562500 0.203241 0.043750 0.049074
16 0.480729 0.890741 0.017708 0.079630
14 0.424740 0.394444 0.051562 0.166667
