2 0.879427 0.920486 0.039062 0.159028
3 0.905208 0.930556 0.029167 0.138889
13 0.793750 0.826736 0.125000 0.140972
11 0.897656 0.779167 0.109896 0.144444
10 0.906250 0.671875 0.108333 0.127083
12 0.817187 0.717361 0.116667 0.130556
19 0.758594 0.738542 0.070312 0.079861
14 0.781771 0.718056 0.092708 0.084722
16 0.766406 0.629167 0.025521 0.033333
29 0.788021 0.636806 0.126042 0.077778
17 0.834896 0.490972 0.042708 0.059722
16 0.870833 0.517361 0.011458 0.013889
27 0.812240 0.485764 0.147396 0.281250
28 0.661458 0.562153 0.102083 0.134028
26 0.740885 0.463194 0.150521 0.201389
4 0.716667 0.817361 0.077083 0.316667
1 0.733594 0.963542 0.123438 0.074306
5 0.635417 0.844444 0.138542 0.312500
19 0.472917 0.500347 0.056250 0.099306
14 0.485677 0.464583 0.049479 0.122222
17 0.413802 0.364236 0.035937 0.025694
30 0.405469 0.370139 0.066146 0.069444
0 0.370052 0.328472 0.107813 0.126389
24 0.379688 0.450347 0.109375 0.122917
23 0.302604 0.582292 0.093750 0.181250
20 0.200260 0.406250 0.031771 0.066667
15 0.194271 0.381944 0.041667 0.113889
17 0.494010 0.697569 0.090104 0.047917
17 0.486198 0.735764 0.091146 0.045139
17 0.480729 0.761458 0.093750 0.047917
17 0.476042 0.788194 0.095833 0.047222
17 0.470573 0.815972 0.097396 0.047222
22 0.473698 0.774306 0.133854 0.219444
16 0.643229 0.707292 0.020833 0.021528
16 0.643490 0.687847 0.021354 0.021528
16 0.645052 0.656250 0.019271 0.027778
16 0.622396 0.647569 0.021875 0.021528
16 0.607812 0.675694 0.014583 0.027778
16 0.597917 0.637847 0.020833 0.021528
16 0.586458 0.630556 0.017708 0.022222
16 0.571615 0.626042 0.019271 0.029861
16 0.508073 0.650000 0.019271 0.033333
16 0.497917 0.580208 0.020833 0.028472
16 0.458594 0.563889 0.021354 0.026389
16 0.471615 0.569444 0.020313 0.027778
16 0.484375 0.572569 0.016667 0.029861
21 0.534635 0.646181 0.232813 0.171528
