22 0.159375 0.210069 0.129167 0.135417
20 0.268229 0.237153 0.023958 0.100694
20 0.314844 0.246875 0.031771 0.099306
20 0.360677 0.254167 0.035937 0.097222
15 0.270833 0.206250 0.026042 0.123611
19 0.405208 0.440625 0.061458 0.110417
5 0.296615 0.168750 0.175521 0.108333
29 0.330729 0.329167 0.182292 0.083333
28 0.520052 0.284028 0.089063 0.111111
30 0.420312 0.229861 0.065625 0.075000
34 0.885156 0.925000 0.021354 0.126389
2 0.663021 0.433681 0.417708 0.403472
14 0.448177 0.615278 0.116146 0.147222
0 0.353646 0.668403 0.230208 0.352083
1 0.729688 0.512500 0.414583 0.570833
27 0.816406 0.409028 0.053646 0.102778
13 0.855990 0.879514 0.058854 0.107639
10 0.819531 0.670139 0.039062 0.075000
11 0.846615 0.678125 0.079687 0.138194
25 0.349479 0.605208 0.133333 0.200694
16 0.500781 0.622917 0.022396 0.023611
16 0.484896 0.673611 0.016667 0.027778
16 0.526042 0.640972 0.022917 0.022222
16 0.528906 0.726042 0.018229 0.029861
16 0.565885 0.748958 0.017188 0.027083
16 0.615365 0.763194 0.015104 0.031944
16 0.590104 0.707986 0.015625 0.032639
16 0.601823 0.714931 0.015104 0.032639
16 0.611979 0.723264 0.015625 0.031250
21 0.541406 0.714236 0.193229 0.199306
6 0.452604 0.628819 0.023958 0.034028
