30 0.035677 0.418056 0.071354 0.079167
24 0.038542 0.521875 0.077083 0.122917
19 0.113281 0.528472 0.070312 0.112500
14 0.094792 0.492708 0.076042 0.134028
28 0.334375 0.491319 0.104167 0.143750
26 0.411979 0.333333 0.166667 0.226389
17 0.530990 0.333681 0.048438 0.068750
17 0.517188 0.326042 0.058333 0.045139
27 0.493490 0.329514 0.136979 0.309028
1 0.593229 0.352083 0.116667 0.163889
10 0.755469 0.303472 0.072396 0.063889
16 0.472396 0.509028 0.018750 0.044444
29 0.504948 0.514583 0.164062 0.059722
19 0.477865 0.591319 0.063021 0.093750
14 0.496875 0.556597 0.065625 0.118750
12 0.550521 0.579167 0.118750 0.136111
13 0.521094 0.707986 0.155729 0.292361
4 0.433333 0.811458 0.069792 0.374306
5 0.376823 0.829861 0.125521 0.337500
0 0.119531 0.975694 0.061979 0.048611
17 0.167969 0.737847 0.097396 0.028472
17 0.170052 0.782292 0.098437 0.029861
17 0.172396 0.813194 0.100000 0.029167
17 0.174479 0.843403 0.101042 0.029861
17 0.177865 0.874306 0.102604 0.029167
22 0.182812 0.825694 0.123958 0.226389
32 0.145313 0.670833 0.023958 0.045833
16 0.315625 0.656597 0.026042 0.024306
16 0.315625 0.635417 0.019792 0.027778
16 0.310156 0.599653 0.017188 0.032639
16 0.279687 0.603819 0.025000 0.025694
16 0.250781 0.607639 0.019271 0.034722
16 0.268750 0.643403 0.022917 0.027083
16 0.235937 0.607986 0.017708 0.034028
16 0.221875 0.612847 0.017708 0.028472
16 0.133594 0.601736 0.019271 0.034028
16 0.119271 0.604167 0.015625 0.034722
16 0.105469 0.606250 0.021354 0.030556
16 0.091667 0.606597 0.019792 0.032639
21 0.208594 0.646528 0.256771 0.140278
