20 0.229687 0.059375 0.033333 0.110417
20 0.179688 0.074306 0.044792 0.111111
20 0.125781 0.116319 0.052604 0.102083
15 0.112760 0.080556 0.053646 0.137500
24 0.300260 0.110069 0.144271 0.118750
30 0.331771 0.035069 0.077083 0.070139
23 0.217448 0.245486 0.146354 0.190972
19 0.419010 0.133681 0.055729 0.114583
14 0.429427 0.096528 0.055729 0.143056
32 0.447917 0.258681 0.018750 0.046528
16 0.397656 0.194097 0.020313 0.028472
16 0.410938 0.198264 0.019792 0.028472
16 0.425260 0.200347 0.018229 0.031250
16 0.441146 0.204514 0.020833 0.029861
16 0.521875 0.242361 0.017708 0.033333
16 0.535937 0.247569 0.016667 0.027083
16 0.549219 0.253125 0.017188 0.028472
16 0.576042 0.259722 0.022917 0.020833
16 0.598958 0.269444 0.017708 0.027778
16 0.562500 0.284722 0.019792 0.025000
16 0.602344 0.298264 0.018229 0.018750
16 0.601042 0.314236 0.021875 0.021528
21 0.486198 0.273264 0.239063 0.146528
28 0.618229 0.201736 0.102083 0.131250
26 0.696875 0.097222 0.162500 0.194444
17 0.786979 0.149653 0.050000 0.060417
16 0.823438 0.200347 0.011458 0.014583
27 0.764583 0.144097 0.148958 0.271528
16 0.726302 0.273611 0.024479 0.038889
29 0.746354 0.282986 0.123958 0.081250
19 0.729167 0.351736 0.077083 0.085417
14 0.754948 0.320139 0.088021 0.105556
13 0.759115 0.429167 0.153646 0.259722
12 0.781250 0.364236 0.110417 0.156250
10 0.861719 0.332292 0.108854 0.131250
11 0.859635 0.434375 0.107813 0.150694
2 0.847917 0.607986 0.043750 0.234028
3 0.868229 0.629514 0.026042 0.227083
10 0.951823 0.257639 0.059896 0.070833
4 0.681510 0.414236 0.058854 0.146528
5 0.592708 0.502778 0.129167 0.336111
0 0.364323 0.360069 0.183854 0.197917
1 0.555469 0.396875 0.156771 0.232639
18 0.411979 0.538542 0.102083 0.036806
17 0.443750 0.492708 0.091667 0.038194
17 0.447396 0.463194 0.104167 0.040278
17 0.450521 0.434722 0.102083 0.038889
17 0.453646 0.407639 0.100000 0.041667
17 0.456250 0.382292 0.086458 0.038194
17 0.470833 0.346875 0.066667 0.029861
22 0.446615 0.432292 0.126562 0.206250
