5 0.031771 0.594444 0.063542 0.081944
30 0.099479 0.572222 0.061458 0.081944
20 0.021094 0.687500 0.042188 0.072222
20 0.042969 0.654861 0.047396 0.077778
24 0.115104 0.673611 0.114583 0.113889
14 0.195052 0.636806 0.065104 0.111111
19 0.211458 0.665972 0.061458 0.091667
26 0.425521 0.463194 0.117708 0.216667
28 0.402604 0.617014 0.093750 0.128472
14 0.517708 0.661458 0.043750 0.113194
19 0.505469 0.695486 0.050521 0.086806
11 0.607812 0.705208 0.151042 0.168750
27 0.543750 0.493403 0.113542 0.172917
29 0.384115 0.803472 0.205729 0.072222
16 0.276562 0.934375 0.018750 0.029861
16 0.292187 0.933333 0.015625 0.031944
16 0.308073 0.927431 0.016146 0.031250
16 0.323437 0.924653 0.014583 0.029861
16 0.412240 0.887500 0.016146 0.029167
16 0.405208 0.950000 0.017708 0.030556
16 0.427344 0.882639 0.016146 0.030556
16 0.444271 0.879861 0.017708 0.027778
16 0.470052 0.873264 0.023438 0.021528
16 0.464844 0.917708 0.023438 0.022917
16 0.502604 0.865278 0.014583 0.031944
16 0.511719 0.902431 0.019271 0.024306
16 0.515885 0.924306 0.017188 0.029167
21 0.396354 0.914583 0.262500 0.151389
2 0.581771 0.891319 0.081250 0.217361
3 0.616406 0.889583 0.064062 0.220833
1 0.622656 0.491667 0.141146 0.158333
