0 0.196875 0.683681 0.184375 0.286806
16 0.381510 0.607292 0.024479 0.027083
16 0.396094 0.611806 0.024479 0.029167
16 0.427344 0.623264 0.025521 0.022917
16 0.384896 0.669444 0.017708 0.036111
16 0.548698 0.727778 0.018229 0.029167
16 0.577604 0.735764 0.014583 0.020139
1 0.608594 0.820139 0.163021 0.287500
24 0.494010 0.750000 0.231771 0.252778
21 0.469531 0.689583 0.257812 0.177778
34 0.895833 0.790625 0.014583 0.136806
2 0.732292 0.725694 0.072917 0.259722
3 0.673438 0.669444 0.056250 0.218056
30 0.274219 0.226389 0.066146 0.062500
29 0.190885 0.365278 0.184896 0.093056
28 0.386719 0.239931 0.091146 0.109028
26 0.630990 0.303472 0.145313 0.223611
16 0.732812 0.342361 0.030208 0.018056
27 0.732292 0.342708 0.137500 0.253472
22 0.038542 0.306250 0.077083 0.156944
15 0.106510 0.262500 0.051562 0.123611
20 0.165885 0.285069 0.043229 0.102083
20 0.212500 0.275000 0.037500 0.101389
20 0.116406 0.290625 0.044271 0.100694
19 0.269271 0.436111 0.056250 0.109722
14 0.258854 0.397917 0.056250 0.134722
14 0.680729 0.538889 0.088542 0.098611
19 0.657031 0.563194 0.076563 0.088889
13 0.837500 0.761458 0.098958 0.111806
10 0.732292 0.526389 0.132292 0.168056
11 0.813542 0.544444 0.088542 0.152778
17 0.796094 0.668750 0.046354 0.029167
5 0.144531 0.206944 0.177604 0.073611
