2 0.696875 0.631019 0.035417 0.217593
0 0.729167 0.268519 0.134375 0.288889
3 0.663802 0.630093 0.035937 0.221296
34 0.721354 0.637500 0.018750 0.147222
17 0.713281 0.542593 0.024479 0.059259
13 0.802083 0.682870 0.086458 0.104630
11 0.783594 0.467593 0.106771 0.125926
10 0.682552 0.459722 0.094271 0.112037
16 0.718750 0.300000 0.008333 0.018519
26 0.622396 0.298611 0.097917 0.182407
28 0.451302 0.318056 0.057813 0.104630
30 0.375521 0.341204 0.050000 0.073148
5 0.282031 0.375926 0.133854 0.092593
20 0.357031 0.443981 0.029687 0.032407
20 0.332292 0.468519 0.031250 0.029630
15 0.293750 0.487500 0.034375 0.026852
20 0.303125 0.490741 0.025000 0.029630
22 0.227083 0.512963 0.072917 0.144444
29 0.364063 0.511111 0.096875 0.100000
14 0.430990 0.459722 0.024479 0.041667
19 0.443229 0.462963 0.020833 0.046296
24 0.423698 0.573148 0.071354 0.088889
0 0.434635 0.768519 0.054688 0.135185
16 0.493490 0.699074 0.006771 0.022222
16 0.535937 0.711574 0.012500 0.015741
16 0.550521 0.710648 0.009375 0.019444
16 0.493229 0.662500 0.008333 0.015741
16 0.499479 0.662963 0.008333 0.016667
16 0.515625 0.660185 0.011458 0.014815
16 0.557813 0.673148 0.008333 0.020370
16 0.564844 0.674074 0.007812 0.018519
16 0.572135 0.674074 0.007812 0.018519
16 0.594010 0.673148 0.007812 0.018519
16 0.578646 0.697222 0.009375 0.018519
16 0.594010 0.696759 0.007812 0.021296
16 0.601302 0.697222 0.007812 0.020370
1 0.648438 0.793519 0.053125 0.144444
21 0.545573 0.679630 0.123438 0.072222
