24 0.351823 0.078819 0.168229 0.157639
19 0.476823 0.168750 0.086979 0.122222
14 0.502344 0.132292 0.097396 0.142361
0 0.523177 0.312847 0.152604 0.160417
29 0.575521 0.456944 0.167708 0.152778
3 0.711979 0.284722 0.286458 0.237500
28 0.643490 0.320833 0.102604 0.145833
19 0.680469 0.482986 0.060937 0.068750
1 0.789062 0.367014 0.213542 0.335417
26 0.716146 0.214931 0.147917 0.184028
16 0.546615 0.617708 0.018229 0.028472
16 0.638802 0.617014 0.014063 0.034028
16 0.629167 0.655556 0.023958 0.023611
16 0.625521 0.678819 0.019792 0.029861
16 0.598437 0.631250 0.020833 0.031944
16 0.620052 0.603472 0.014063 0.023611
16 0.575260 0.568750 0.016146 0.031944
16 0.587240 0.575347 0.013021 0.025694
16 0.598437 0.586458 0.018750 0.024306
16 0.490885 0.525347 0.019271 0.034028
16 0.476823 0.513542 0.025521 0.029861
16 0.460677 0.501736 0.020313 0.035417
16 0.444010 0.489236 0.023438 0.034028
16 0.518750 0.562847 0.242708 0.254861
7 0.559375 0.400694 0.029167 0.023611
16 0.542448 0.408681 0.044271 0.047917
20 0.164844 0.019792 0.034896 0.039583
10 0.835938 0.588889 0.042708 0.131944
