5 0.751823 0.412847 0.424479 0.213194
2 0.585156 0.531250 0.104688 0.162500
3 0.623698 0.546528 0.055729 0.122222
14 0.319792 0.356944 0.046875 0.084722
19 0.319792 0.395139 0.038542 0.040278
4 0.286458 0.590278 0.081250 0.337500
28 0.211719 0.331597 0.099479 0.128472
17 0.405208 0.177778 0.033333 0.054167
26 0.253125 0.201042 0.151042 0.211806
16 0.479687 0.175000 0.010417 0.016667
16 0.339583 0.312847 0.013542 0.024306
29 0.380729 0.317014 0.168750 0.035417
28 0.376042 0.165972 0.143750 0.275000
10 0.541667 0.282986 0.129167 0.125694
11 0.538281 0.385069 0.122396 0.147917
12 0.459896 0.493750 0.154167 0.179167
13 0.404427 0.356250 0.134896 0.102778
0 0.391927 0.432292 0.175521 0.178472
16 0.013281 0.459375 0.015104 0.027083
16 0.024479 0.455208 0.017708 0.024306
16 0.036719 0.451736 0.014063 0.027083
16 0.050000 0.447569 0.018750 0.025694
14 0.019531 0.378125 0.039062 0.102083
19 0.027344 0.396181 0.054688 0.107639
16 0.121615 0.443750 0.015104 0.027778
16 0.133854 0.438194 0.015625 0.026389
16 0.148438 0.436806 0.016667 0.023611
16 0.174219 0.431250 0.022396 0.020833
16 0.161979 0.464236 0.015625 0.025694
16 0.200000 0.425000 0.015625 0.023611
16 0.203906 0.454861 0.019271 0.025000
16 0.061719 0.502431 0.026562 0.032639
21 0.115104 0.482986 0.218750 0.147917
17 0.056250 0.552778 0.081250 0.033333
17 0.057552 0.577431 0.083854 0.032639
17 0.055729 0.602778 0.082292 0.033333
17 0.055990 0.628819 0.085938 0.034028
17 0.046354 0.657639 0.066667 0.030556
22 0.064062 0.621528 0.093750 0.184722
1 0.759635 0.521181 0.250521 0.352083
10 0.667708 0.138542 0.067708 0.057639
