10 0.576562 0.240625 0.106250 0.095139
22 0.460156 0.294792 0.077604 0.049306
14 0.410938 0.298611 0.042708 0.068056
14 0.049740 0.283333 0.067187 0.129167
19 0.066667 0.317014 0.062500 0.103472
30 0.010677 0.252778 0.021354 0.069444
24 0.017188 0.334028 0.034375 0.104167
26 0.329167 0.135764 0.152083 0.203472
17 0.429688 0.121875 0.059375 0.035417
27 0.410938 0.127778 0.123958 0.255556
16 0.508854 0.144792 0.008333 0.013194
16 0.388281 0.276389 0.013021 0.038889
29 0.421354 0.281944 0.153125 0.056944
28 0.263021 0.270486 0.093750 0.122917
16 0.047656 0.383681 0.015104 0.028472
16 0.058594 0.380556 0.016146 0.026389
16 0.072135 0.375694 0.014063 0.027778
16 0.085417 0.371528 0.014583 0.027778
16 0.161719 0.364931 0.014063 0.025694
16 0.174740 0.362153 0.013021 0.022917
16 0.188281 0.359375 0.015104 0.027083
16 0.215885 0.352431 0.016146 0.018750
16 0.240365 0.347569 0.014063 0.021528
16 0.204948 0.385069 0.017188 0.018750
16 0.245833 0.373264 0.017708 0.018750
16 0.247396 0.390625 0.016667 0.017361
16 0.093490 0.419444 0.020313 0.037500
21 0.152083 0.410069 0.226042 0.146528
17 0.111458 0.490972 0.084375 0.030556
17 0.112240 0.514931 0.084896 0.031250
17 0.111458 0.539583 0.085417 0.031944
17 0.105729 0.567361 0.072917 0.030556
17 0.100260 0.595486 0.059896 0.028472
17 0.096094 0.640278 0.039062 0.023611
22 0.117708 0.572222 0.093750 0.206944
5 0.324479 0.505903 0.128125 0.320139
8 0.448177 0.421528 0.004687 0.013889
12 0.454427 0.425347 0.129688 0.234028
11 0.618229 0.347569 0.055208 0.121528
10 0.679948 0.127083 0.064062 0.054167
13 0.527604 0.108681 0.029167 0.047917
2 0.629948 0.519444 0.094271 0.197222
3 0.643750 0.524306 0.083333 0.219444
4 0.527865 0.303819 0.157812 0.236806
0 0.356771 0.399653 0.167708 0.168750
1 0.551823 0.350347 0.127604 0.284028
