22 0.204687 0.859028 0.125000 0.225000
27 0.542708 0.368403 0.147917 0.314583
1 0.621094 0.385069 0.140104 0.193750
17 0.544792 0.326042 0.032292 0.036806
17 0.556510 0.357986 0.024479 0.028472
4 0.470833 0.835764 0.068750 0.328472
5 0.399740 0.851042 0.117188 0.296528
14 0.546875 0.610069 0.067708 0.106250
19 0.519271 0.636111 0.070833 0.088889
12 0.585677 0.629514 0.108854 0.131250
29 0.544531 0.556597 0.159896 0.057639
26 0.403646 0.341319 0.177083 0.238194
28 0.374740 0.520833 0.109896 0.148611
16 0.253125 0.642708 0.015625 0.027083
16 0.271354 0.641319 0.020833 0.027083
16 0.286979 0.641319 0.017708 0.027083
16 0.318750 0.638542 0.025000 0.022917
16 0.349219 0.637500 0.018229 0.031944
16 0.307292 0.680903 0.018750 0.024306
16 0.354167 0.675000 0.020833 0.026389
16 0.354167 0.698264 0.025000 0.022917
16 0.172917 0.708333 0.016667 0.025000
16 0.160938 0.620833 0.018750 0.033333
16 0.144531 0.620833 0.015104 0.033333
16 0.129167 0.622222 0.020833 0.029167
16 0.114062 0.622222 0.019792 0.033333
17 0.193490 0.768750 0.103646 0.019444
17 0.194792 0.815972 0.105208 0.019444
17 0.196615 0.847917 0.106771 0.020833
17 0.198698 0.879861 0.107813 0.022222
17 0.200521 0.912847 0.109375 0.022917
14 0.121615 0.499306 0.072396 0.134722
19 0.139063 0.537847 0.067708 0.113194
24 0.047656 0.516319 0.095312 0.129861
30 0.054427 0.401389 0.082812 0.076389
13 0.556771 0.767361 0.148958 0.287500
21 0.234896 0.673264 0.272917 0.122917
16 0.513542 0.554861 0.021875 0.040278
10 0.784896 0.362847 0.072917 0.082639
