1 0.870833 0.494792 0.258333 0.345139
3 0.784635 0.407292 0.374479 0.177083
7 0.573698 0.390625 0.070312 0.015972
11 0.534375 0.519097 0.134375 0.159028
13 0.671615 0.647222 0.099479 0.119444
2 0.577604 0.651736 0.144792 0.145139
17 0.657813 0.589236 0.047917 0.021528
14 0.480469 0.418403 0.059896 0.154861
19 0.439063 0.518056 0.047917 0.080556
0 0.415365 0.435764 0.174479 0.250694
28 0.350260 0.427778 0.084896 0.111111
27 0.510677 0.311111 0.110937 0.248611
26 0.400260 0.301389 0.102604 0.188889
16 0.407031 0.661111 0.020313 0.026389
16 0.410156 0.696181 0.019271 0.025694
16 0.380469 0.661111 0.020313 0.025000
16 0.354687 0.663194 0.020833 0.022222
16 0.339062 0.659722 0.018750 0.025000
16 0.325260 0.662847 0.016146 0.025694
16 0.366927 0.697569 0.019271 0.028472
21 0.349740 0.691667 0.151562 0.100000
24 0.084635 0.438194 0.117188 0.093056
20 0.023958 0.408333 0.044792 0.087500
20 0.007031 0.455903 0.014063 0.036806
19 0.180729 0.436806 0.052083 0.090278
14 0.171354 0.407292 0.055208 0.118750
29 0.380469 0.580556 0.060937 0.059722
30 0.078646 0.351042 0.058333 0.071528
10 0.655469 0.494792 0.121354 0.129861
5 0.021875 0.354861 0.043750 0.069444
16 0.411719 0.717361 0.018229 0.026389
16 0.530990 0.309028 0.011979 0.020833
