0 0.203125 0.830903 0.143750 0.238194
22 0.321094 0.741667 0.101562 0.184722
17 0.321615 0.805903 0.085938 0.014583
17 0.319531 0.777431 0.094271 0.015972
17 0.319792 0.751042 0.091667 0.017361
17 0.320573 0.724306 0.084896 0.013889
17 0.317188 0.698611 0.090625 0.015278
18 0.316667 0.682986 0.087500 0.011806
17 0.316667 0.662153 0.079167 0.014583
18 0.302083 0.851736 0.094792 0.013194
5 0.669792 0.186806 0.239583 0.138889
1 0.713281 0.209028 0.122396 0.183333
17 0.595052 0.354167 0.046354 0.038889
27 0.569531 0.358333 0.115104 0.244444
29 0.565104 0.500000 0.102083 0.051389
19 0.564323 0.561458 0.061979 0.071528
14 0.587240 0.538889 0.057813 0.100000
13 0.578385 0.647569 0.085938 0.227083
4 0.527604 0.732639 0.057292 0.302778
28 0.445052 0.467361 0.091146 0.116667
14 0.251563 0.435417 0.039583 0.120833
19 0.257292 0.472222 0.043750 0.098611
16 0.239844 0.532986 0.016146 0.027083
16 0.253906 0.533333 0.016146 0.023611
16 0.266146 0.533333 0.013542 0.027778
16 0.280208 0.532986 0.014583 0.028472
16 0.293229 0.597222 0.012500 0.020833
16 0.358333 0.547917 0.012500 0.025000
16 0.371094 0.548958 0.013021 0.021528
16 0.384635 0.548611 0.013021 0.025000
16 0.409375 0.548611 0.016667 0.019444
16 0.433333 0.548264 0.013542 0.024306
16 0.401302 0.579514 0.016146 0.021528
16 0.436979 0.574653 0.017708 0.018750
16 0.439844 0.593403 0.017188 0.020139
21 0.334375 0.581250 0.228125 0.100000
24 0.146354 0.457986 0.127083 0.103472
20 0.033854 0.443403 0.050000 0.097917
20 0.074219 0.422917 0.038021 0.097222
30 0.166667 0.371875 0.066667 0.063194
23 0.085938 0.611458 0.119792 0.182639
26 0.506510 0.345139 0.141146 0.188889
16 0.555729 0.498264 0.017708 0.035417
