16 0.376563 0.287847 0.012500 0.035417
11 0.541406 0.359028 0.058854 0.134722
24 0.016927 0.351042 0.033854 0.102083
30 0.011198 0.270833 0.022396 0.065278
14 0.047135 0.303472 0.066146 0.123611
19 0.063802 0.334375 0.059896 0.097917
16 0.045312 0.399306 0.013542 0.023611
16 0.056250 0.394792 0.014583 0.024306
16 0.068750 0.392014 0.011458 0.022917
16 0.080990 0.387847 0.015104 0.022917
16 0.155208 0.378472 0.013542 0.022222
16 0.168229 0.376389 0.012500 0.019444
16 0.180990 0.372917 0.015104 0.022222
16 0.205729 0.369444 0.019792 0.018056
16 0.233073 0.364236 0.015104 0.022917
16 0.196615 0.400347 0.017188 0.017361
16 0.235937 0.389583 0.017708 0.018056
16 0.235156 0.404514 0.020313 0.013194
16 0.090104 0.443750 0.016667 0.018056
21 0.145052 0.423264 0.215104 0.138194
5 0.312760 0.511111 0.124479 0.300000
17 0.109115 0.510764 0.089063 0.031250
17 0.105208 0.535069 0.081250 0.031250
17 0.104688 0.559028 0.083333 0.031944
17 0.097917 0.586111 0.068750 0.029167
17 0.086198 0.614931 0.043229 0.022917
17 0.074479 0.659722 0.018750 0.016667
22 0.111458 0.587847 0.090625 0.193750
26 0.321094 0.153819 0.152604 0.199306
28 0.253646 0.286458 0.090625 0.118750
17 0.419271 0.138194 0.056250 0.033333
27 0.400781 0.139583 0.122396 0.263889
16 0.499740 0.158681 0.008854 0.013194
29 0.410417 0.297222 0.154167 0.056944
10 0.545833 0.256597 0.095833 0.100694
13 0.480990 0.295486 0.056771 0.024306
12 0.470313 0.417014 0.143750 0.224306
8 0.463802 0.415625 0.006771 0.011806
4 0.590104 0.279514 0.188542 0.206250
13 0.520833 0.121528 0.033333 0.054167
0 0.405990 0.367361 0.157812 0.177778
1 0.616667 0.347917 0.140625 0.259722
10 0.673177 0.135417 0.064062 0.052778
