0 0.464844 0.308333 0.053646 0.125926
1 0.283854 0.116204 0.078125 0.204630
2 0.244271 0.540741 0.189583 0.074074
3 0.306771 0.150926 0.116667 0.274074
5 0.683594 0.404630 0.050521 0.094444
7 0.372135 0.308796 0.026562 0.060185
10 0.197135 0.833333 0.194271 0.333333
11 0.342187 0.659722 0.144792 0.243519
13 0.137760 0.630093 0.171354 0.232407
14 0.435937 0.530556 0.038542 0.114815
14 0.574479 0.425926 0.040625 0.090741
15 0.628125 0.323148 0.031250 0.077778
16 0.370833 0.411111 0.009375 0.018519
16 0.382292 0.426852 0.010417 0.012963
16 0.379167 0.402778 0.006250 0.012963
16 0.384896 0.397685 0.006250 0.013889
16 0.391146 0.394907 0.008333 0.013889
16 0.397656 0.389815 0.006771 0.011111
16 0.404167 0.384722 0.007292 0.012037
16 0.409635 0.380093 0.007812 0.012037
16 0.416927 0.367130 0.007812 0.017593
16 0.395833 0.415278 0.009375 0.013889
16 0.407031 0.406481 0.007812 0.014815
16 0.414583 0.402315 0.006250 0.015741
16 0.420833 0.398148 0.007292 0.014815
16 0.447135 0.368056 0.006771 0.013889
16 0.453125 0.364815 0.007292 0.012963
16 0.459375 0.360648 0.006250 0.012037
16 0.462240 0.354167 0.006771 0.010185
19 0.563542 0.458333 0.037500 0.085185
19 0.427083 0.566667 0.040625 0.096296
20 0.619010 0.344907 0.029687 0.067593
20 0.628646 0.374074 0.031250 0.068519
20 0.630729 0.392130 0.030208 0.056481
21 0.415104 0.410185 0.121875 0.129630
24 0.606250 0.443519 0.061458 0.105556
26 0.576042 0.681019 0.157292 0.237963
28 0.504948 0.582870 0.078646 0.126852
29 0.453125 0.466204 0.091667 0.093519
27 0.508594 0.869444 0.253646 0.261111
22 0.645052 0.324074 0.060937 0.081481
30 0.661458 0.479167 0.033333 0.076852
18 0.175521 0.714815 0.079167 0.100000
34 0.562240 0.202778 0.044271 0.048148
31 0.364844 0.403241 0.010937 0.025000
16 0.426302 0.361574 0.009896 0.019444
16 0.470313 0.801852 0.016667 0.027778
