28 0.417969 0.462500 0.097396 0.127778
19 0.507031 0.555556 0.066146 0.093056
14 0.526563 0.523958 0.067708 0.111806
26 0.463281 0.327778 0.136979 0.222222
1 0.559896 0.377083 0.147917 0.187500
27 0.562760 0.343056 0.107813 0.259722
3 0.532031 0.803819 0.063021 0.295139
2 0.578906 0.799306 0.032813 0.281944
29 0.383854 0.631944 0.203125 0.068056
16 0.497135 0.764931 0.018229 0.022917
16 0.499219 0.788542 0.016146 0.025694
16 0.453385 0.770139 0.021354 0.025000
16 0.490625 0.723264 0.022917 0.029861
16 0.464062 0.729167 0.022917 0.026389
16 0.436458 0.732639 0.019792 0.027778
16 0.419792 0.730903 0.016667 0.028472
16 0.405469 0.730903 0.017188 0.029861
16 0.394792 0.794792 0.017708 0.035417
16 0.315885 0.755556 0.018229 0.034722
16 0.297396 0.755556 0.021875 0.033333
16 0.281250 0.754167 0.015625 0.030556
16 0.265885 0.752778 0.018229 0.030556
21 0.377604 0.760764 0.262500 0.118750
0 0.176563 0.824306 0.143750 0.327778
24 0.108594 0.445833 0.134896 0.113889
30 0.100000 0.336806 0.066667 0.077778
20 0.038542 0.406944 0.047917 0.101389
20 0.011458 0.448958 0.022917 0.064583
19 0.223958 0.468750 0.051042 0.098611
14 0.214844 0.433333 0.050521 0.130556
16 0.802604 0.733681 0.014583 0.036806
10 0.718750 0.554167 0.079167 0.125000
5 0.029687 0.335764 0.059375 0.078472
16 0.602083 0.344792 0.012500 0.015972
11 0.557552 0.588542 0.058854 0.143750
16 0.484115 0.365625 0.026562 0.039583
13 0.756510 0.701736 0.055729 0.107639
