3 0.773958 0.726389 0.050000 0.193056
19 0.532813 0.083333 0.085417 0.105556
18 0.432812 0.465278 0.090625 0.065278
17 0.481250 0.393056 0.084375 0.077778
17 0.510938 0.294097 0.079167 0.079861
17 0.503646 0.317361 0.081250 0.079167
17 0.492708 0.336806 0.078125 0.072222
17 0.487500 0.365278 0.087500 0.079167
17 0.466406 0.435764 0.079687 0.070139
22 0.476302 0.370139 0.144271 0.247222
16 0.501823 0.124653 0.020313 0.025694
16 0.515885 0.133681 0.017188 0.022917
16 0.526563 0.147569 0.016667 0.022917
16 0.539062 0.157986 0.017708 0.021528
16 0.597917 0.239583 0.013542 0.030556
16 0.609375 0.249306 0.012500 0.019444
16 0.618229 0.262847 0.013542 0.018750
16 0.634635 0.283333 0.016146 0.018056
16 0.621615 0.300000 0.011979 0.029167
16 0.534115 0.215625 0.023438 0.038194
21 0.547396 0.227431 0.202083 0.220139
23 0.304427 0.089583 0.184896 0.179167
24 0.435677 0.037153 0.117188 0.074306
14 0.561979 0.056944 0.089583 0.113889
28 0.668229 0.237847 0.081250 0.102083
26 0.749740 0.148611 0.132812 0.137500
27 0.849740 0.216667 0.069271 0.113889
10 0.898177 0.450000 0.042188 0.065278
10 0.843750 0.505556 0.041667 0.075000
11 0.813281 0.563889 0.069271 0.126389
2 0.768490 0.707639 0.034896 0.216667
12 0.769010 0.586806 0.034896 0.097222
5 0.626042 0.526736 0.060417 0.074306
0 0.332031 0.381250 0.215104 0.208333
1 0.790365 0.400347 0.311979 0.417361
4 0.683333 0.282639 0.439583 0.250000
