25 0.414844 0.585069 0.169271 0.256250
3 0.760417 0.837500 0.036458 0.108333
10 0.856510 0.617014 0.115104 0.160417
14 0.834896 0.604514 0.071875 0.068750
24 0.410156 0.590278 0.159896 0.250000
26 0.808073 0.369792 0.144271 0.206250
30 0.484115 0.159722 0.070312 0.080556
11 0.913021 0.660069 0.077083 0.152083
28 0.591927 0.222222 0.095312 0.120833
16 0.553385 0.646528 0.018229 0.026389
29 0.388542 0.263542 0.196875 0.090972
17 0.878906 0.770833 0.040104 0.026389
5 0.349219 0.094444 0.190104 0.108333
20 0.319531 0.163889 0.029687 0.105556
20 0.371875 0.174306 0.033333 0.105556
20 0.422396 0.182986 0.038542 0.103472
22 0.200521 0.137847 0.137500 0.142361
34 0.930990 0.923611 0.027604 0.127778
15 0.323177 0.129861 0.028646 0.133333
14 0.497396 0.352431 0.076042 0.136806
27 0.887500 0.443403 0.145833 0.235417
16 0.557552 0.583333 0.015104 0.016667
16 0.572656 0.591667 0.018229 0.019444
16 0.600781 0.610417 0.022396 0.023611
16 0.600000 0.705208 0.018750 0.024306
21 0.575521 0.656250 0.145833 0.179167
6 0.494271 0.541319 0.068750 0.042361
19 0.815885 0.614236 0.034896 0.049306
13 0.896354 0.873264 0.087500 0.115972
16 0.892969 0.452431 0.003646 0.014583
1 0.718750 0.699653 0.211458 0.271528
2 0.658594 0.628125 0.295312 0.175694
19 0.479167 0.390972 0.068750 0.111111
0 0.310417 0.554514 0.293750 0.256250
