1 0.682031 0.930093 0.069271 0.139815
0 0.476562 0.733333 0.064583 0.161111
2 0.721875 0.674074 0.103125 0.144444
3 0.666667 0.886111 0.098958 0.227778
10 0.815625 0.514352 0.109375 0.113889
11 0.710156 0.531019 0.099479 0.121296
13 0.797917 0.675926 0.085417 0.105556
14 0.646354 0.525463 0.035417 0.045370
14 0.471615 0.469444 0.023438 0.042593
16 0.614062 0.671296 0.008333 0.018519
16 0.585156 0.667130 0.007812 0.019444
16 0.527083 0.676389 0.008333 0.017593
16 0.520312 0.675000 0.007292 0.016667
16 0.614062 0.695370 0.009375 0.018519
16 0.728385 0.332870 0.011979 0.019444
16 0.591406 0.695833 0.007812 0.013889
16 0.553906 0.703704 0.007812 0.016667
16 0.513021 0.675463 0.008333 0.017593
16 0.570312 0.666667 0.007292 0.020370
16 0.576823 0.666667 0.007812 0.018519
16 0.600000 0.668981 0.007292 0.017593
16 0.505469 0.676852 0.007812 0.014815
13 0.282292 0.373148 0.134375 0.087037
24 0.403385 0.448611 0.074479 0.093519
26 0.622396 0.300000 0.098958 0.185185
27 0.724219 0.278704 0.122396 0.279630
28 0.586979 0.442130 0.060417 0.102778
29 0.565365 0.583333 0.106771 0.050000
30 0.373698 0.342130 0.047396 0.073148
21 0.558333 0.673148 0.122917 0.077778
22 0.225521 0.512037 0.076042 0.146296
34 0.146094 0.837500 0.022396 0.139815
19 0.632031 0.519907 0.025521 0.047222
19 0.478906 0.472222 0.022396 0.046296
16 0.613281 0.712037 0.008854 0.016667
18 0.794010 0.609259 0.046354 0.020370
7 0.609896 0.752778 0.020833 0.050000
16 0.540885 0.703704 0.008854 0.016667
15 0.301823 0.512500 0.034896 0.028704
20 0.332292 0.468981 0.032292 0.030556
20 0.313281 0.512037 0.026562 0.025926
20 0.354948 0.443056 0.026562 0.030556
16 0.891667 0.716667 0.011458 0.040741
