28 0.069010 0.440278 0.093229 0.120833
26 0.311458 0.335417 0.126042 0.161111
27 0.460938 0.341667 0.135417 0.279167
6 0.518229 0.553472 0.013542 0.018056
2 0.568229 0.417708 0.107292 0.274306
10 0.478906 0.531944 0.144271 0.258333
11 0.600521 0.540278 0.131250 0.136111
14 0.388021 0.641319 0.048958 0.111806
19 0.383073 0.679861 0.050521 0.080556
3 0.429948 0.822222 0.080729 0.336111
16 0.219271 0.878819 0.019792 0.036806
16 0.235156 0.874653 0.016146 0.036806
16 0.252083 0.875347 0.017708 0.034028
16 0.158333 0.944792 0.016667 0.035417
16 0.205208 0.941667 0.017708 0.034722
16 0.269792 0.918056 0.022917 0.034722
16 0.302604 0.869444 0.016667 0.034722
16 0.305990 0.912153 0.018229 0.034028
16 0.323437 0.910764 0.018750 0.035417
21 0.232292 0.896875 0.230208 0.122917
16 0.461719 0.350694 0.013021 0.016667
34 0.789844 0.741667 0.045312 0.145833
13 0.728646 0.755208 0.059375 0.124306
0 0.356771 0.422222 0.207292 0.156944
1 0.590365 0.452431 0.113021 0.295139
