16 0.426302 0.258681 0.023438 0.038194
16 0.448958 0.261806 0.026042 0.033333
16 0.468490 0.261458 0.021354 0.039583
16 0.488542 0.264583 0.020833 0.040278
16 0.561719 0.300000 0.025521 0.040278
16 0.642448 0.284722 0.020313 0.025000
16 0.598958 0.304167 0.021875 0.038889
16 0.615365 0.306250 0.018229 0.034722
16 0.547917 0.371528 0.025000 0.041667
16 0.508333 0.367014 0.030208 0.039583
21 0.524219 0.332639 0.259896 0.152778
24 0.473958 0.592361 0.273958 0.250000
25 0.488281 0.634375 0.314063 0.207639
6 0.440625 0.538542 0.087500 0.077083
2 0.722656 0.295486 0.554688 0.513194
0 0.254427 0.618403 0.284896 0.409028
1 0.836719 0.342014 0.326562 0.684028
28 0.577865 0.103819 0.136979 0.168750
19 0.650260 0.201042 0.074479 0.129861
14 0.661458 0.185069 0.052083 0.097917
26 0.701562 0.059722 0.136458 0.119444
19 0.402344 0.138889 0.069271 0.147222
14 0.414323 0.089583 0.071354 0.179167
20 0.312240 0.122222 0.050521 0.137500
15 0.301563 0.075694 0.047917 0.151389
20 0.187500 0.039583 0.050000 0.079167
20 0.221354 0.025694 0.039583 0.051389
22 0.096615 0.055208 0.129688 0.110417
