10 0.759896 0.279167 0.150000 0.169444
4 0.818750 0.609028 0.054167 0.351389
22 0.109375 0.084722 0.133333 0.168056
20 0.175781 0.081597 0.059896 0.122917
20 0.206250 0.059375 0.054167 0.118750
15 0.273698 0.136111 0.054688 0.154167
20 0.288021 0.189236 0.053125 0.125694
30 0.273177 0.043750 0.089063 0.081944
14 0.412500 0.170486 0.063542 0.178472
19 0.405208 0.225694 0.060417 0.130556
16 0.392969 0.323264 0.028646 0.035417
16 0.414583 0.325347 0.025000 0.032639
16 0.433854 0.323958 0.019792 0.036806
16 0.454167 0.326389 0.022917 0.034722
16 0.529948 0.355208 0.021354 0.031250
16 0.491146 0.426736 0.029167 0.028472
16 0.564323 0.360417 0.018229 0.036111
16 0.581771 0.361806 0.018750 0.033333
16 0.606771 0.345486 0.012500 0.035417
14 0.658594 0.239236 0.106771 0.149306
19 0.629167 0.281944 0.090625 0.120833
26 0.703646 0.087847 0.196875 0.175694
16 0.825260 0.114931 0.014063 0.050694
27 0.786719 0.111806 0.130729 0.223611
17 0.886719 0.257292 0.047396 0.031250
10 0.973698 0.157292 0.052604 0.071528
11 0.873437 0.364931 0.104167 0.164583
5 0.927344 0.585069 0.051562 0.281250
3 0.781771 0.604861 0.040625 0.272222
21 0.490104 0.396875 0.250000 0.142361
24 0.442708 0.602778 0.192708 0.175000
25 0.442448 0.675000 0.258854 0.254167
6 0.406771 0.526736 0.081250 0.052083
2 0.629167 0.365972 0.413542 0.323611
0 0.260937 0.633333 0.245833 0.402778
1 0.738021 0.451736 0.258333 0.434028
28 0.549479 0.163194 0.129167 0.161111
