16 0.263021 0.971181 0.031250 0.038194
16 0.280729 0.960417 0.028125 0.040278
16 0.297396 0.947569 0.027083 0.039583
16 0.316406 0.938542 0.028646 0.038194
16 0.332813 0.925347 0.020833 0.043750
16 0.350000 0.917708 0.030208 0.035417
16 0.358594 0.943750 0.024479 0.040278
16 0.345313 0.956597 0.029167 0.029861
16 0.426563 0.344444 0.013542 0.023611
21 0.291146 0.946528 0.232292 0.106944
29 0.139844 0.879861 0.238021 0.147222
28 0.192708 0.695833 0.143750 0.184722
14 0.050260 0.701736 0.100521 0.127083
19 0.073698 0.731944 0.094271 0.112500
27 0.436979 0.391319 0.143750 0.264583
26 0.305469 0.453819 0.178646 0.290972
1 0.501823 0.337153 0.189062 0.181250
2 0.548177 0.914583 0.139063 0.170833
4 0.613021 0.867014 0.133333 0.256250
3 0.453385 0.930903 0.148438 0.138194
10 0.461719 0.732292 0.208854 0.246528
11 0.556510 0.626042 0.173437 0.196528
10 0.817708 0.460764 0.096875 0.128472
