1 0.514583 0.754630 0.072917 0.140741
2 0.496354 0.742593 0.062500 0.044444
34 0.121615 0.721759 0.044271 0.119444
22 0.315365 0.380093 0.055729 0.126852
20 0.361719 0.417593 0.029687 0.035185
20 0.373437 0.397222 0.028125 0.035185
30 0.402083 0.356944 0.043750 0.054630
15 0.420573 0.504167 0.022396 0.026852
14 0.456250 0.511111 0.023958 0.044444
20 0.430990 0.506481 0.013021 0.024074
19 0.465885 0.505093 0.021354 0.047222
28 0.537240 0.450926 0.054688 0.098148
14 0.577865 0.521296 0.023438 0.044444
19 0.565625 0.517593 0.019792 0.046296
16 0.470052 0.580556 0.008854 0.020370
16 0.477344 0.581019 0.008854 0.017593
16 0.485677 0.579630 0.007812 0.020370
16 0.492448 0.580556 0.006771 0.020370
16 0.498177 0.631019 0.010937 0.021296
16 0.511979 0.631481 0.009375 0.022222
16 0.521094 0.594907 0.007812 0.019444
16 0.534115 0.595370 0.006771 0.018519
16 0.541406 0.595833 0.007812 0.017593
16 0.556771 0.581481 0.007292 0.018519
16 0.576562 0.597685 0.009375 0.013889
16 0.577865 0.619444 0.009896 0.012963
16 0.578125 0.634259 0.011458 0.014815
21 0.523438 0.605093 0.122917 0.067593
10 0.640104 0.541667 0.085417 0.101852
26 0.618750 0.347222 0.108333 0.151852
16 0.724219 0.315278 0.014063 0.015741
27 0.713542 0.279630 0.115625 0.288889
16 0.665104 0.452315 0.009375 0.019444
29 0.690104 0.454630 0.108333 0.055556
11 0.720573 0.544444 0.095312 0.107407
5 0.778906 0.711111 0.050521 0.225926
4 0.674740 0.713889 0.036979 0.233333
3 0.652344 0.705556 0.035937 0.207407
24 0.475781 0.744907 0.069271 0.095370
25 0.475521 0.769907 0.075000 0.067593
0 0.417187 0.758796 0.077083 0.132407
6 0.463021 0.736574 0.010417 0.010185
17 0.801562 0.407870 0.047917 0.025000
