16 0.289062 0.834375 0.033333 0.029861
16 0.299219 0.878472 0.028646 0.037500
16 0.304948 0.906250 0.032813 0.029167
16 0.249219 0.847222 0.031771 0.030556
16 0.243750 0.906250 0.034375 0.029167
16 0.212240 0.862500 0.022396 0.037500
16 0.190104 0.864931 0.023958 0.045139
16 0.174219 0.872917 0.026562 0.038889
16 0.138802 0.971181 0.022396 0.043750
16 0.065885 0.878472 0.025521 0.044444
16 0.046354 0.882986 0.023958 0.039583
16 0.030729 0.890972 0.022917 0.043056
16 0.014844 0.893750 0.020313 0.041667
21 0.174479 0.893056 0.318750 0.212500
19 0.025260 0.686111 0.050521 0.095833
14 0.247135 0.623264 0.071354 0.132639
19 0.263542 0.665278 0.064583 0.097222
5 0.407292 0.839236 0.180208 0.321528
4 0.483854 0.862153 0.139583 0.275694
2 0.527344 0.857292 0.116146 0.286806
3 0.567448 0.842361 0.080729 0.316667
12 0.482292 0.620486 0.191667 0.211806
13 0.587760 0.570139 0.091146 0.144444
16 0.429427 0.475694 0.021354 0.050000
29 0.469010 0.480556 0.194271 0.076389
10 0.729688 0.503819 0.107292 0.109028
11 0.637760 0.391319 0.132812 0.118750
1 0.541667 0.377083 0.150000 0.198611
10 0.721615 0.207639 0.079687 0.076389
16 0.525781 0.246528 0.014063 0.019444
27 0.451302 0.328472 0.148438 0.227778
26 0.299740 0.392014 0.198437 0.320139
28 0.156771 0.548611 0.138542 0.188889
