4 0.557813 0.587500 0.021875 0.106944
3 0.561198 0.705903 0.118229 0.306250
10 0.451302 0.446875 0.184896 0.293750
24 0.253646 0.901042 0.101042 0.189583
30 0.027083 0.442014 0.054167 0.097917
16 0.237500 0.658681 0.017708 0.034028
16 0.269531 0.645833 0.017188 0.034722
16 0.285156 0.636806 0.018229 0.033333
16 0.312760 0.603125 0.021354 0.027083
16 0.364063 0.602778 0.017708 0.030556
16 0.373437 0.640625 0.017708 0.031250
16 0.382552 0.664931 0.020313 0.025694
16 0.267188 0.715278 0.019792 0.030556
21 0.314063 0.668750 0.175000 0.183333
14 0.330729 0.469792 0.042708 0.131250
19 0.337760 0.512847 0.053646 0.102083
6 0.440104 0.486458 0.012500 0.020139
5 0.749479 0.595139 0.129167 0.259722
10 0.731250 0.128472 0.075000 0.069444
16 0.499219 0.205903 0.011979 0.010417
27 0.452604 0.172917 0.120833 0.277778
26 0.370833 0.214931 0.158333 0.152083
11 0.594531 0.450000 0.163021 0.173611
2 0.545573 0.283681 0.202604 0.381250
0 0.367969 0.303819 0.151562 0.154861
1 0.568229 0.349306 0.177083 0.454167
