22 0.075781 0.245139 0.117188 0.161111
20 0.154427 0.220139 0.055729 0.108333
20 0.131771 0.245833 0.065625 0.111111
30 0.213281 0.197917 0.078646 0.081944
20 0.212500 0.310069 0.035417 0.053472
15 0.202604 0.284375 0.055208 0.103472
19 0.248438 0.256597 0.066667 0.120139
14 0.232813 0.215972 0.069792 0.148611
24 0.123177 0.363889 0.118229 0.186111
19 0.364844 0.293056 0.053646 0.122222
14 0.357552 0.247917 0.053646 0.152778
16 0.306510 0.375694 0.021354 0.077778
29 0.378125 0.392014 0.223958 0.077083
0 0.247135 0.447569 0.148438 0.257639
28 0.461719 0.282292 0.116146 0.152083
26 0.586198 0.132292 0.149479 0.249306
16 0.739844 0.176389 0.018229 0.051389
27 0.694531 0.143056 0.135937 0.286111
17 0.816406 0.299306 0.051562 0.023611
11 0.770312 0.417361 0.126042 0.166667
10 0.670052 0.413542 0.186979 0.185417
2 0.690365 0.596528 0.106771 0.206944
4 0.734375 0.582639 0.066667 0.188889
3 0.787500 0.490972 0.425000 0.163889
1 0.882812 0.502083 0.234375 0.406944
7 0.538281 0.572222 0.113021 0.047222
5 0.896094 0.712153 0.044271 0.099306
16 0.533594 0.579514 0.020313 0.036806
16 0.556250 0.488889 0.023958 0.033333
16 0.559635 0.510069 0.018229 0.036806
16 0.542708 0.513194 0.023958 0.030556
16 0.540625 0.486806 0.018750 0.033333
16 0.524479 0.490625 0.018750 0.036806
16 0.507031 0.490278 0.020313 0.036111
16 0.472917 0.492014 0.020833 0.038194
16 0.368229 0.497569 0.022917 0.036806
16 0.352344 0.501389 0.023438 0.037500
16 0.334115 0.503819 0.021354 0.040972
16 0.316406 0.501042 0.020313 0.038194
16 0.297396 0.505556 0.025000 0.033333
21 0.429167 0.555556 0.293750 0.138889
