30 0.328646 0.664352 0.061458 0.108333
20 0.332292 0.708796 0.033333 0.089815
16 0.573438 0.625000 0.014583 0.022222
16 0.578385 0.604630 0.013021 0.014815
16 0.585156 0.585648 0.015104 0.017593
16 0.589583 0.567593 0.012500 0.016667
16 0.594010 0.547222 0.011979 0.016667
16 0.558073 0.549074 0.015104 0.014815
16 0.560417 0.539352 0.013542 0.013889
16 0.561979 0.530093 0.012500 0.013889
16 0.565365 0.522685 0.013021 0.013889
16 0.567708 0.515278 0.012500 0.015741
16 0.570052 0.507407 0.014063 0.016667
16 0.579167 0.509722 0.012500 0.013889
16 0.577083 0.519444 0.012500 0.014815
21 0.569271 0.599074 0.070833 0.164815
29 0.492708 0.591204 0.056250 0.165741
0 0.487500 0.613889 0.064583 0.124074
20 0.441927 0.668056 0.020313 0.086111
19 0.387760 0.647685 0.036979 0.100926
15 0.438542 0.639815 0.019792 0.111111
14 0.380990 0.612037 0.035937 0.116667
14 0.407552 0.547685 0.030729 0.119444
19 0.413021 0.581944 0.032292 0.093519
28 0.467448 0.509259 0.059896 0.109259
17 0.533854 0.293981 0.020833 0.037963
26 0.456250 0.364815 0.073958 0.174074
27 0.457031 0.286111 0.113021 0.207407
3 0.610156 0.306019 0.065104 0.275000
1 0.624219 0.284722 0.083854 0.169444
5 0.620052 0.348148 0.024479 0.033333
4 0.626302 0.429167 0.073438 0.067593
2 0.623437 0.475000 0.104167 0.055556
10 0.561458 0.425000 0.070833 0.151852
11 0.569531 0.351389 0.069271 0.089815
24 0.389583 0.812037 0.123958 0.185185
20 0.332292 0.744907 0.031250 0.099074
22 0.258073 0.862037 0.148438 0.214815
