20 0.348177 0.273611 0.029687 0.097222
20 0.328385 0.290625 0.033854 0.099306
20 0.289844 0.314236 0.036979 0.099306
15 0.281250 0.278819 0.038542 0.114583
30 0.423177 0.245833 0.063021 0.065278
24 0.419010 0.345486 0.092188 0.136806
23 0.316406 0.462153 0.113021 0.164583
17 0.417448 0.444444 0.084896 0.026389
17 0.416146 0.465278 0.087500 0.027778
17 0.413281 0.487500 0.086979 0.026389
17 0.411719 0.510417 0.090104 0.029167
17 0.417448 0.534375 0.058854 0.024306
17 0.412240 0.571181 0.029687 0.018750
22 0.413542 0.518403 0.098958 0.177083
0 0.339844 0.586458 0.141146 0.178472
1 0.485156 0.638542 0.134896 0.235417
16 0.506771 0.481250 0.019792 0.030556
16 0.520833 0.484375 0.019792 0.027083
16 0.533333 0.485417 0.018750 0.031944
16 0.547917 0.487500 0.017708 0.030556
16 0.589063 0.556250 0.017708 0.026389
16 0.626823 0.514236 0.019271 0.027083
16 0.638802 0.514583 0.011979 0.025000
16 0.650260 0.519444 0.017188 0.019444
16 0.673438 0.522222 0.017708 0.019444
16 0.697135 0.526736 0.019271 0.020139
16 0.666406 0.552778 0.021354 0.022222
16 0.700000 0.555556 0.019792 0.018056
16 0.701823 0.572569 0.020313 0.020139
21 0.594010 0.539931 0.222396 0.127083
19 0.514844 0.364236 0.052604 0.103472
14 0.525521 0.327431 0.051042 0.125694
28 0.621354 0.348958 0.093750 0.117361
17 0.812240 0.270833 0.047396 0.045833
16 0.832292 0.292708 0.009375 0.014583
14 0.704688 0.399306 0.070833 0.111111
19 0.686458 0.429514 0.066667 0.096528
16 0.778385 0.393056 0.020313 0.036111
29 0.798958 0.405903 0.112500 0.077083
26 0.733854 0.303819 0.139583 0.193750
27 0.795052 0.270486 0.096354 0.242361
12 0.803125 0.483681 0.120833 0.134028
13 0.883594 0.505556 0.089063 0.119444
10 0.946875 0.517014 0.091667 0.122917
11 0.897656 0.417708 0.098437 0.118750
10 0.968229 0.320486 0.062500 0.071528
5 0.750260 0.617014 0.089063 0.293750
4 0.791927 0.675347 0.069271 0.295139
2 0.816146 0.671181 0.053125 0.256250
3 0.840885 0.669444 0.046354 0.247222
