23 0.281250 0.661458 0.166667 0.290972
17 0.442969 0.671875 0.109896 0.053472
17 0.437500 0.705903 0.112500 0.050694
17 0.432292 0.740625 0.113542 0.047917
17 0.427083 0.774653 0.115625 0.045139
17 0.421615 0.810764 0.118229 0.045139
22 0.419792 0.748611 0.157292 0.268056
16 0.567969 0.739236 0.022396 0.034028
16 0.581510 0.740972 0.018229 0.036111
16 0.596094 0.739583 0.019271 0.038889
16 0.610677 0.739236 0.013021 0.036806
16 0.644010 0.826736 0.014063 0.034028
16 0.677083 0.765972 0.015625 0.034722
16 0.686719 0.763542 0.009896 0.032639
16 0.695312 0.763542 0.010417 0.024306
16 0.712240 0.763194 0.010937 0.020833
16 0.727344 0.762153 0.015104 0.021528
16 0.705990 0.803125 0.011979 0.021528
16 0.729167 0.795486 0.015625 0.020139
16 0.729167 0.814236 0.021875 0.020139
21 0.625000 0.785069 0.203125 0.121528
0 0.507031 0.979514 0.104688 0.039583
5 0.737500 0.829167 0.052083 0.302778
10 0.901563 0.476042 0.053125 0.082639
14 0.730208 0.639236 0.058333 0.046528
19 0.719271 0.648264 0.078125 0.060417
19 0.565885 0.551042 0.098437 0.106250
14 0.596094 0.519444 0.119271 0.113889
28 0.655990 0.529167 0.085938 0.134722
24 0.437760 0.485417 0.123438 0.233333
20 0.346354 0.359722 0.060417 0.127778
20 0.315625 0.386111 0.055208 0.127778
20 0.253646 0.423611 0.043750 0.116667
15 0.260677 0.375347 0.045312 0.160417
17 0.450000 0.315625 0.090625 0.050694
30 0.440625 0.314236 0.091667 0.110417
1 0.536719 0.276042 0.188021 0.185417
27 0.827083 0.362847 0.094792 0.102083
