16 0.567187 0.807639 0.022917 0.031944
16 0.535677 0.815278 0.021354 0.038889
16 0.513021 0.726736 0.020833 0.032639
16 0.543229 0.726736 0.019792 0.035417
16 0.560156 0.726736 0.018229 0.034028
16 0.574479 0.722222 0.017708 0.033333
16 0.588802 0.722917 0.021354 0.030556
16 0.592708 0.745486 0.015625 0.034028
16 0.577083 0.748264 0.020833 0.027083
16 0.415365 0.731944 0.018229 0.037500
16 0.398177 0.733681 0.021354 0.035417
16 0.361979 0.731944 0.019792 0.036111
16 0.343750 0.734375 0.020833 0.038194
21 0.465104 0.779861 0.279167 0.127778
16 0.355208 0.612847 0.019792 0.049306
29 0.415104 0.615625 0.225000 0.068750
28 0.498177 0.505903 0.113021 0.149306
19 0.382552 0.508333 0.050521 0.104167
14 0.383854 0.452083 0.050000 0.152778
20 0.273438 0.556250 0.042708 0.080556
15 0.267448 0.535069 0.031771 0.070139
0 0.320312 0.358681 0.187500 0.182639
22 0.110677 0.409375 0.119271 0.150694
20 0.156510 0.394792 0.025521 0.036806
6 0.432812 0.391667 0.056250 0.075000
2 0.595573 0.189583 0.311979 0.379167
1 0.688281 0.231597 0.290104 0.463194
26 0.587500 0.374306 0.078125 0.226389
17 0.821875 0.494097 0.042708 0.017361
11 0.833333 0.612847 0.036458 0.109028
5 0.882031 0.802431 0.075521 0.264583
10 0.977604 0.617708 0.044792 0.120139
