29 0.679427 0.453241 0.088021 0.054630
34 0.122135 0.721296 0.044271 0.120370
0 0.417448 0.741204 0.056771 0.139815
24 0.497396 0.712500 0.070833 0.091667
2 0.624479 0.693519 0.035417 0.187037
3 0.655990 0.700463 0.035937 0.199074
4 0.676562 0.698611 0.040625 0.199074
16 0.579427 0.633796 0.011979 0.017593
16 0.579427 0.620833 0.010937 0.017593
16 0.579167 0.596296 0.009375 0.022222
16 0.558073 0.582870 0.009896 0.021296
16 0.542969 0.595370 0.008854 0.022222
16 0.536198 0.595833 0.008854 0.023148
16 0.522917 0.593981 0.009375 0.019444
16 0.507292 0.631481 0.009375 0.022222
16 0.486458 0.581944 0.008333 0.023148
16 0.494531 0.581944 0.009896 0.021296
16 0.470573 0.581944 0.009896 0.019444
16 0.477865 0.583333 0.009896 0.020370
21 0.524740 0.605093 0.123438 0.069444
20 0.430208 0.504167 0.014583 0.023148
15 0.420312 0.503704 0.023958 0.029630
14 0.465625 0.514352 0.023958 0.045370
19 0.473698 0.510185 0.021354 0.048148
14 0.574479 0.533333 0.028125 0.046296
19 0.565104 0.526389 0.022917 0.047222
28 0.536719 0.450926 0.056771 0.100000
10 0.638802 0.532870 0.085938 0.104630
11 0.701823 0.543981 0.057813 0.108333
16 0.665104 0.449537 0.009375 0.026852
27 0.701042 0.332407 0.091667 0.174074
1 0.726302 0.420833 0.082812 0.180556
26 0.619792 0.346759 0.111458 0.152778
17 0.801042 0.407407 0.048958 0.025926
5 0.782031 0.710648 0.046354 0.230556
30 0.402344 0.356481 0.044271 0.055556
22 0.316146 0.379630 0.056250 0.129630
20 0.372917 0.397222 0.029167 0.037037
20 0.360677 0.417130 0.029687 0.036111
