22 0.027604 0.451042 0.055208 0.152083
15 0.126823 0.488542 0.066146 0.089583
20 0.056771 0.453125 0.059375 0.088194
20 0.076563 0.427431 0.055208 0.090972
20 0.139323 0.516319 0.044271 0.063194
14 0.196875 0.452083 0.047917 0.069444
26 0.472917 0.272917 0.145833 0.212500
16 0.586198 0.262500 0.010937 0.044444
10 0.786458 0.181597 0.045833 0.053472
29 0.590365 0.385417 0.149479 0.045833
11 0.676042 0.463542 0.134375 0.163194
10 0.546875 0.459722 0.159375 0.177778
4 0.648177 0.653819 0.063021 0.228472
3 0.625260 0.687847 0.094271 0.261806
19 0.426302 0.499306 0.048438 0.084722
16 0.461979 0.575347 0.015625 0.029861
16 0.470833 0.610417 0.017708 0.027778
16 0.474740 0.630556 0.023438 0.022222
16 0.415885 0.568750 0.020313 0.026389
16 0.389062 0.596528 0.016667 0.026389
16 0.374479 0.599653 0.014583 0.031250
16 0.345052 0.605208 0.017188 0.027083
16 0.367448 0.662847 0.018229 0.031250
16 0.320573 0.677431 0.021354 0.022917
21 0.381771 0.634375 0.216667 0.161806
24 0.321354 0.834375 0.172917 0.189583
6 0.553385 0.421875 0.081771 0.056250
2 0.786719 0.255208 0.426563 0.334028
0 0.373698 0.387153 0.161979 0.200694
1 0.871354 0.354861 0.257292 0.461111
30 0.129948 0.394097 0.072396 0.085417
14 0.433854 0.451736 0.046875 0.125694
27 0.562760 0.223264 0.131771 0.281250
