20 0.183594 0.090972 0.052604 0.130556
20 0.155208 0.115972 0.058333 0.130556
20 0.103906 0.154861 0.065104 0.125000
15 0.085938 0.109722 0.072917 0.150000
30 0.293750 0.048264 0.087500 0.084028
24 0.275781 0.181944 0.134896 0.184722
14 0.413802 0.155208 0.064062 0.172917
19 0.400000 0.205208 0.066667 0.138194
28 0.549740 0.190972 0.122396 0.155556
19 0.629427 0.306597 0.090104 0.115972
14 0.657813 0.270833 0.102083 0.137500
17 0.798698 0.129167 0.051562 0.066667
26 0.696094 0.135069 0.183854 0.238194
27 0.778125 0.115625 0.135417 0.231250
23 0.136719 0.356597 0.151562 0.229861
18 0.246875 0.589583 0.117708 0.034722
17 0.260937 0.326389 0.113542 0.026389
17 0.257031 0.356597 0.115104 0.028472
17 0.253385 0.387847 0.116146 0.027083
17 0.250260 0.419792 0.118229 0.027083
17 0.247135 0.454514 0.120313 0.027083
17 0.244010 0.506250 0.111979 0.026389
22 0.252344 0.427778 0.145313 0.240278
16 0.376823 0.374306 0.027604 0.040278
16 0.396875 0.378472 0.027083 0.034722
16 0.414844 0.377431 0.021354 0.039583
16 0.433594 0.382639 0.023438 0.040278
16 0.490104 0.476042 0.025000 0.049306
8 0.503906 0.477083 0.028646 0.020833
16 0.542188 0.422222 0.020833 0.038889
16 0.557813 0.422569 0.017708 0.029861
16 0.574479 0.423611 0.018750 0.015278
16 0.592187 0.477778 0.026042 0.029167
16 0.605469 0.436111 0.026562 0.023611
16 0.635417 0.442014 0.022917 0.027083
16 0.635417 0.481597 0.026042 0.027083
16 0.635417 0.505556 0.027083 0.026389
4 0.728125 0.302431 0.430208 0.343750
0 0.419010 0.568403 0.169271 0.313194
21 0.488281 0.455556 0.302604 0.158333
5 0.672917 0.563194 0.065625 0.316667
10 0.918490 0.449306 0.096354 0.119444
1 0.838802 0.390625 0.299479 0.461806
