20 0.208073 0.164931 0.048438 0.115972
20 0.184896 0.189236 0.054167 0.115972
20 0.139583 0.225694 0.058333 0.112500
15 0.123438 0.188542 0.060417 0.136806
30 0.297396 0.115625 0.073958 0.071528
24 0.297396 0.233681 0.105208 0.159028
19 0.411198 0.238542 0.056771 0.124306
14 0.421354 0.194097 0.053125 0.152083
28 0.538021 0.208681 0.110417 0.134028
13 0.851562 0.373264 0.063542 0.120139
10 0.899219 0.376042 0.093229 0.125694
11 0.855990 0.279861 0.075521 0.112500
10 0.906510 0.168403 0.064062 0.065972
23 0.186198 0.400347 0.123438 0.215972
17 0.303646 0.366319 0.101042 0.029861
17 0.305208 0.391667 0.104167 0.030556
17 0.305990 0.418403 0.104688 0.031250
17 0.285938 0.527778 0.029167 0.023611
22 0.312760 0.456944 0.122396 0.219444
16 0.408333 0.382986 0.023958 0.039583
16 0.610677 0.405903 0.022396 0.021528
16 0.636979 0.409028 0.021875 0.022222
16 0.642188 0.441667 0.018750 0.022222
16 0.644010 0.461458 0.022396 0.024306
21 0.516406 0.440278 0.264062 0.112500
17 0.402083 0.609028 0.123958 0.116667
0 0.256510 0.538194 0.295312 0.272222
5 0.602344 0.293056 0.442188 0.586111
1 0.728646 0.249306 0.292708 0.498611
9 0.433073 0.553472 0.163021 0.173611
