21 0.560156 0.607870 0.077604 0.206481
19 0.332292 0.707407 0.033333 0.088889
29 0.492448 0.591667 0.056771 0.164815
24 0.389583 0.812037 0.123958 0.185185
22 0.257812 0.861574 0.148958 0.213889
19 0.333333 0.744444 0.033333 0.100000
30 0.329167 0.662037 0.062500 0.103704
19 0.392448 0.643519 0.035937 0.100000
19 0.443750 0.572685 0.030208 0.095370
20 0.441146 0.669444 0.021875 0.088889
14 0.380990 0.596759 0.043229 0.134259
14 0.439844 0.540741 0.029687 0.112963
15 0.436458 0.640278 0.020833 0.113889
28 0.467708 0.508796 0.058333 0.110185
16 0.539323 0.620370 0.015104 0.025926
16 0.577865 0.617130 0.014063 0.025000
16 0.582031 0.594444 0.014063 0.018519
16 0.585677 0.574074 0.014063 0.014815
16 0.591146 0.555093 0.013542 0.015741
16 0.556771 0.548611 0.013542 0.017593
16 0.592708 0.537500 0.011458 0.010185
16 0.562240 0.529167 0.014063 0.013889
16 0.564844 0.519907 0.013021 0.015741
16 0.569010 0.514352 0.010937 0.012037
26 0.451302 0.361574 0.070312 0.171296
17 0.535937 0.289815 0.016667 0.029630
27 0.425521 0.244444 0.055208 0.124074
0 0.444792 0.231944 0.068750 0.089815
1 0.487760 0.214352 0.065104 0.060185
11 0.582031 0.332407 0.050521 0.046296
10 0.626823 0.191667 0.023438 0.031481
