19 0.315365 0.069792 0.063021 0.139583
17 0.377083 0.530208 0.135417 0.092361
20 0.041667 0.056597 0.078125 0.113194
20 0.076042 0.039583 0.057292 0.079167
24 0.179167 0.089236 0.135417 0.178472
14 0.310677 0.050694 0.049479 0.100000
28 0.481510 0.050694 0.134896 0.101389
14 0.611979 0.081597 0.086458 0.161806
19 0.569271 0.126736 0.069792 0.136806
17 0.209115 0.207639 0.121354 0.030556
17 0.207552 0.239236 0.122396 0.032639
17 0.205208 0.275000 0.125000 0.033333
17 0.203906 0.310069 0.126562 0.034028
17 0.202344 0.347222 0.128646 0.034722
18 0.206771 0.380208 0.126042 0.035417
22 0.209375 0.321181 0.140625 0.264583
16 0.295573 0.245139 0.029687 0.041667
16 0.317708 0.246528 0.026042 0.038889
16 0.339844 0.241319 0.023438 0.039583
16 0.362240 0.239931 0.021354 0.040972
16 0.488281 0.261458 0.024479 0.036806
16 0.507552 0.259722 0.020313 0.033333
16 0.528125 0.263542 0.022917 0.031250
16 0.455469 0.335417 0.024479 0.051389
21 0.445573 0.317361 0.343229 0.158333
23 0.064583 0.298958 0.129167 0.272917
10 0.922396 0.280208 0.069792 0.092361
5 0.629427 0.469444 0.039062 0.158333
4 0.664062 0.255208 0.557292 0.510417
8 0.383854 0.508333 0.020833 0.030556
0 0.248958 0.570833 0.241667 0.305556
1 0.784375 0.286806 0.418750 0.573611
