16 0.447656 0.375000 0.014063 0.019444
30 0.025521 0.443750 0.051042 0.093056
14 0.072135 0.516667 0.059896 0.086111
15 0.026823 0.556944 0.053646 0.083333
19 0.090885 0.545139 0.043229 0.058333
20 0.034375 0.585417 0.068750 0.080556
28 0.214583 0.422222 0.068750 0.079167
26 0.349219 0.270833 0.158854 0.200000
16 0.476302 0.235764 0.011979 0.010417
27 0.447396 0.220139 0.139583 0.286111
17 0.596875 0.322222 0.052083 0.013889
10 0.699219 0.164931 0.070312 0.064583
29 0.494010 0.381944 0.129688 0.052778
11 0.569792 0.454861 0.140625 0.173611
5 0.697396 0.589236 0.092708 0.225694
3 0.534635 0.697917 0.114062 0.290278
4 0.571094 0.695833 0.104688 0.319444
16 0.349740 0.592708 0.017188 0.029861
16 0.358073 0.626736 0.019271 0.028472
16 0.366146 0.646528 0.021875 0.027778
21 0.327083 0.644097 0.113542 0.147917
24 0.247396 0.871875 0.096875 0.182639
10 0.439063 0.480903 0.163542 0.213194
0 0.388281 0.412847 0.104688 0.195139
2 0.754948 0.427083 0.338021 0.387500
1 0.786458 0.511111 0.228125 0.495833
