10 0.063542 0.484722 0.073958 0.108333
27 0.179948 0.553241 0.136979 0.149074
28 0.354167 0.587037 0.067708 0.103704
30 0.394271 0.796296 0.066667 0.114815
24 0.449740 0.684259 0.098437 0.168519
26 0.286979 0.526852 0.110417 0.190741
17 0.202865 0.523611 0.008854 0.056481
11 0.237500 0.447685 0.057292 0.102778
10 0.275521 0.385185 0.057292 0.100000
13 0.303906 0.406481 0.051562 0.068519
12 0.333854 0.455093 0.069792 0.108333
2 0.392188 0.393981 0.076042 0.097222
4 0.404427 0.400000 0.079687 0.112963
14 0.354948 0.479167 0.035937 0.095370
14 0.407031 0.562963 0.041146 0.114815
19 0.367448 0.503704 0.036979 0.079630
19 0.417448 0.590741 0.041146 0.092593
15 0.518229 0.691667 0.033333 0.100000
20 0.526042 0.723611 0.036458 0.093519
20 0.490625 0.731019 0.035417 0.095370
20 0.470052 0.743519 0.036979 0.094444
23 0.543490 0.614815 0.096354 0.155556
22 0.501563 0.550926 0.085417 0.125926
17 0.518229 0.504167 0.033333 0.032407
17 0.508594 0.524537 0.035937 0.034259
17 0.501823 0.533796 0.036979 0.034259
17 0.495312 0.545370 0.034375 0.033333
17 0.487760 0.557407 0.035937 0.037037
17 0.480729 0.569444 0.037500 0.038889
18 0.532813 0.496296 0.037500 0.029630
16 0.405990 0.455093 0.007812 0.019444
16 0.413542 0.443056 0.009375 0.019444
16 0.419792 0.438889 0.008333 0.025926
16 0.426563 0.448611 0.006250 0.013889
16 0.419531 0.464352 0.006771 0.013889
16 0.425521 0.468981 0.007292 0.013889
16 0.430469 0.470833 0.007812 0.012037
16 0.452604 0.458796 0.008333 0.019444
16 0.451823 0.503241 0.007812 0.017593
16 0.456771 0.506944 0.007292 0.015741
16 0.462240 0.511111 0.006771 0.016667
16 0.466927 0.515741 0.007812 0.018519
21 0.447135 0.491204 0.099479 0.112037
5 0.429688 0.274074 0.121875 0.188889
9 0.490625 0.355093 0.014583 0.030556
1 0.401823 0.234722 0.079687 0.130556
0 0.502344 0.397222 0.095312 0.096296
16 0.412240 0.458796 0.008854 0.013889
