0 0.348438 0.603125 0.190625 0.332639
1 0.889062 0.430903 0.221875 0.453472
2 0.776302 0.404861 0.447396 0.244444
3 0.619531 0.610764 0.142187 0.311806
4 0.730729 0.562847 0.058333 0.195139
6 0.528125 0.526042 0.100000 0.052083
10 0.658073 0.359375 0.184896 0.196528
11 0.758594 0.344444 0.104688 0.129167
14 0.327083 0.155208 0.053125 0.159028
14 0.189844 0.143403 0.074479 0.156250
15 0.178125 0.239583 0.067708 0.137500
16 0.693490 0.087153 0.010937 0.018750
16 0.282552 0.340625 0.022396 0.054861
16 0.455469 0.540278 0.021354 0.043056
16 0.493750 0.541319 0.025000 0.031250
16 0.450521 0.445833 0.021875 0.038889
16 0.469271 0.446875 0.019792 0.039583
16 0.486458 0.444792 0.018750 0.036806
16 0.505469 0.446875 0.021354 0.038194
16 0.520833 0.446181 0.018750 0.038194
16 0.536979 0.446181 0.021875 0.035417
16 0.521875 0.472569 0.021875 0.034028
16 0.538281 0.471875 0.019271 0.035417
16 0.424740 0.537153 0.031771 0.042361
16 0.380990 0.470833 0.024479 0.031944
19 0.333073 0.200694 0.055729 0.133333
19 0.205208 0.185417 0.069792 0.129167
20 0.193229 0.286458 0.056250 0.121528
20 0.122135 0.160417 0.057813 0.115278
20 0.095833 0.189931 0.061458 0.124306
21 0.402604 0.505903 0.304167 0.131250
22 0.050260 0.188542 0.100521 0.170139
24 0.090104 0.310764 0.123958 0.195139
26 0.588021 0.110069 0.189583 0.220139
27 0.681250 0.123958 0.128125 0.247917
28 0.441406 0.227778 0.120313 0.155556
29 0.352083 0.344792 0.243750 0.079861
30 0.185938 0.140972 0.086458 0.091667
17 0.800521 0.263542 0.044792 0.027083
