23 0.252865 0.396528 0.141146 0.209722
17 0.368750 0.523264 0.101042 0.020139
17 0.369531 0.492014 0.110937 0.020139
17 0.369531 0.461806 0.109896 0.020833
17 0.379688 0.432639 0.089583 0.020833
17 0.370833 0.398958 0.101042 0.034028
17 0.395833 0.363542 0.057292 0.018750
18 0.375521 0.600347 0.108333 0.022917
22 0.369792 0.454514 0.118750 0.209028
24 0.373958 0.236458 0.107292 0.160417
20 0.283594 0.162500 0.045312 0.116667
20 0.259896 0.186458 0.048958 0.115972
20 0.215885 0.223611 0.056771 0.115278
15 0.199740 0.182639 0.061979 0.134722
30 0.374479 0.116319 0.073958 0.070139
19 0.490885 0.248611 0.060937 0.126389
14 0.503385 0.205208 0.059896 0.152083
28 0.618229 0.224306 0.111458 0.137500
19 0.698177 0.301736 0.079687 0.074306
14 0.722135 0.273264 0.088021 0.102083
16 0.798698 0.272917 0.024479 0.041667
17 0.833854 0.134375 0.052083 0.054861
26 0.744531 0.159722 0.164062 0.223611
27 0.816146 0.135764 0.109375 0.271528
29 0.817448 0.285069 0.118229 0.082639
12 0.820312 0.379167 0.121875 0.148611
1 0.935937 0.344792 0.128125 0.547917
4 0.815365 0.546875 0.039062 0.196528
2 0.837760 0.538542 0.042188 0.181250
3 0.866667 0.524653 0.047917 0.140972
5 0.788021 0.419097 0.423958 0.365972
16 0.487760 0.399653 0.023438 0.032639
16 0.504167 0.401389 0.022917 0.030556
16 0.521615 0.399653 0.021354 0.035417
16 0.536979 0.402083 0.019792 0.036111
21 0.548698 0.458333 0.178646 0.129167
0 0.295052 0.410764 0.171354 0.209028
9 0.592708 0.531250 0.171875 0.177778
