3 0.561198 0.862153 0.149479 0.274306
2 0.613542 0.802431 0.111458 0.199306
5 0.776302 0.692361 0.123438 0.222222
17 0.661198 0.430903 0.052604 0.017361
10 0.507031 0.639931 0.106771 0.167361
11 0.641406 0.556250 0.125521 0.127778
16 0.391406 0.468403 0.031771 0.063194
16 0.554688 0.346181 0.016667 0.014583
1 0.470573 0.489236 0.214062 0.229861
26 0.438542 0.390625 0.150000 0.211806
27 0.519010 0.333333 0.141146 0.283333
28 0.326302 0.562500 0.108854 0.145833
29 0.264062 0.680903 0.209375 0.078472
16 0.316406 0.869792 0.028646 0.029861
16 0.315365 0.777083 0.021354 0.030556
16 0.361979 0.760417 0.027083 0.025000
16 0.392188 0.749653 0.021875 0.031250
16 0.408333 0.745833 0.020833 0.031944
16 0.421875 0.737500 0.016667 0.033333
16 0.437240 0.733333 0.023438 0.026389
16 0.441927 0.756250 0.017188 0.029167
16 0.427344 0.762847 0.021354 0.025694
16 0.348698 0.855903 0.028646 0.027083
16 0.381510 0.842361 0.025521 0.026389
16 0.411198 0.829167 0.024479 0.029167
16 0.260156 0.800000 0.013021 0.023611
21 0.358594 0.820139 0.230729 0.181944
0 0.254948 0.651389 0.127604 0.191667
30 0.097656 0.530208 0.072396 0.090972
20 0.047396 0.567361 0.062500 0.094444
20 0.028906 0.595139 0.057813 0.090278
20 0.123438 0.678125 0.066667 0.084028
15 0.103646 0.648611 0.071875 0.102778
14 0.100521 0.550000 0.080208 0.122222
14 0.200000 0.547222 0.061458 0.108333
19 0.120833 0.583681 0.069792 0.102083
24 0.040625 0.709375 0.081250 0.193750
10 0.867448 0.481597 0.083854 0.120139
