2 0.464323 0.763194 0.241146 0.234722
4 0.524479 0.751736 0.205208 0.303472
5 0.658073 0.597917 0.094271 0.245833
17 0.545312 0.298611 0.062500 0.025000
10 0.389844 0.566667 0.096354 0.211111
0 0.426563 0.399653 0.153125 0.147917
11 0.495052 0.482986 0.173437 0.254861
3 0.675000 0.271181 0.213542 0.465972
1 0.718490 0.319097 0.219271 0.502083
10 0.834896 0.331944 0.056250 0.134722
13 0.487760 0.116667 0.038021 0.062500
16 0.398438 0.229514 0.030208 0.047917
27 0.354948 0.198264 0.190104 0.320139
26 0.189323 0.310069 0.159896 0.279861
28 0.122917 0.538542 0.115625 0.164583
19 0.043229 0.604861 0.085417 0.105556
14 0.033594 0.582292 0.067187 0.107639
16 0.017708 0.719097 0.035417 0.054861
29 0.047135 0.707986 0.094271 0.117361
