22 0.016667 0.462153 0.033333 0.153472
24 0.043750 0.583681 0.087500 0.188194
20 0.055729 0.442361 0.058333 0.097222
20 0.036458 0.470833 0.068750 0.104167
30 0.108854 0.412500 0.072917 0.086111
19 0.134375 0.462847 0.067708 0.111806
14 0.107552 0.407292 0.089063 0.170139
14 0.214844 0.443750 0.064062 0.130556
19 0.229687 0.485417 0.060417 0.109722
15 0.108333 0.519097 0.069792 0.110417
20 0.127083 0.552083 0.062500 0.095833
16 0.208073 0.590972 0.024479 0.050000
29 0.267188 0.579167 0.210417 0.111111
28 0.338542 0.460069 0.106250 0.139583
26 0.443490 0.306250 0.130729 0.234722
16 0.562500 0.258681 0.011458 0.015972
3 0.524740 0.101736 0.099479 0.203472
7 0.473958 0.216667 0.017708 0.037500
1 0.580208 0.128472 0.126042 0.256944
27 0.535417 0.264931 0.094792 0.281250
10 0.532292 0.543403 0.142708 0.184028
10 0.880208 0.469444 0.089583 0.118056
2 0.597656 0.701736 0.066146 0.168750
0 0.327344 0.930556 0.179688 0.138889
16 0.440625 0.638889 0.022917 0.025000
16 0.446094 0.661111 0.017188 0.029167
16 0.430469 0.666667 0.023438 0.025000
16 0.426302 0.642708 0.017188 0.034028
16 0.410938 0.649306 0.018750 0.033333
16 0.396094 0.652431 0.018229 0.031250
16 0.364323 0.660764 0.021354 0.034028
16 0.428646 0.728125 0.020833 0.032639
16 0.378906 0.740972 0.018229 0.034722
16 0.271615 0.684722 0.019271 0.034722
16 0.255729 0.689931 0.021875 0.032639
16 0.224479 0.696528 0.021875 0.034722
16 0.207813 0.703472 0.022917 0.037500
21 0.335417 0.725000 0.277083 0.176389
