10 0.345573 0.781597 0.246354 0.300694
11 0.517969 0.666319 0.223438 0.293750
26 0.164323 0.373611 0.173437 0.194444
0 0.342187 0.310764 0.158333 0.195139
1 0.512500 0.368056 0.209375 0.219444
27 0.367969 0.365625 0.202604 0.270139
3 0.379948 0.952083 0.085938 0.095833
2 0.470052 0.936111 0.127604 0.127778
4 0.558333 0.906250 0.151042 0.187500
10 0.888281 0.395139 0.124479 0.168056
17 0.610417 0.371181 0.032292 0.018750
16 0.212240 0.979167 0.021354 0.041667
16 0.225521 0.975347 0.035417 0.035417
16 0.236458 0.990972 0.022917 0.018056
16 0.192448 0.985764 0.027604 0.028472
21 0.229167 0.971528 0.102083 0.056944
