10 0.436979 0.476042 0.171875 0.302083
20 0.029167 0.640625 0.044792 0.056250
19 0.309115 0.547222 0.050521 0.095833
27 0.421615 0.222222 0.115104 0.268056
30 0.023958 0.500000 0.047917 0.094444
14 0.054948 0.560764 0.047396 0.075694
26 0.339323 0.255208 0.133854 0.120139
17 0.595313 0.327083 0.053125 0.018056
3 0.524219 0.669097 0.085938 0.179861
16 0.305729 0.640972 0.021875 0.027778
16 0.354427 0.635417 0.018229 0.027778
16 0.366406 0.670833 0.020313 0.027778
16 0.279167 0.677083 0.020833 0.026389
16 0.374479 0.695486 0.020833 0.025694
15 0.025781 0.628472 0.051562 0.062500
21 0.316667 0.701042 0.154167 0.178472
11 0.603385 0.445486 0.084896 0.136806
5 0.726302 0.603472 0.136979 0.248611
0 0.343229 0.356250 0.145833 0.147222
24 0.243490 0.927431 0.076563 0.143750
10 0.690365 0.155903 0.073438 0.070139
6 0.423698 0.482292 0.013021 0.017361
2 0.475260 0.307986 0.114062 0.352083
