23 0.315365 0.704514 0.121354 0.220139
17 0.440885 0.698958 0.098437 0.029861
17 0.439063 0.726736 0.101042 0.028472
17 0.437500 0.756597 0.103125 0.028472
17 0.436198 0.785417 0.104688 0.029167
17 0.433854 0.815278 0.105208 0.029167
22 0.431771 0.770139 0.118750 0.218056
24 0.428646 0.542361 0.098958 0.180556
20 0.274740 0.505903 0.039062 0.095139
20 0.321354 0.476389 0.034375 0.105556
20 0.344271 0.452431 0.029167 0.103472
15 0.265625 0.471875 0.040625 0.125694
30 0.427344 0.406597 0.071354 0.081250
17 0.548438 0.302083 0.098958 0.097222
1 0.670052 0.331250 0.258854 0.287500
14 0.562240 0.547569 0.076563 0.121528
19 0.543229 0.579514 0.070833 0.106250
28 0.649479 0.543056 0.100000 0.131944
19 0.718750 0.642014 0.075000 0.086806
14 0.731250 0.622569 0.065625 0.088194
27 0.819271 0.352431 0.085417 0.092361
26 0.721875 0.504861 0.068750 0.163889
16 0.731771 0.757639 0.022917 0.022222
16 0.737760 0.789931 0.018229 0.022917
16 0.738802 0.809375 0.021354 0.022917
16 0.712500 0.756944 0.019792 0.019444
16 0.707292 0.795486 0.020833 0.021528
16 0.692969 0.757292 0.018229 0.027083
16 0.680990 0.755903 0.016146 0.028472
16 0.646354 0.814583 0.016667 0.033333
16 0.588021 0.735764 0.016667 0.029861
16 0.573698 0.735764 0.017188 0.032639
16 0.558854 0.737153 0.020833 0.028472
16 0.542708 0.734722 0.020833 0.031944
16 0.667708 0.759722 0.018750 0.029167
21 0.627344 0.783681 0.226562 0.113194
5 0.774479 0.835069 0.077083 0.310417
4 0.808594 0.810417 0.046354 0.152778
0 0.438802 0.982292 0.093229 0.036806
10 0.950781 0.445486 0.061979 0.074306
