20 0.322396 0.350000 0.031250 0.093056
20 0.362500 0.328472 0.028125 0.101389
20 0.382292 0.311111 0.023958 0.100000
15 0.317188 0.316319 0.029167 0.121528
30 0.454948 0.283681 0.064062 0.070139
24 0.456771 0.389236 0.086458 0.146528
23 0.339844 0.505208 0.091146 0.186806
18 0.453906 0.701042 0.094271 0.027083
17 0.448958 0.634722 0.087500 0.031944
17 0.450260 0.607986 0.093229 0.031250
17 0.452865 0.582639 0.092188 0.031944
17 0.454948 0.558333 0.092188 0.030556
17 0.451302 0.534722 0.079687 0.030556
17 0.454427 0.514583 0.051562 0.026389
18 0.437500 0.494792 0.020833 0.013194
0 0.375000 0.486111 0.134375 0.179167
1 0.552865 0.534375 0.163021 0.200694
22 0.447396 0.580208 0.106250 0.185417
5 0.606771 0.507986 0.322917 0.089583
16 0.731510 0.587847 0.019271 0.021528
16 0.711979 0.582986 0.018750 0.020139
16 0.691927 0.580208 0.014063 0.020139
16 0.679948 0.577083 0.013021 0.019444
16 0.670312 0.571181 0.009375 0.011806
16 0.733594 0.615278 0.020313 0.019444
16 0.737500 0.631944 0.018750 0.019444
21 0.633854 0.601736 0.209375 0.089583
19 0.557031 0.406597 0.060937 0.079861
14 0.572396 0.381250 0.062500 0.119444
28 0.654687 0.403472 0.091667 0.118056
17 0.828125 0.328819 0.044792 0.046528
16 0.798177 0.448264 0.020313 0.034028
26 0.756250 0.355556 0.136458 0.184722
27 0.814583 0.326389 0.090625 0.236111
19 0.729427 0.475347 0.048438 0.059028
14 0.742188 0.455556 0.069792 0.090278
29 0.817448 0.459028 0.095312 0.069444
11 0.900781 0.470139 0.090104 0.112500
10 0.952344 0.561806 0.078646 0.122222
13 0.894010 0.555208 0.082812 0.118750
12 0.822396 0.535764 0.111458 0.121528
4 0.810937 0.709375 0.065625 0.254861
2 0.833333 0.718056 0.047917 0.244444
3 0.855990 0.718056 0.043229 0.233333
