16 0.236458 0.922917 0.022917 0.036111
16 0.238021 0.894792 0.010417 0.021528
16 0.224479 0.932986 0.016667 0.024306
21 0.247396 0.932986 0.089583 0.134028
3 0.349740 0.934722 0.120313 0.130556
2 0.441406 0.920833 0.141146 0.158333
4 0.513021 0.886458 0.136458 0.227083
0 0.330990 0.343056 0.121354 0.238889
1 0.542969 0.405903 0.168229 0.222917
27 0.417969 0.337847 0.170313 0.254861
17 0.614583 0.390972 0.069792 0.026389
10 0.363021 0.721875 0.211458 0.260417
11 0.532552 0.645139 0.219271 0.262500
10 0.894792 0.451736 0.115625 0.159028
26 0.195833 0.349306 0.187500 0.250000
28 0.089323 0.619444 0.079687 0.138889
13 0.552865 0.142361 0.040104 0.062500
19 0.028646 0.703472 0.057292 0.073611
