0 0.498437 0.243981 0.047917 0.078704
25 0.457292 0.255093 0.079167 0.054630
20 0.638542 0.414352 0.032292 0.069444
27 0.523698 0.853241 0.245312 0.293519
29 0.406510 0.714815 0.133854 0.162963
5 0.141927 0.597222 0.154688 0.274074
11 0.322917 0.657870 0.147917 0.254630
3 0.327604 0.456019 0.100000 0.156481
10 0.424219 0.539815 0.110937 0.209259
16 0.443490 0.643981 0.013021 0.025000
16 0.427865 0.427315 0.010937 0.019444
16 0.435417 0.429167 0.008333 0.017593
16 0.474740 0.385185 0.009896 0.016667
16 0.484115 0.376389 0.008854 0.013889
16 0.466146 0.442593 0.010417 0.012963
16 0.447135 0.450463 0.008854 0.013889
16 0.473177 0.424074 0.005729 0.012963
16 0.477344 0.418056 0.008854 0.012037
16 0.487500 0.409259 0.008333 0.012963
16 0.508594 0.400926 0.008854 0.014815
16 0.514323 0.395370 0.006771 0.012963
16 0.518490 0.391667 0.007812 0.014815
16 0.522917 0.387963 0.007292 0.016667
21 0.470833 0.418981 0.109375 0.113889
14 0.494010 0.471296 0.038021 0.111111
19 0.486719 0.502778 0.033854 0.090741
14 0.570312 0.399537 0.030208 0.097222
19 0.556771 0.427778 0.036458 0.081481
15 0.584635 0.382407 0.031771 0.087037
20 0.577344 0.405093 0.027604 0.073148
28 0.535417 0.513889 0.069792 0.088889
16 0.481771 0.836574 0.028125 0.069444
17 0.296094 0.966204 0.059896 0.067593
26 0.547396 0.632870 0.128125 0.234259
20 0.642969 0.432407 0.032813 0.070370
30 0.644531 0.488426 0.043229 0.075000
22 0.665625 0.423611 0.070833 0.106481
24 0.460156 0.284259 0.080729 0.064815
2 0.504948 0.164815 0.052604 0.175926
6 0.478906 0.257407 0.011979 0.029630
1 0.483073 0.137500 0.090104 0.147222
34 0.603385 0.237500 0.047396 0.037963
