0 0.369792 0.260764 0.148958 0.190972
1 0.894792 0.198611 0.210417 0.397222
2 0.778125 0.144792 0.443750 0.289583
3 0.642188 0.736111 0.080208 0.187500
6 0.555469 0.284375 0.095312 0.096528
16 0.361458 0.511458 0.019792 0.075694
10 0.692708 0.556944 0.154167 0.166667
10 0.984635 0.570833 0.030729 0.111111
14 0.413542 0.345139 0.055208 0.141667
19 0.403125 0.389583 0.057292 0.111111
20 0.183854 0.270139 0.026042 0.037500
20 0.155990 0.297569 0.030729 0.049306
22 0.103646 0.313889 0.126042 0.159722
16 0.422135 0.727778 0.020313 0.038889
16 0.558333 0.728125 0.020833 0.034028
16 0.523698 0.680208 0.023438 0.031250
16 0.491667 0.682292 0.023958 0.032639
16 0.457813 0.658681 0.022917 0.034028
16 0.521875 0.638889 0.020833 0.036111
16 0.537760 0.639931 0.019271 0.035417
16 0.552604 0.637500 0.017708 0.034722
16 0.568750 0.638889 0.015625 0.033333
16 0.583854 0.662847 0.019792 0.032639
16 0.598437 0.661806 0.016667 0.036111
16 0.582552 0.637153 0.017188 0.034028
16 0.597135 0.638194 0.019271 0.033333
16 0.754167 0.294444 0.017708 0.016667
21 0.467708 0.686806 0.281250 0.125000
26 0.642708 0.292361 0.177083 0.223611
27 0.721615 0.286806 0.120313 0.273611
28 0.506250 0.414583 0.116667 0.152778
29 0.422135 0.529167 0.231771 0.088889
