19 0.411198 0.694907 0.047396 0.099074
27 0.174479 0.553704 0.137500 0.162963
22 0.487240 0.887963 0.130729 0.224074
30 0.394531 0.795370 0.068229 0.116667
24 0.500000 0.711574 0.101042 0.175000
20 0.453385 0.765278 0.039062 0.095370
20 0.432031 0.769907 0.039062 0.093519
19 0.377865 0.655556 0.041146 0.096296
14 0.400521 0.663889 0.047917 0.112963
14 0.366667 0.628241 0.048958 0.110185
20 0.445573 0.617130 0.032813 0.086111
15 0.437240 0.592130 0.035937 0.099074
28 0.354167 0.585185 0.067708 0.105556
29 0.415365 0.567130 0.078646 0.095370
0 0.443750 0.519907 0.065625 0.110185
16 0.405729 0.450463 0.008333 0.013889
16 0.399740 0.458796 0.009896 0.017593
16 0.401302 0.472685 0.007812 0.015741
16 0.407292 0.463889 0.007292 0.014815
16 0.430990 0.444907 0.009896 0.021296
16 0.440365 0.451389 0.008854 0.021296
16 0.447656 0.456944 0.008854 0.021296
16 0.456250 0.461574 0.007292 0.015741
16 0.411719 0.472685 0.005729 0.015741
16 0.416406 0.474074 0.005729 0.018519
16 0.421094 0.476389 0.006771 0.017593
16 0.409635 0.453704 0.007812 0.016667
21 0.439063 0.493519 0.084375 0.120370
2 0.396354 0.414352 0.041667 0.112037
5 0.348698 0.356481 0.081771 0.090741
7 0.404167 0.391667 0.012500 0.050000
3 0.374219 0.250926 0.055729 0.238889
1 0.373177 0.211111 0.068229 0.125926
10 0.347656 0.454167 0.079687 0.132407
11 0.303125 0.442593 0.053125 0.120370
26 0.258073 0.550000 0.119271 0.179630
10 0.232552 0.334722 0.064062 0.099074
