27 0.175000 0.558333 0.137500 0.151852
16 0.204167 0.509722 0.009375 0.017593
26 0.253125 0.550463 0.108333 0.176852
29 0.290885 0.503241 0.043229 0.078704
11 0.300521 0.438889 0.055208 0.114815
10 0.338021 0.464815 0.083333 0.129630
5 0.348958 0.355093 0.081250 0.087963
16 0.389583 0.467593 0.009375 0.018519
16 0.398438 0.455093 0.010417 0.015741
16 0.404167 0.447222 0.007292 0.016667
16 0.396094 0.481944 0.008854 0.015741
16 0.411198 0.482407 0.010937 0.018519
16 0.421615 0.493056 0.008854 0.013889
16 0.440365 0.475926 0.007812 0.016667
16 0.449219 0.482407 0.007812 0.016667
16 0.432812 0.518056 0.008333 0.015741
16 0.437240 0.522685 0.007812 0.015741
16 0.442188 0.526852 0.007292 0.014815
16 0.447917 0.531481 0.008333 0.014815
21 0.431510 0.507407 0.099479 0.118519
28 0.354948 0.586111 0.068229 0.103704
14 0.352344 0.489352 0.041146 0.099074
19 0.362500 0.511574 0.038542 0.075000
14 0.408854 0.561111 0.033333 0.107407
15 0.437500 0.592593 0.034375 0.096296
19 0.421615 0.592593 0.038021 0.088889
20 0.446615 0.618519 0.033854 0.087037
30 0.394010 0.796296 0.066146 0.114815
20 0.433854 0.768981 0.039583 0.093519
20 0.455729 0.762500 0.038542 0.093519
22 0.486719 0.888889 0.128646 0.222222
2 0.435417 0.287963 0.101042 0.190741
6 0.489583 0.389352 0.023958 0.043519
24 0.488542 0.409722 0.065625 0.062037
1 0.417187 0.250463 0.078125 0.136111
0 0.534115 0.401389 0.086979 0.086111
25 0.490885 0.372685 0.060937 0.050926
16 0.292187 0.499074 0.008333 0.020370
10 0.061979 0.477778 0.073958 0.101852
