10 0.546354 0.417130 0.068750 0.149074
28 0.467708 0.505556 0.060417 0.103704
19 0.469531 0.606019 0.032813 0.099074
22 0.258594 0.861574 0.149479 0.215741
20 0.335677 0.745833 0.033854 0.100926
20 0.332552 0.709722 0.032813 0.093519
30 0.329427 0.662037 0.063021 0.105556
20 0.442448 0.667130 0.021354 0.087963
15 0.439063 0.638889 0.019792 0.112963
14 0.471615 0.573611 0.030729 0.119444
19 0.521615 0.485648 0.028646 0.086111
14 0.526563 0.456481 0.027083 0.111111
16 0.515625 0.626389 0.011458 0.023148
16 0.519792 0.614815 0.011458 0.020370
16 0.521875 0.603704 0.015625 0.016667
16 0.524219 0.592593 0.011979 0.020370
16 0.560677 0.592130 0.015104 0.015741
16 0.543750 0.557407 0.011458 0.016667
16 0.550000 0.540741 0.014583 0.016667
16 0.551823 0.531481 0.013021 0.016667
16 0.548438 0.511111 0.013542 0.012963
16 0.562760 0.495833 0.013021 0.021296
16 0.576823 0.501389 0.009896 0.021296
16 0.584375 0.506019 0.010417 0.021296
21 0.547135 0.588426 0.082812 0.197222
16 0.515365 0.377315 0.009896 0.019444
26 0.456510 0.364815 0.074479 0.174074
29 0.521354 0.372685 0.047917 0.093519
30 0.479948 0.323611 0.065104 0.132407
1 0.530990 0.322685 0.072396 0.095370
11 0.575260 0.371759 0.057813 0.108333
2 0.634375 0.477315 0.117708 0.063889
3 0.639844 0.458796 0.110937 0.086111
4 0.642188 0.444444 0.108333 0.092593
24 0.610938 0.668981 0.080208 0.163889
0 0.615625 0.841204 0.109375 0.184259
10 0.503646 0.131944 0.055208 0.080556
