22 0.142187 0.069097 0.134375 0.138194
20 0.217969 0.070139 0.041146 0.125000
20 0.247656 0.057639 0.038021 0.115278
30 0.306771 0.050000 0.082292 0.079167
20 0.327344 0.186111 0.036979 0.120833
15 0.330729 0.138194 0.035417 0.151389
14 0.420052 0.161806 0.067187 0.163889
19 0.404687 0.209375 0.066667 0.129861
28 0.553125 0.192361 0.115625 0.147222
16 0.421615 0.313542 0.020313 0.036806
16 0.440365 0.317361 0.022396 0.031944
16 0.455469 0.319792 0.021354 0.039583
16 0.472135 0.322917 0.021354 0.037500
16 0.521354 0.415278 0.028125 0.025000
16 0.534375 0.358333 0.021875 0.027778
16 0.564844 0.361806 0.019271 0.034722
16 0.579948 0.364931 0.016146 0.029861
16 0.604427 0.353472 0.023438 0.033333
16 0.644792 0.382292 0.015625 0.031250
16 0.647656 0.418750 0.021354 0.026389
16 0.649219 0.438194 0.022396 0.027778
21 0.525000 0.381597 0.271875 0.172917
16 0.476302 0.565972 0.111979 0.065278
6 0.501563 0.566667 0.142708 0.051389
2 0.770833 0.513194 0.458333 0.138889
3 0.742448 0.538194 0.054688 0.216667
4 0.771615 0.531250 0.044271 0.195833
1 0.870833 0.542708 0.256250 0.431250
10 0.727604 0.325694 0.162500 0.176389
11 0.807813 0.375000 0.113542 0.147222
17 0.835156 0.296528 0.043229 0.030556
29 0.752083 0.272917 0.118750 0.081944
16 0.788802 0.142361 0.017188 0.015278
19 0.622135 0.279167 0.083854 0.111111
14 0.648438 0.246181 0.096875 0.129861
26 0.687760 0.106944 0.171354 0.213889
27 0.760156 0.132986 0.132812 0.265972
0 0.379688 0.576736 0.235417 0.514583
24 0.427865 0.563889 0.138021 0.170833
10 0.923958 0.214583 0.062500 0.072222
