21 0.425781 0.473958 0.288021 0.150694
22 0.051302 0.251042 0.102604 0.168750
20 0.101823 0.245833 0.064062 0.104167
20 0.123177 0.218403 0.054688 0.103472
30 0.185938 0.187847 0.080208 0.084028
15 0.180990 0.285069 0.070312 0.122917
20 0.200000 0.328472 0.063542 0.108333
14 0.276562 0.284028 0.067708 0.154167
19 0.293229 0.329167 0.067708 0.120833
28 0.433854 0.248958 0.116667 0.152083
26 0.572396 0.113194 0.179167 0.226389
16 0.698177 0.128125 0.014063 0.050694
27 0.671094 0.118403 0.123438 0.236806
17 0.797135 0.241667 0.053646 0.020833
10 0.901302 0.115972 0.073438 0.069444
29 0.689844 0.255208 0.147396 0.067361
11 0.771094 0.354167 0.139063 0.161111
10 0.647917 0.317361 0.181250 0.191667
14 0.529948 0.286111 0.070312 0.141667
19 0.514062 0.333681 0.066667 0.114583
4 0.731771 0.563194 0.044792 0.265278
3 0.697135 0.574306 0.064062 0.281944
6 0.546094 0.515972 0.132812 0.052778
2 0.792188 0.450347 0.415625 0.149306
24 0.375260 0.676389 0.175521 0.187500
16 0.294531 0.428472 0.024479 0.030556
16 0.312240 0.422569 0.019271 0.017361
16 0.331250 0.415278 0.014583 0.016667
16 0.347135 0.417361 0.018229 0.023611
16 0.419010 0.437153 0.020313 0.034028
16 0.452083 0.432986 0.017708 0.035417
16 0.469010 0.429514 0.017188 0.034028
16 0.499740 0.407986 0.022396 0.034028
16 0.549479 0.423264 0.016667 0.032639
16 0.440104 0.500000 0.021875 0.036111
16 0.371354 0.491667 0.023958 0.029167
0 0.312240 0.549653 0.178646 0.267361
1 0.897135 0.487500 0.205729 0.468056
16 0.555729 0.463542 0.020833 0.029861
16 0.559635 0.485069 0.025521 0.024306
