5 0.598437 0.892130 0.130208 0.215741
17 0.712760 0.638426 0.051562 0.056481
2 0.461198 0.636111 0.041146 0.051852
11 0.591667 0.667130 0.101042 0.199074
16 0.559635 0.534722 0.013021 0.039815
29 0.589063 0.566204 0.097917 0.123148
10 0.507812 0.555093 0.092708 0.173148
24 0.325260 0.582870 0.091146 0.108333
16 0.421354 0.584722 0.009375 0.019444
16 0.427083 0.574537 0.012500 0.015741
16 0.436458 0.556019 0.010417 0.019444
16 0.425000 0.531481 0.009375 0.022222
16 0.409115 0.527315 0.013021 0.015741
16 0.403125 0.521296 0.011458 0.016667
16 0.392969 0.510648 0.014063 0.015741
16 0.365885 0.525463 0.010937 0.017593
16 0.361719 0.467130 0.013021 0.017593
16 0.366146 0.470833 0.013542 0.017593
16 0.371875 0.474537 0.010417 0.017593
16 0.377344 0.481481 0.013021 0.016667
21 0.394271 0.542593 0.117708 0.148148
19 0.454688 0.510648 0.023958 0.080556
14 0.452344 0.481944 0.026562 0.099074
28 0.455208 0.448148 0.058333 0.100000
19 0.389583 0.426852 0.030208 0.077778
14 0.383594 0.401389 0.030729 0.095370
15 0.357292 0.369907 0.023958 0.086111
20 0.362500 0.397222 0.020833 0.072222
30 0.399219 0.328704 0.041146 0.059259
22 0.342187 0.297685 0.069792 0.087963
20 0.369010 0.316204 0.020313 0.069444
20 0.355469 0.318056 0.022396 0.069444
0 0.269010 0.536111 0.056771 0.077778
1 0.632552 0.553241 0.086979 0.108333
27 0.622135 0.478241 0.097396 0.160185
26 0.539062 0.409722 0.100000 0.178704
