22 0.075000 0.167361 0.125000 0.172222
20 0.135677 0.166319 0.061979 0.115972
20 0.163542 0.139931 0.056250 0.117361
30 0.229167 0.119097 0.086458 0.085417
15 0.226042 0.220139 0.063542 0.141667
20 0.242448 0.269792 0.057813 0.118750
14 0.336458 0.233681 0.060417 0.170139
19 0.347135 0.286111 0.061979 0.126389
26 0.650000 0.108681 0.193750 0.217361
16 0.769010 0.139931 0.018229 0.050694
27 0.741667 0.125000 0.132292 0.250000
17 0.849219 0.271528 0.049479 0.026389
11 0.814583 0.372569 0.120833 0.152083
29 0.750260 0.264931 0.136979 0.075694
10 0.711458 0.325347 0.182292 0.203472
14 0.604167 0.275694 0.093750 0.141667
19 0.580469 0.321875 0.082812 0.122917
10 0.947396 0.159028 0.070833 0.073611
3 0.744010 0.601389 0.051562 0.230556
4 0.782813 0.588542 0.058333 0.224306
2 0.809896 0.447569 0.380208 0.164583
6 0.582292 0.526736 0.127083 0.059028
16 0.620833 0.491319 0.025000 0.024306
16 0.618490 0.467361 0.020313 0.029167
16 0.612500 0.424306 0.017708 0.036111
16 0.564323 0.398958 0.022396 0.032639
16 0.531771 0.419792 0.018750 0.035417
16 0.513542 0.419792 0.018750 0.036806
16 0.478906 0.419792 0.022396 0.035417
16 0.498958 0.490625 0.021875 0.038194
16 0.442448 0.488194 0.020313 0.038889
16 0.403125 0.394792 0.019792 0.038194
16 0.384375 0.394444 0.019792 0.037500
16 0.364583 0.396181 0.025000 0.031250
16 0.344531 0.395486 0.027604 0.035417
21 0.471094 0.459375 0.296354 0.132639
1 0.907292 0.471181 0.185417 0.471528
24 0.448177 0.697917 0.204687 0.188889
25 0.453385 0.713889 0.231771 0.183333
0 0.275000 0.686806 0.218750 0.341667
28 0.498698 0.220833 0.130729 0.168056
