17 0.295833 0.965741 0.060417 0.068519
5 0.141406 0.596296 0.154688 0.274074
16 0.441927 0.643981 0.014063 0.026852
29 0.405990 0.714352 0.133854 0.160185
11 0.321875 0.659722 0.148958 0.254630
1 0.372396 0.772222 0.119792 0.333333
27 0.486458 0.845833 0.134375 0.291667
26 0.547917 0.631019 0.126042 0.234259
3 0.346875 0.484259 0.055208 0.107407
16 0.479427 0.382407 0.011979 0.018519
16 0.427604 0.427778 0.012500 0.018519
16 0.433594 0.435185 0.008854 0.018519
16 0.444531 0.447685 0.009896 0.010185
16 0.466667 0.443056 0.011458 0.015741
16 0.470313 0.425000 0.011458 0.018519
16 0.475260 0.419444 0.010937 0.018519
16 0.484375 0.410185 0.007292 0.009259
16 0.507552 0.401389 0.010937 0.015741
16 0.511979 0.395833 0.009375 0.013889
16 0.516146 0.391667 0.009375 0.016667
16 0.521615 0.388426 0.007812 0.015741
21 0.469531 0.418519 0.109896 0.112963
19 0.484635 0.492593 0.029687 0.092593
14 0.490104 0.459722 0.036458 0.100926
10 0.428906 0.546759 0.114062 0.199074
28 0.535417 0.514815 0.070833 0.092593
0 0.483333 0.293519 0.057292 0.088889
24 0.445833 0.350463 0.078125 0.097222
34 0.603385 0.237500 0.048438 0.037963
20 0.638542 0.413426 0.033333 0.069444
20 0.642969 0.431944 0.033854 0.073148
20 0.576302 0.404167 0.029687 0.075000
19 0.550000 0.429630 0.037500 0.085185
14 0.560156 0.402315 0.039062 0.100926
15 0.583854 0.383796 0.034375 0.091667
30 0.644792 0.488889 0.042708 0.075926
22 0.665885 0.423148 0.071354 0.105556
2 0.354687 0.438889 0.086458 0.101852
