21 0.511719 0.550694 0.235937 0.141667
1 0.517708 0.300694 0.182292 0.172222
16 0.433854 0.376042 0.014583 0.039583
3 0.536458 0.307986 0.263542 0.056250
7 0.689583 0.335069 0.043750 0.013194
0 0.343490 0.465625 0.142187 0.285417
29 0.486198 0.395139 0.161979 0.108333
16 0.492448 0.585069 0.018229 0.036806
16 0.528385 0.521528 0.020313 0.030556
16 0.559635 0.547569 0.019271 0.028472
16 0.591406 0.552431 0.016146 0.021528
16 0.589323 0.509722 0.017188 0.037500
15 0.346875 0.259375 0.034375 0.132639
20 0.347396 0.308333 0.027083 0.116667
14 0.352865 0.134375 0.048438 0.088194
19 0.352083 0.207639 0.052083 0.119444
30 0.309896 0.153472 0.048958 0.076389
20 0.235677 0.181597 0.039062 0.122917
20 0.266927 0.160764 0.038021 0.115972
24 0.218490 0.307986 0.131771 0.188194
22 0.162500 0.168056 0.128125 0.151389
28 0.585677 0.260417 0.084896 0.069444
26 0.709375 0.200694 0.171875 0.215278
16 0.800000 0.204167 0.010417 0.019444
27 0.781510 0.203125 0.122396 0.286806
10 0.773958 0.450000 0.113542 0.155556
11 0.842187 0.476389 0.086458 0.156944
5 0.894271 0.662153 0.050000 0.236806
17 0.860156 0.372569 0.042188 0.025694
14 0.500521 0.182639 0.055208 0.079167
19 0.488802 0.210764 0.044271 0.031250
