16 0.595052 0.403125 0.021354 0.025694
15 0.088021 0.462500 0.080208 0.118056
20 0.030990 0.351389 0.061979 0.111111
20 0.018490 0.395833 0.036979 0.077778
30 0.094792 0.317014 0.087500 0.093750
14 0.200781 0.481597 0.061979 0.145139
14 0.468490 0.497569 0.083854 0.131250
19 0.225781 0.522569 0.070312 0.111806
19 0.447656 0.534722 0.071354 0.105556
28 0.361458 0.414583 0.123958 0.168056
26 0.510156 0.259722 0.191146 0.241667
10 0.820312 0.237847 0.070833 0.072917
17 0.719271 0.379861 0.035417 0.015278
10 0.579688 0.504861 0.181250 0.180556
29 0.617448 0.414583 0.150521 0.066667
11 0.689063 0.517708 0.110417 0.157639
4 0.664844 0.767361 0.057813 0.337500
3 0.635156 0.749306 0.082812 0.302778
2 0.585938 0.761111 0.121875 0.315278
16 0.433073 0.598611 0.022396 0.033333
16 0.483854 0.615625 0.017708 0.029861
16 0.491927 0.655208 0.020313 0.031250
16 0.496094 0.680208 0.024479 0.028472
16 0.403125 0.627083 0.017708 0.034722
16 0.384375 0.629514 0.018750 0.035417
16 0.350260 0.634028 0.020313 0.031944
16 0.274219 0.620833 0.018229 0.036111
16 0.255990 0.623958 0.018229 0.038194
16 0.237240 0.626736 0.019271 0.032639
16 0.217708 0.628125 0.022917 0.036806
16 0.319271 0.711111 0.020833 0.029167
21 0.352344 0.667014 0.299479 0.163194
24 0.328906 0.892014 0.200521 0.202083
20 0.111719 0.502778 0.060937 0.088889
0 0.136458 0.931250 0.129167 0.136111
16 0.655990 0.206944 0.030729 0.020833
27 0.607552 0.230556 0.124479 0.313889
1 0.730208 0.235764 0.134375 0.182639
