29 0.308854 0.606944 0.259375 0.109722
19 0.265885 0.475000 0.059896 0.123611
14 0.263802 0.420486 0.063021 0.161806
30 0.110156 0.358333 0.094271 0.100000
19 0.145833 0.430208 0.075000 0.135417
14 0.120313 0.353472 0.093750 0.226389
20 0.042708 0.385069 0.065625 0.125694
20 0.024479 0.404514 0.048958 0.103472
24 0.039062 0.566667 0.078125 0.233333
20 0.137760 0.546528 0.066146 0.106944
15 0.119271 0.502778 0.072917 0.134722
16 0.411458 0.411111 0.021875 0.056944
28 0.397135 0.463542 0.130729 0.170139
1 0.496094 0.448611 0.172396 0.243056
16 0.303906 0.738194 0.029687 0.037500
16 0.434375 0.707986 0.026042 0.034028
16 0.397656 0.826736 0.030729 0.032639
16 0.359635 0.835417 0.032813 0.031944
16 0.433333 0.809722 0.028125 0.034722
16 0.471094 0.802083 0.020313 0.041667
16 0.501563 0.786806 0.028125 0.031944
16 0.470833 0.702778 0.025000 0.040278
16 0.485938 0.698958 0.022917 0.038194
16 0.502344 0.691667 0.023438 0.036111
16 0.513542 0.690625 0.031250 0.034028
16 0.521615 0.711806 0.020313 0.037500
16 0.504948 0.719097 0.025521 0.029861
21 0.382292 0.782292 0.318750 0.199306
16 0.650260 0.295486 0.020313 0.017361
26 0.545312 0.290278 0.159375 0.209722
27 0.612240 0.282639 0.116146 0.309722
17 0.719271 0.425347 0.048958 0.018750
10 0.880208 0.532986 0.082292 0.110417
5 0.798698 0.715278 0.088021 0.240278
11 0.714583 0.558333 0.108333 0.144444
10 0.653646 0.551736 0.106250 0.118750
0 0.384375 0.975000 0.187500 0.048611
