15 0.296094 0.194097 0.054688 0.143750
20 0.308333 0.237153 0.050000 0.115972
20 0.356250 0.203819 0.042708 0.120139
20 0.379948 0.181944 0.036979 0.119444
30 0.472135 0.142708 0.076563 0.079861
24 0.469792 0.272222 0.109375 0.177778
23 0.347135 0.430903 0.134896 0.217361
17 0.481510 0.420139 0.106771 0.040278
17 0.477604 0.447569 0.108333 0.040972
17 0.472917 0.476389 0.110417 0.041667
17 0.469531 0.506944 0.111979 0.043056
17 0.465104 0.537153 0.114583 0.043750
17 0.460156 0.570486 0.106771 0.039583
22 0.467969 0.497569 0.139063 0.235417
0 0.383073 0.696528 0.170313 0.236111
18 0.491146 0.647917 0.090625 0.020833
1 0.607812 0.740625 0.165625 0.293750
16 0.585677 0.460764 0.024479 0.035417
16 0.603385 0.466319 0.024479 0.034028
16 0.621094 0.466667 0.018229 0.040278
16 0.636979 0.469792 0.017708 0.036806
16 0.698958 0.564236 0.020833 0.035417
16 0.726042 0.509028 0.020833 0.029167
16 0.738542 0.509722 0.014583 0.030556
16 0.751823 0.512500 0.018229 0.026389
16 0.775521 0.518056 0.022917 0.027778
16 0.796875 0.522917 0.025000 0.026389
16 0.766927 0.556944 0.025521 0.027778
16 0.798698 0.559028 0.025521 0.025000
16 0.800260 0.579167 0.025521 0.025000
21 0.677083 0.532986 0.251042 0.143750
11 0.970313 0.388194 0.059375 0.131944
12 0.902344 0.460417 0.122396 0.158333
13 0.966927 0.494444 0.066146 0.137500
4 0.881250 0.687153 0.053125 0.334028
2 0.911719 0.678472 0.046354 0.287500
3 0.938542 0.672917 0.046875 0.268056
5 0.838802 0.621528 0.079687 0.343056
16 0.883333 0.355556 0.025000 0.038889
29 0.899740 0.371528 0.101562 0.083333
19 0.788021 0.397222 0.084375 0.104167
14 0.814844 0.366667 0.098437 0.119444
17 0.929167 0.224306 0.030208 0.040278
28 0.712500 0.286806 0.110417 0.144444
26 0.843750 0.239931 0.168750 0.221528
27 0.908854 0.212847 0.109375 0.281250
19 0.592708 0.302778 0.072917 0.123611
14 0.612760 0.261111 0.078646 0.147222
