16 0.194271 0.827778 0.029167 0.036111
21 0.223177 0.765972 0.094271 0.180556
2 0.498958 0.760764 0.212500 0.339583
4 0.563281 0.714583 0.194271 0.326389
10 0.351302 0.487500 0.220312 0.311111
7 0.458073 0.418056 0.011979 0.027778
3 0.541146 0.209375 0.175000 0.418750
11 0.502604 0.374306 0.250000 0.362500
0 0.349740 0.214236 0.196354 0.203472
1 0.545052 0.275000 0.233854 0.550000
16 0.410156 0.073958 0.034896 0.061806
27 0.346094 0.084722 0.208854 0.169444
26 0.153646 0.132986 0.208333 0.265972
28 0.030469 0.400000 0.060937 0.095833
10 0.859635 0.273264 0.116146 0.152083
