29 0.521615 0.452778 0.065104 0.096296
0 0.558594 0.355556 0.048438 0.129630
30 0.644531 0.487963 0.043229 0.075926
27 0.525521 0.853241 0.247917 0.293519
17 0.295312 0.965278 0.061458 0.069444
5 0.141406 0.596296 0.155729 0.274074
11 0.334635 0.645370 0.145313 0.244444
10 0.415104 0.514815 0.112500 0.187037
16 0.478646 0.357407 0.010417 0.018519
16 0.470052 0.366204 0.013021 0.017593
16 0.458854 0.371296 0.014583 0.018519
16 0.449219 0.380093 0.011979 0.021296
16 0.437760 0.390278 0.014063 0.023148
16 0.437760 0.421296 0.008854 0.014815
16 0.442448 0.432407 0.008854 0.016667
16 0.448958 0.428241 0.009375 0.013889
16 0.454427 0.423611 0.009896 0.015741
16 0.459635 0.418981 0.007812 0.015741
16 0.464062 0.412963 0.010417 0.012963
16 0.468750 0.408333 0.011458 0.014815
21 0.463542 0.400000 0.110417 0.112963
7 0.481510 0.314815 0.010937 0.059259
3 0.512760 0.150926 0.064062 0.283333
1 0.486979 0.107870 0.098958 0.165741
16 0.544531 0.406944 0.017188 0.017593
20 0.576042 0.404630 0.029167 0.075926
15 0.583333 0.383796 0.034375 0.091667
24 0.600260 0.391204 0.065104 0.080556
20 0.643490 0.432870 0.033854 0.071296
20 0.640625 0.414352 0.032292 0.069444
19 0.592708 0.479630 0.041667 0.085185
19 0.615885 0.450463 0.029687 0.078704
14 0.604948 0.453241 0.044271 0.099074
14 0.625260 0.425926 0.034896 0.100000
22 0.670833 0.423148 0.061458 0.105556
28 0.535677 0.514352 0.071354 0.091667
26 0.547135 0.633333 0.130729 0.235185
16 0.514844 0.794907 0.014063 0.034259
34 0.603385 0.237037 0.047396 0.038889
12 0.979948 0.322222 0.031771 0.051852
13 0.967187 0.350000 0.031250 0.051852
16 0.441927 0.415741 0.008854 0.012963
2 0.327604 0.440741 0.118750 0.066667
4 0.291146 0.469444 0.104167 0.183333
