20 0.083073 0.070139 0.069271 0.136111
20 0.054948 0.103125 0.074479 0.134028
20 0.022917 0.169097 0.045833 0.097917
24 0.188542 0.144444 0.137500 0.200000
30 0.195573 0.022569 0.088021 0.045139
23 0.063802 0.358333 0.127604 0.269444
17 0.184375 0.312500 0.118750 0.040278
17 0.183594 0.346528 0.122396 0.040278
17 0.183854 0.380208 0.121875 0.042361
17 0.184635 0.416319 0.125521 0.040972
17 0.185417 0.453472 0.127083 0.043056
22 0.196615 0.424306 0.141146 0.277778
18 0.156771 0.583333 0.050000 0.020833
19 0.321094 0.142361 0.063021 0.151389
14 0.320312 0.091319 0.064583 0.182639
28 0.482552 0.106250 0.130729 0.161111
17 0.752344 0.023958 0.047396 0.047917
26 0.638281 0.076736 0.194271 0.153472
11 0.836979 0.216667 0.112500 0.130556
13 0.837500 0.326736 0.072917 0.115972
10 0.890625 0.328472 0.104167 0.136111
17 0.383333 0.606250 0.123958 0.075000
8 0.372135 0.585417 0.024479 0.030556
0 0.261198 0.656597 0.219271 0.256250
10 0.906510 0.102778 0.067187 0.070833
16 0.304167 0.326736 0.029167 0.045139
16 0.326302 0.328125 0.029687 0.042361
16 0.347135 0.325347 0.023438 0.046528
16 0.367448 0.325347 0.023438 0.043750
16 0.485156 0.350694 0.025521 0.043056
16 0.505469 0.348611 0.020313 0.034722
16 0.433594 0.423611 0.027604 0.045833
21 0.430990 0.395833 0.303646 0.152778
4 0.592969 0.294792 0.436979 0.574306
1 0.696875 0.317361 0.357292 0.601389
