30 0.092708 0.318750 0.076042 0.097222
20 0.036198 0.350347 0.067187 0.081250
20 0.025781 0.391319 0.051562 0.090972
15 0.076563 0.421528 0.067708 0.095833
20 0.090885 0.443403 0.039062 0.052083
16 0.290365 0.615625 0.023438 0.034028
16 0.341406 0.600347 0.023438 0.034028
16 0.316146 0.539583 0.022917 0.037500
16 0.348958 0.532639 0.020833 0.038889
16 0.365104 0.526389 0.020833 0.037500
16 0.395313 0.497222 0.025000 0.030556
16 0.446094 0.505556 0.019271 0.034722
16 0.454427 0.544792 0.023438 0.034028
16 0.459896 0.566667 0.028125 0.026389
21 0.361458 0.569097 0.234375 0.181250
19 0.411719 0.438889 0.055729 0.109722
14 0.418490 0.380208 0.054688 0.177083
26 0.457552 0.176042 0.178646 0.238194
16 0.594792 0.146875 0.015625 0.011806
27 0.557813 0.141667 0.139583 0.283333
29 0.570833 0.306597 0.128125 0.059028
10 0.546875 0.399653 0.182292 0.197917
11 0.627344 0.396528 0.031771 0.173611
3 0.603646 0.570833 0.066667 0.183333
5 0.825781 0.575000 0.082812 0.275000
24 0.314583 0.789236 0.194792 0.206250
28 0.338021 0.357639 0.098958 0.136111
0 0.325000 0.316319 0.213542 0.200694
1 0.757292 0.221528 0.289583 0.443056
22 0.009896 0.380208 0.019792 0.154861
6 0.446875 0.331597 0.058333 0.057639
2 0.660417 0.162500 0.392708 0.325000
16 0.558073 0.291319 0.019271 0.025694
