34 0.105990 0.536458 0.026562 0.125694
22 0.477344 0.278819 0.116146 0.142361
20 0.546875 0.307292 0.026042 0.104861
20 0.572135 0.294097 0.027604 0.102083
30 0.626042 0.296528 0.075000 0.084722
15 0.651823 0.407639 0.044271 0.116667
20 0.640625 0.447917 0.043750 0.097222
14 0.746875 0.458333 0.078125 0.133333
19 0.725000 0.494444 0.072917 0.111111
28 0.847396 0.477431 0.111458 0.149306
26 0.949740 0.392361 0.100521 0.227778
14 0.937240 0.561111 0.105729 0.100000
19 0.907813 0.594792 0.086458 0.097917
10 0.962760 0.623264 0.074479 0.193750
3 0.986979 0.880903 0.026042 0.238194
2 0.971094 0.870486 0.057813 0.259028
16 0.917708 0.700694 0.017708 0.033333
16 0.916406 0.740625 0.021354 0.022917
16 0.915625 0.763889 0.019792 0.023611
16 0.825000 0.727778 0.016667 0.036111
16 0.882812 0.665278 0.019792 0.033333
16 0.859375 0.675694 0.015625 0.030556
16 0.845573 0.672222 0.014063 0.034722
16 0.819531 0.659375 0.019271 0.025694
16 0.763542 0.614583 0.018750 0.029167
16 0.748177 0.608333 0.015104 0.033333
16 0.733333 0.604514 0.022917 0.024306
16 0.717187 0.596875 0.021875 0.028472
16 0.779948 0.712500 0.018229 0.036111
21 0.795573 0.685417 0.246354 0.194444
24 0.716927 0.866319 0.198437 0.204861
0 0.586458 0.841667 0.200000 0.226389
1 0.826042 0.891667 0.171875 0.216667
