26 0.614583 0.223611 0.163542 0.208333
16 0.713021 0.212847 0.012500 0.021528
27 0.689583 0.214583 0.107292 0.273611
17 0.793490 0.364583 0.047396 0.023611
10 0.673958 0.454514 0.160417 0.172917
11 0.771354 0.464583 0.101042 0.154167
7 0.758854 0.545486 0.039583 0.038194
3 0.610156 0.666319 0.281771 0.236806
2 0.653385 0.562847 0.058854 0.039583
4 0.741667 0.628819 0.058333 0.211806
5 0.850781 0.646528 0.074479 0.248611
10 0.959115 0.509722 0.081771 0.118056
16 0.378385 0.583333 0.019271 0.034722
16 0.444271 0.586806 0.020833 0.031944
16 0.476562 0.588542 0.026042 0.024306
16 0.508854 0.585417 0.022917 0.027778
16 0.536458 0.581250 0.020833 0.019444
16 0.457292 0.504861 0.019792 0.031944
16 0.503906 0.509028 0.024479 0.031944
16 0.531510 0.511806 0.021354 0.037500
16 0.547396 0.513194 0.016667 0.033333
16 0.561719 0.510764 0.016146 0.028472
16 0.575000 0.512500 0.018750 0.029167
16 0.577083 0.532639 0.015625 0.030556
16 0.563021 0.533333 0.019792 0.029167
21 0.455208 0.555556 0.261458 0.120833
29 0.413802 0.416667 0.209896 0.075000
28 0.491406 0.326389 0.105729 0.134722
19 0.396615 0.297222 0.050521 0.113889
19 0.289062 0.270139 0.050000 0.111111
14 0.406250 0.256944 0.047917 0.131944
14 0.279427 0.230903 0.046354 0.136806
30 0.247917 0.225000 0.041667 0.069444
20 0.281510 0.349306 0.041146 0.104167
15 0.273698 0.310069 0.041146 0.125694
20 0.185677 0.253819 0.043229 0.109028
20 0.211979 0.233681 0.041667 0.104861
24 0.173177 0.363194 0.119271 0.162500
22 0.123958 0.246528 0.114583 0.138889
0 0.414583 0.746181 0.165625 0.279861
1 0.624479 0.717708 0.273958 0.285417
