20 0.036719 0.060764 0.073438 0.121528
20 0.069531 0.043403 0.058854 0.086806
24 0.172656 0.095486 0.140104 0.190972
19 0.310677 0.081944 0.065104 0.151389
14 0.310417 0.059375 0.052083 0.118750
17 0.203125 0.223958 0.125000 0.029861
17 0.201042 0.256597 0.127083 0.031250
17 0.199219 0.292708 0.128646 0.029861
17 0.197135 0.328819 0.129688 0.032639
17 0.195312 0.365972 0.132292 0.033333
18 0.198698 0.400000 0.129688 0.034722
22 0.202344 0.338889 0.146354 0.268056
23 0.061198 0.311458 0.122396 0.275694
17 0.341667 0.515625 0.141667 0.049306
0 0.237240 0.575347 0.245312 0.295139
16 0.290365 0.267014 0.029687 0.045139
16 0.312760 0.268056 0.029687 0.043056
16 0.334896 0.264583 0.025000 0.047222
16 0.356250 0.262847 0.023958 0.046528
16 0.447917 0.356250 0.030208 0.048611
16 0.480469 0.285069 0.027604 0.039583
16 0.501563 0.285764 0.021875 0.036806
16 0.521354 0.288542 0.026042 0.031250
16 0.554688 0.292708 0.029167 0.034028
16 0.588021 0.295139 0.031250 0.031944
16 0.544010 0.339236 0.030729 0.031250
16 0.598437 0.367708 0.028125 0.021528
21 0.434375 0.337847 0.335417 0.160417
28 0.477083 0.062153 0.136458 0.124306
26 0.632812 0.048611 0.179167 0.097222
19 0.574740 0.151389 0.095312 0.136111
14 0.603906 0.105903 0.104688 0.163194
29 0.710938 0.130208 0.117708 0.103472
27 0.717969 0.042361 0.113021 0.084722
12 0.727083 0.139931 0.134375 0.236806
5 0.650781 0.375347 0.106771 0.389583
8 0.445833 0.434028 0.054167 0.044444
4 0.732031 0.246528 0.535937 0.369444
1 0.869271 0.296181 0.261458 0.592361
