27 0.634375 0.431019 0.121875 0.273148
5 0.598177 0.892593 0.127604 0.214815
4 0.478125 0.799074 0.118750 0.255556
2 0.457813 0.725463 0.046875 0.254630
17 0.712240 0.639352 0.051562 0.056481
11 0.575260 0.656481 0.111979 0.200000
10 0.496615 0.579630 0.095312 0.183333
16 0.627604 0.424074 0.012500 0.016667
26 0.539062 0.409722 0.101042 0.178704
28 0.454948 0.448148 0.058854 0.100000
19 0.416927 0.378704 0.026562 0.075926
19 0.390104 0.355556 0.026042 0.074074
14 0.412500 0.350463 0.023958 0.091667
14 0.380729 0.332870 0.021875 0.095370
30 0.397135 0.328241 0.018229 0.058333
3 0.327604 0.251389 0.028125 0.087963
0 0.375260 0.402778 0.025521 0.055556
1 0.339844 0.320370 0.076563 0.201852
29 0.409635 0.471759 0.067187 0.089815
16 0.395313 0.531944 0.009375 0.023148
16 0.400521 0.538889 0.010417 0.024074
16 0.406510 0.544907 0.010937 0.023148
16 0.411719 0.549537 0.009896 0.019444
16 0.418490 0.557407 0.013021 0.018519
16 0.423438 0.562037 0.009375 0.020370
16 0.410677 0.563426 0.009896 0.021296
16 0.416406 0.571296 0.009896 0.018519
21 0.377083 0.568519 0.116667 0.125926
16 0.378385 0.428704 0.010937 0.044444
12 0.903385 0.489815 0.061979 0.096296
