1 0.546615 0.332639 0.200521 0.419444
30 0.034115 0.426736 0.068229 0.100694
20 0.017708 0.565625 0.035417 0.060417
2 0.517188 0.263889 0.103125 0.380556
27 0.498698 0.090972 0.127604 0.116667
26 0.397917 0.260069 0.140625 0.250694
5 0.785937 0.644444 0.121875 0.281944
3 0.590365 0.752083 0.126562 0.322222
21 0.331771 0.690625 0.187500 0.178472
16 0.283594 0.667708 0.020313 0.028472
14 0.053906 0.494444 0.040104 0.068056
19 0.350521 0.520833 0.056250 0.106944
11 0.671875 0.446181 0.098958 0.134028
24 0.229687 0.910417 0.076042 0.176389
17 0.671094 0.322222 0.056771 0.012500
15 0.008333 0.556597 0.016667 0.042361
14 0.348958 0.482986 0.038542 0.120139
16 0.300781 0.662500 0.018229 0.027778
16 0.332292 0.626042 0.022917 0.029861
16 0.388281 0.629167 0.018229 0.029167
16 0.399219 0.672222 0.020313 0.030556
16 0.404427 0.699306 0.020313 0.027778
20 0.003385 0.497569 0.006771 0.028472
0 0.409896 0.284375 0.164583 0.165972
16 0.246875 0.759722 0.013542 0.022222
10 0.488542 0.461111 0.179167 0.298611
6 0.474219 0.445833 0.014063 0.016667
10 0.774479 0.158681 0.080208 0.088194
