34 0.112760 0.367593 0.032813 0.066667
13 0.902604 0.488889 0.061458 0.098148
10 0.701042 0.788889 0.131250 0.229630
11 0.714323 0.654630 0.125521 0.181481
12 0.532292 0.616667 0.095833 0.168519
13 0.602865 0.700926 0.104688 0.179630
2 0.469531 0.775000 0.108854 0.224074
3 0.492188 0.786574 0.132292 0.178704
4 0.442708 0.751852 0.111458 0.248148
29 0.589844 0.569907 0.104688 0.119444
16 0.558594 0.540278 0.009896 0.034259
27 0.634635 0.438426 0.125521 0.273148
17 0.636979 0.437963 0.033333 0.053704
16 0.729688 0.490278 0.012500 0.017593
26 0.522396 0.433333 0.084375 0.177778
28 0.455990 0.447222 0.057813 0.098148
30 0.400260 0.328704 0.041146 0.057407
24 0.367708 0.391667 0.070833 0.098148
19 0.458073 0.516204 0.027604 0.082407
19 0.391146 0.422222 0.029167 0.077778
14 0.453125 0.488426 0.023958 0.097222
14 0.384896 0.397685 0.029167 0.097222
20 0.346615 0.326852 0.021354 0.072222
22 0.318750 0.476389 0.082292 0.080556
21 0.391667 0.563426 0.085417 0.136111
16 0.347917 0.482407 0.007292 0.014815
16 0.352604 0.487963 0.009375 0.020370
16 0.358854 0.495370 0.011458 0.020370
16 0.356510 0.548611 0.009896 0.019444
16 0.383333 0.533796 0.009375 0.019444
16 0.388021 0.540278 0.010417 0.015741
16 0.395052 0.547222 0.013021 0.014815
16 0.389583 0.572222 0.009375 0.018519
16 0.406250 0.558796 0.011458 0.015741
16 0.417448 0.572222 0.009896 0.018519
16 0.408333 0.590741 0.012500 0.016667
16 0.402083 0.600000 0.010417 0.020370
5 0.295312 0.371759 0.053125 0.258333
9 0.273698 0.480093 0.014063 0.073148
17 0.270833 0.505093 0.015625 0.075000
0 0.240365 0.443981 0.064062 0.104630
1 0.316406 0.368981 0.067187 0.228704
17 0.342448 0.451852 0.021354 0.029630
17 0.289844 0.495370 0.010937 0.014815
18 0.281771 0.539352 0.015625 0.021296
