24 0.629687 0.637037 0.078125 0.161111
29 0.521094 0.371296 0.047396 0.088889
27 0.457552 0.285648 0.110937 0.208333
26 0.456510 0.363889 0.073438 0.170370
22 0.258594 0.862037 0.148438 0.214815
20 0.335677 0.745833 0.033854 0.099074
20 0.332813 0.708333 0.032292 0.087037
30 0.329167 0.662037 0.062500 0.101852
15 0.439063 0.639352 0.019792 0.110185
14 0.464323 0.582870 0.030729 0.113889
19 0.463281 0.618519 0.030729 0.092593
20 0.442969 0.667130 0.019271 0.080556
14 0.520833 0.452315 0.025000 0.110185
19 0.515625 0.482407 0.027083 0.081481
16 0.476042 0.277315 0.007292 0.015741
28 0.467708 0.504630 0.059375 0.098148
16 0.516927 0.376389 0.010937 0.017593
17 0.533594 0.293981 0.021354 0.037963
10 0.552865 0.417593 0.060937 0.146296
11 0.575000 0.363426 0.056250 0.123148
16 0.514323 0.627778 0.011979 0.022222
16 0.517969 0.614352 0.009896 0.019444
16 0.519792 0.604630 0.013542 0.012963
16 0.522917 0.593981 0.013542 0.013889
16 0.543229 0.562037 0.013542 0.014815
16 0.547917 0.543981 0.013542 0.012037
16 0.549740 0.531944 0.008854 0.012037
16 0.547135 0.512963 0.011979 0.012963
16 0.557292 0.604630 0.011458 0.012963
16 0.564063 0.584722 0.011458 0.013889
16 0.562240 0.493981 0.013021 0.013889
16 0.575521 0.501389 0.008333 0.017593
16 0.584115 0.505556 0.008854 0.014815
21 0.546094 0.589352 0.082812 0.195370
3 0.616406 0.455093 0.066146 0.063889
2 0.621615 0.445833 0.033854 0.319444
1 0.635938 0.371296 0.088542 0.227778
6 0.617969 0.628241 0.008854 0.082407
0 0.622656 0.731944 0.098437 0.243519
25 0.642708 0.629167 0.064583 0.176852
10 0.503646 0.132407 0.055208 0.072222
