27 0.822656 0.230556 0.124479 0.304167
21 0.543490 0.604167 0.279687 0.151389
0 0.367969 0.470139 0.155729 0.251389
16 0.451823 0.418750 0.018229 0.070833
29 0.511719 0.448264 0.225521 0.100694
16 0.496354 0.634375 0.018750 0.036806
16 0.537500 0.571875 0.019792 0.032639
16 0.570052 0.600000 0.021354 0.034722
16 0.602344 0.561458 0.018229 0.034028
16 0.618750 0.564931 0.015625 0.034028
16 0.634375 0.564931 0.015625 0.034028
16 0.650260 0.570486 0.015104 0.035417
16 0.601562 0.605208 0.023958 0.031250
16 0.634635 0.608333 0.020313 0.034722
16 0.665104 0.568750 0.014583 0.029167
16 0.679688 0.572222 0.016667 0.031944
16 0.664583 0.595486 0.017708 0.029861
16 0.679688 0.596181 0.015625 0.034028
1 0.968750 0.792014 0.062500 0.181250
2 0.791927 0.741667 0.072396 0.272222
4 0.847656 0.717361 0.054688 0.255556
5 0.950781 0.673264 0.032813 0.160417
10 0.790365 0.506944 0.168229 0.187500
11 0.890104 0.520833 0.110417 0.169444
17 0.921094 0.406597 0.047396 0.027083
16 0.856771 0.270139 0.016667 0.052778
26 0.739583 0.236111 0.179167 0.226389
28 0.597917 0.346528 0.114583 0.148611
14 0.508073 0.266667 0.052604 0.138889
19 0.497656 0.309722 0.054688 0.113889
20 0.362760 0.329167 0.026562 0.040278
15 0.355469 0.294097 0.032813 0.072917
19 0.379948 0.270486 0.051562 0.115972
14 0.368490 0.229861 0.045312 0.140278
30 0.357552 0.219444 0.076563 0.069444
20 0.271615 0.239236 0.042188 0.086806
20 0.301042 0.229861 0.043750 0.105556
24 0.257552 0.366667 0.124479 0.172222
22 0.212240 0.237847 0.118229 0.139583
