5 0.598177 0.891204 0.127604 0.215741
2 0.480990 0.657407 0.027604 0.033333
3 0.454167 0.649074 0.043750 0.077778
11 0.573958 0.661574 0.105208 0.199074
10 0.497656 0.567593 0.096354 0.161111
17 0.712500 0.638889 0.051042 0.055556
16 0.638021 0.427315 0.012500 0.017593
16 0.628385 0.450463 0.011979 0.012037
27 0.636458 0.409259 0.117708 0.238889
26 0.543750 0.419444 0.102083 0.150000
1 0.671615 0.386574 0.060937 0.139815
0 0.593229 0.317130 0.106250 0.089815
28 0.462240 0.458796 0.044271 0.078704
34 0.113802 0.368056 0.036979 0.065741
21 0.404427 0.594444 0.065104 0.074074
16 0.425000 0.562963 0.009375 0.016667
16 0.419010 0.572685 0.008854 0.019444
12 0.905208 0.488426 0.056250 0.097222
