2 0.472135 0.819097 0.192188 0.306250
4 0.524479 0.799653 0.191667 0.302083
29 0.040625 0.725694 0.081250 0.112500
19 0.042448 0.621875 0.084896 0.107639
14 0.033073 0.598611 0.066146 0.109722
28 0.128646 0.555208 0.108333 0.160417
26 0.212760 0.345139 0.159896 0.287500
16 0.392969 0.229861 0.015104 0.026389
27 0.375260 0.215972 0.186979 0.288889
10 0.376823 0.585417 0.143229 0.252778
7 0.490365 0.513194 0.013021 0.022222
3 0.548958 0.353125 0.119792 0.314583
11 0.492969 0.494792 0.195312 0.327083
0 0.380990 0.400000 0.158854 0.179167
1 0.574740 0.388194 0.143229 0.368056
10 0.826823 0.390278 0.107813 0.143056
13 0.509896 0.154861 0.038542 0.061111
