28 0.354427 0.585648 0.068229 0.104630
10 0.335156 0.469907 0.080729 0.134259
22 0.487500 0.887500 0.130208 0.225000
20 0.455729 0.762037 0.039583 0.094444
20 0.433854 0.768981 0.040625 0.093519
30 0.394010 0.795833 0.067187 0.117593
20 0.446354 0.618056 0.034375 0.084259
19 0.418490 0.582407 0.039062 0.090741
14 0.408073 0.553241 0.040104 0.106481
15 0.437500 0.592130 0.035417 0.099074
14 0.357812 0.483333 0.041667 0.100000
19 0.367708 0.507407 0.038542 0.079630
16 0.444531 0.480556 0.007812 0.020370
16 0.448177 0.531019 0.008854 0.017593
16 0.440885 0.524537 0.007812 0.015741
16 0.437240 0.521296 0.009896 0.014815
16 0.432552 0.518981 0.008854 0.017593
16 0.419010 0.492130 0.007812 0.010185
16 0.412240 0.482407 0.009896 0.012963
16 0.408333 0.480093 0.009375 0.013889
16 0.395833 0.482407 0.009375 0.016667
16 0.389323 0.466204 0.009896 0.019444
16 0.398698 0.454167 0.011979 0.017593
16 0.404167 0.447222 0.009375 0.018519
21 0.430990 0.505556 0.100521 0.118519
2 0.405729 0.408333 0.066667 0.111111
3 0.394531 0.400926 0.078646 0.098148
11 0.309375 0.443981 0.064583 0.104630
29 0.292708 0.503704 0.039583 0.077778
27 0.211458 0.557407 0.064583 0.155556
26 0.257292 0.550000 0.116667 0.177778
1 0.253906 0.439352 0.069271 0.091667
24 0.487760 0.457407 0.077604 0.096296
0 0.557292 0.472685 0.079167 0.100926
34 0.989583 0.783796 0.020833 0.082407
10 0.063021 0.479167 0.081250 0.117593
