0 0.649219 0.075347 0.130729 0.150694
10 0.712760 0.265972 0.239063 0.297222
11 0.821875 0.293750 0.151042 0.183333
17 0.857552 0.156250 0.052604 0.023611
27 0.739844 0.062500 0.077604 0.125000
5 0.938802 0.516667 0.086979 0.316667
4 0.800000 0.510069 0.077083 0.263194
2 0.732812 0.507639 0.100000 0.162500
1 0.789583 0.757292 0.223958 0.368750
3 0.714063 0.675694 0.126042 0.352778
22 0.047135 0.236806 0.094271 0.184722
20 0.072656 0.202778 0.045312 0.061111
20 0.095833 0.171181 0.042708 0.061806
14 0.145573 0.119444 0.054688 0.072222
30 0.168490 0.134375 0.069271 0.065972
16 0.388021 0.487153 0.021875 0.043750
16 0.411458 0.528819 0.019792 0.038194
16 0.406250 0.437500 0.015625 0.013889
16 0.462500 0.417708 0.026042 0.032639
16 0.501823 0.414236 0.020313 0.042361
16 0.521615 0.412153 0.020313 0.038194
16 0.540885 0.405903 0.019271 0.036806
16 0.559375 0.405208 0.023958 0.035417
16 0.543750 0.436458 0.025000 0.034028
16 0.564063 0.436458 0.018750 0.031250
16 0.513542 0.516319 0.028125 0.034028
21 0.449740 0.493056 0.276562 0.169444
