24 0.031771 0.436111 0.063542 0.209722
15 0.084896 0.355208 0.084375 0.134028
20 0.106510 0.397569 0.073438 0.109028
20 0.025521 0.277778 0.051042 0.112500
20 0.021875 0.324653 0.043750 0.086806
19 0.110937 0.293056 0.079167 0.130556
19 0.223438 0.311458 0.068750 0.129861
14 0.090104 0.251736 0.088542 0.154861
14 0.208594 0.262153 0.071354 0.160417
30 0.087760 0.242708 0.085938 0.097917
28 0.351823 0.294444 0.122396 0.161111
16 0.201042 0.439931 0.027083 0.060417
29 0.268490 0.430903 0.243229 0.120139
26 0.495573 0.132639 0.160938 0.240278
16 0.622135 0.116319 0.020313 0.015972
27 0.584375 0.130208 0.133333 0.260417
17 0.715104 0.255903 0.052083 0.018750
11 0.694010 0.387847 0.126562 0.171528
10 0.583073 0.404861 0.191146 0.194444
5 0.804167 0.561111 0.095833 0.266667
4 0.694010 0.614583 0.110937 0.319444
3 0.599219 0.640972 0.160938 0.290278
2 0.655208 0.637847 0.148958 0.275694
1 0.592708 0.680556 0.119792 0.297222
16 0.467708 0.497569 0.023958 0.031250
16 0.471875 0.520833 0.019792 0.037500
16 0.454427 0.527083 0.026562 0.031944
16 0.450521 0.500000 0.019792 0.036111
16 0.434115 0.506250 0.021354 0.036111
16 0.416406 0.507639 0.021354 0.037500
16 0.380990 0.515625 0.024479 0.038194
16 0.324479 0.527431 0.029167 0.029861
16 0.291146 0.534375 0.022917 0.038194
16 0.255469 0.542361 0.022396 0.040278
21 0.342187 0.589931 0.310417 0.184028
0 0.379948 0.678472 0.193229 0.280556
10 0.903125 0.379167 0.089583 0.122222
