15 0.213542 0.197569 0.036458 0.129861
20 0.227604 0.238542 0.038542 0.111806
20 0.273958 0.207639 0.036458 0.109722
20 0.296875 0.187500 0.033333 0.108333
30 0.382552 0.154167 0.070312 0.070833
14 0.508073 0.226042 0.051562 0.082639
19 0.487500 0.291667 0.061458 0.111111
28 0.602604 0.276736 0.100000 0.125694
26 0.724479 0.230208 0.151042 0.196528
17 0.806510 0.213194 0.038021 0.040278
27 0.790104 0.197569 0.104167 0.229861
14 0.694792 0.339583 0.081250 0.112500
19 0.672656 0.370139 0.072396 0.095833
10 0.943750 0.261806 0.059375 0.055556
11 0.879687 0.366667 0.089583 0.123611
13 0.863281 0.458333 0.083854 0.113889
29 0.783333 0.340625 0.106250 0.056250
12 0.788281 0.385417 0.106771 0.231944
3 0.832031 0.618750 0.039062 0.238889
2 0.799479 0.625000 0.047917 0.259722
5 0.722917 0.540972 0.080208 0.298611
8 0.713281 0.581597 0.031771 0.015972
16 0.681771 0.479514 0.019792 0.024306
16 0.686458 0.511806 0.017708 0.019444
16 0.688542 0.530556 0.018750 0.020833
16 0.651042 0.509375 0.018750 0.022917
16 0.658854 0.473611 0.019792 0.019444
16 0.636719 0.470486 0.016146 0.020139
16 0.622135 0.465972 0.013021 0.023611
16 0.609115 0.467014 0.014063 0.022917
16 0.524219 0.431944 0.015104 0.025000
16 0.508594 0.429514 0.017188 0.025694
16 0.493750 0.426736 0.016667 0.014583
16 0.478646 0.423958 0.018750 0.020139
21 0.577344 0.492361 0.222396 0.133333
24 0.377865 0.268750 0.100521 0.159722
17 0.409115 0.377431 0.092188 0.029861
17 0.407031 0.401736 0.094271 0.029861
17 0.396094 0.426042 0.079687 0.025694
17 0.389844 0.451389 0.072396 0.026389
17 0.401823 0.480556 0.053646 0.025000
17 0.402344 0.524653 0.081771 0.024306
23 0.270833 0.407986 0.129167 0.192361
0 0.300260 0.541319 0.159896 0.229861
4 0.546875 0.505903 0.317708 0.156250
1 0.534896 0.569444 0.193750 0.288889
22 0.403385 0.460069 0.109896 0.203472
10 0.923438 0.470833 0.091667 0.119444
18 0.402604 0.511111 0.062500 0.023611
