11 0.252083 0.903241 0.195833 0.197222
10 0.141406 0.789352 0.204687 0.321296
12 0.382292 0.577315 0.116667 0.189815
13 0.285417 0.662500 0.141667 0.219444
27 0.516146 0.850463 0.241667 0.302778
29 0.406510 0.718981 0.123438 0.182407
26 0.526042 0.589815 0.111458 0.255556
24 0.595313 0.436111 0.062500 0.105556
30 0.644531 0.488889 0.042188 0.075926
17 0.496615 0.821759 0.069271 0.076852
16 0.439063 0.643056 0.012500 0.028704
19 0.474479 0.494907 0.039583 0.093519
19 0.554688 0.433333 0.036458 0.083333
14 0.483073 0.462500 0.039062 0.110185
14 0.563542 0.405556 0.041667 0.100000
15 0.629167 0.341204 0.031250 0.082407
20 0.619010 0.361111 0.029687 0.068519
20 0.625260 0.383796 0.031771 0.069444
20 0.630729 0.401852 0.032292 0.072222
23 0.558333 0.340741 0.069792 0.083333
22 0.519010 0.364352 0.072396 0.097222
17 0.502865 0.329167 0.023438 0.026852
17 0.511719 0.345370 0.023438 0.024074
17 0.519531 0.350463 0.022396 0.026852
17 0.527083 0.359722 0.023958 0.030556
17 0.533594 0.368056 0.024479 0.030556
17 0.540625 0.376852 0.023958 0.033333
18 0.485938 0.327315 0.026042 0.026852
16 0.511979 0.368056 0.006250 0.017593
16 0.508333 0.370833 0.007292 0.015741
16 0.504427 0.373611 0.007812 0.015741
16 0.500260 0.380556 0.008854 0.016667
16 0.462240 0.368519 0.009896 0.020370
16 0.420312 0.403241 0.010417 0.019444
16 0.426823 0.409722 0.006771 0.015741
16 0.442448 0.393981 0.006771 0.013889
16 0.438542 0.425000 0.007292 0.012963
16 0.448437 0.414352 0.006250 0.015741
16 0.458073 0.404630 0.008854 0.012963
16 0.464323 0.399537 0.006771 0.015741
16 0.469531 0.395833 0.007812 0.013889
21 0.462760 0.405093 0.106771 0.128704
1 0.483333 0.125000 0.102083 0.140741
5 0.500260 0.145833 0.080729 0.167593
9 0.480990 0.228241 0.040104 0.023148
17 0.475000 0.243981 0.034375 0.019444
0 0.508073 0.225463 0.052604 0.106481
34 0.602865 0.237037 0.046354 0.035185
4 0.330469 0.435648 0.107813 0.160185
2 0.306771 0.464352 0.091667 0.158333
3 0.290365 0.485185 0.063021 0.183333
