5 0.491667 0.743981 0.093750 0.086111
34 0.120313 0.723148 0.046875 0.116667
15 0.320573 0.491667 0.034896 0.027778
20 0.333333 0.492593 0.022917 0.022222
20 0.348958 0.463889 0.031250 0.033333
20 0.357812 0.440278 0.030208 0.034259
14 0.463021 0.506944 0.023958 0.045370
19 0.471094 0.502778 0.022396 0.048148
14 0.580469 0.537963 0.024479 0.046296
19 0.570312 0.531944 0.026042 0.049074
30 0.401562 0.357407 0.042708 0.055556
24 0.412500 0.473148 0.052083 0.125926
28 0.536458 0.450000 0.057292 0.098148
29 0.695052 0.453241 0.100521 0.039815
27 0.710417 0.289352 0.127083 0.286111
26 0.620833 0.384722 0.089583 0.184259
23 0.371354 0.601852 0.053125 0.125926
22 0.430990 0.625000 0.049479 0.125926
17 0.430208 0.580093 0.045833 0.012037
17 0.430990 0.597222 0.045312 0.012963
17 0.430729 0.614815 0.044792 0.012963
17 0.431250 0.632407 0.044792 0.012963
17 0.431250 0.674537 0.039583 0.012037
17 0.432292 0.648611 0.044792 0.012037
18 0.452083 0.703704 0.011458 0.011111
21 0.516146 0.636111 0.122917 0.070370
16 0.461458 0.616204 0.008333 0.017593
16 0.468750 0.617130 0.009375 0.019444
16 0.477344 0.616667 0.008854 0.018519
16 0.484115 0.613889 0.008854 0.022222
16 0.512760 0.665741 0.007812 0.018519
16 0.526823 0.628704 0.007812 0.018519
16 0.533594 0.626852 0.007812 0.018519
16 0.541667 0.625463 0.011458 0.019444
16 0.549479 0.652315 0.010417 0.017593
16 0.556771 0.625926 0.010417 0.016667
16 0.570573 0.627315 0.009896 0.017593
16 0.570573 0.650463 0.010937 0.017593
16 0.572135 0.664352 0.011979 0.017593
0 0.414062 0.729630 0.094792 0.131481
1 0.527604 0.750000 0.083333 0.150000
17 0.455990 0.757870 0.039062 0.041667
3 0.692969 0.704167 0.054688 0.200926
2 0.669271 0.712963 0.037500 0.209259
4 0.641927 0.717593 0.035937 0.235185
16 0.783594 0.223148 0.014063 0.018519
17 0.714844 0.306944 0.046354 0.043519
11 0.810417 0.437963 0.113542 0.140741
10 0.828646 0.569907 0.102083 0.104630
12 0.669010 0.553241 0.082812 0.099074
13 0.746615 0.566204 0.076563 0.104630
