21 0.446875 0.493056 0.101042 0.113889
14 0.390625 0.658796 0.055208 0.108333
20 0.445573 0.621296 0.033854 0.087037
22 0.486979 0.887963 0.130208 0.224074
24 0.499479 0.711574 0.100000 0.173148
30 0.394271 0.795833 0.066667 0.115741
20 0.432292 0.769444 0.039583 0.092593
20 0.454167 0.764815 0.039583 0.094444
19 0.410417 0.687963 0.046875 0.098148
19 0.388802 0.606944 0.044271 0.075000
14 0.376042 0.578704 0.043750 0.094444
15 0.436198 0.594907 0.035937 0.102778
29 0.415625 0.565741 0.077083 0.090741
28 0.347396 0.585648 0.054167 0.104630
10 0.357292 0.481481 0.059375 0.079630
3 0.394792 0.441667 0.031250 0.042593
16 0.450000 0.504630 0.009375 0.020370
16 0.459375 0.466204 0.008333 0.021296
16 0.451562 0.459259 0.008333 0.020370
16 0.442188 0.454630 0.008333 0.020370
16 0.433594 0.447685 0.009896 0.019444
16 0.425000 0.441667 0.009375 0.020370
16 0.417708 0.478241 0.007292 0.015741
16 0.404167 0.451852 0.008333 0.014815
16 0.408594 0.455556 0.007812 0.014815
16 0.399219 0.460648 0.009896 0.015741
16 0.400521 0.474537 0.010417 0.015741
16 0.410938 0.468056 0.007292 0.013889
16 0.405990 0.465278 0.008854 0.013889
26 0.258854 0.557870 0.126042 0.173148
16 0.195312 0.541667 0.011458 0.042593
27 0.171875 0.560648 0.134375 0.147222
0 0.177865 0.486111 0.108854 0.140741
1 0.182292 0.427778 0.076042 0.087037
10 0.227865 0.315741 0.050521 0.053704
