13 0.520052 0.268981 0.051562 0.080556
26 0.452865 0.267130 0.068229 0.137963
27 0.433333 0.329167 0.118750 0.219444
21 0.532292 0.691667 0.065625 0.138889
15 0.145833 0.897685 0.065625 0.119444
20 0.161719 0.927315 0.060937 0.106481
19 0.379948 0.753241 0.041146 0.104630
14 0.372396 0.715741 0.039583 0.125926
24 0.415104 0.630093 0.090625 0.156481
28 0.337500 0.578704 0.076042 0.127778
29 0.479167 0.612500 0.051042 0.113889
11 0.455729 0.493981 0.081250 0.163889
16 0.464323 0.324537 0.008854 0.017593
16 0.522917 0.646296 0.015625 0.018519
16 0.519010 0.656944 0.014063 0.021296
16 0.516667 0.670370 0.016667 0.016667
16 0.512760 0.681944 0.016146 0.019444
16 0.509896 0.699074 0.015625 0.029630
16 0.545573 0.721296 0.017188 0.020370
16 0.557552 0.667130 0.015104 0.021296
17 0.477865 0.322222 0.009896 0.012963
0 0.502344 0.364815 0.065104 0.101852
12 0.519010 0.368981 0.079687 0.121296
4 0.545052 0.238426 0.041146 0.197222
13 0.504427 0.289352 0.061979 0.073148
10 0.554948 0.360648 0.052604 0.108333
1 0.561198 0.243519 0.081771 0.170370
14 0.584635 0.367130 0.020313 0.086111
19 0.580469 0.387037 0.026562 0.077778
2 0.626563 0.433333 0.114583 0.074074
