20 0.051562 0.455556 0.050000 0.063889
15 0.036719 0.438889 0.053646 0.076389
28 0.249479 0.366667 0.080208 0.104167
24 0.273958 0.480208 0.108333 0.121528
14 0.142448 0.503472 0.064062 0.093056
19 0.164062 0.526736 0.061458 0.084028
29 0.329167 0.546875 0.165625 0.110417
11 0.423177 0.421528 0.129688 0.155556
16 0.488021 0.241667 0.011458 0.013889
27 0.465365 0.241667 0.131771 0.248611
17 0.575521 0.288542 0.054167 0.014583
26 0.595573 0.206597 0.110937 0.153472
13 0.647396 0.290972 0.085417 0.106944
13 0.705990 0.289583 0.079687 0.100000
22 0.718229 0.388542 0.093750 0.120139
12 0.545833 0.437847 0.119792 0.128472
10 0.646094 0.401736 0.110937 0.149306
10 0.801042 0.479514 0.119792 0.164583
5 0.730208 0.481597 0.075000 0.146528
14 0.664323 0.485764 0.057813 0.099306
19 0.648698 0.511458 0.056771 0.085417
2 0.655208 0.595486 0.139583 0.196528
4 0.609635 0.614236 0.172396 0.197917
7 0.532813 0.788889 0.022917 0.022222
3 0.277344 0.673264 0.350521 0.213194
16 0.261458 0.636111 0.013542 0.026389
16 0.272396 0.631944 0.013542 0.026389
16 0.284115 0.625694 0.014063 0.026389
16 0.295052 0.624306 0.014063 0.026389
16 0.308073 0.618750 0.014063 0.026389
16 0.365104 0.667014 0.017708 0.025694
16 0.379167 0.595139 0.014583 0.025000
16 0.391146 0.590278 0.014583 0.025000
16 0.403646 0.587500 0.014583 0.025000
16 0.430208 0.593750 0.016667 0.023611
16 0.443750 0.591667 0.014583 0.023611
16 0.439583 0.572569 0.020833 0.020139
21 0.362240 0.640972 0.216146 0.134722
0 0.260677 0.792361 0.144271 0.304167
1 0.631510 0.801736 0.201563 0.203472
