16 0.528385 0.468403 0.057813 0.032639
21 0.585417 0.493403 0.211458 0.134028
8 0.541406 0.472222 0.017188 0.011111
15 0.277344 0.077083 0.025521 0.098611
20 0.285677 0.111458 0.031771 0.084028
14 0.415365 0.218056 0.040104 0.120833
19 0.413021 0.254861 0.042708 0.090278
28 0.530990 0.160764 0.088021 0.107639
24 0.533854 0.280556 0.118750 0.123611
16 0.769010 0.212500 0.026562 0.033333
27 0.767448 0.193056 0.140104 0.245833
26 0.860417 0.232639 0.109375 0.145833
17 0.829427 0.298264 0.040104 0.036806
13 0.929948 0.377431 0.045312 0.113194
13 0.882552 0.345139 0.068229 0.100000
22 0.928385 0.486111 0.025521 0.090278
14 0.906771 0.521875 0.021875 0.029861
5 0.902083 0.579861 0.036458 0.090278
16 0.691146 0.491319 0.014583 0.017361
16 0.678646 0.488889 0.015625 0.019444
16 0.658854 0.469792 0.011458 0.018750
16 0.647656 0.469444 0.011979 0.015278
16 0.608854 0.518056 0.016667 0.023611
16 0.507552 0.423264 0.014063 0.028472
16 0.522396 0.427083 0.014583 0.023611
16 0.535937 0.430208 0.013542 0.027083
16 0.549479 0.435417 0.013542 0.027778
16 0.562240 0.437847 0.014063 0.027083
29 0.581250 0.388889 0.173958 0.091667
10 0.954948 0.593750 0.082812 0.130556
4 0.723958 0.399306 0.348958 0.168056
1 0.815365 0.484722 0.233854 0.331944
0 0.454948 0.531250 0.179688 0.220833
11 0.696354 0.315278 0.131250 0.152778
