22 0.520833 0.488542 0.106250 0.193750
27 0.678125 0.085069 0.137500 0.170139
24 0.256250 0.368750 0.136458 0.154167
20 0.146354 0.143056 0.055208 0.086111
15 0.130469 0.118403 0.058854 0.102083
14 0.272396 0.211806 0.068750 0.129167
19 0.291406 0.245139 0.067187 0.106944
29 0.305729 0.181250 0.180208 0.081944
28 0.416146 0.080208 0.095833 0.120139
30 0.465104 0.182292 0.078125 0.082639
16 0.557292 0.229514 0.020833 0.025694
16 0.559896 0.247569 0.016667 0.025694
16 0.545573 0.246875 0.016146 0.029861
16 0.515625 0.232986 0.015625 0.031250
16 0.501563 0.233681 0.017708 0.032639
16 0.488021 0.235417 0.016667 0.029167
16 0.477344 0.298264 0.018229 0.032639
16 0.405208 0.240625 0.016667 0.029861
16 0.405729 0.305208 0.016667 0.031250
16 0.346875 0.314236 0.021875 0.025694
16 0.390625 0.242361 0.016667 0.030556
16 0.376823 0.244792 0.017188 0.031250
16 0.363281 0.247222 0.017188 0.029167
16 0.349219 0.248611 0.018229 0.030556
21 0.457292 0.289236 0.240625 0.117361
17 0.693490 0.046181 0.069271 0.070139
11 0.642188 0.221181 0.164583 0.170139
26 0.817969 0.064583 0.126562 0.129167
13 0.911198 0.196528 0.084896 0.123611
12 0.793750 0.187847 0.114583 0.145139
13 0.788802 0.309028 0.132812 0.131944
10 0.939583 0.310764 0.115625 0.159028
10 0.961719 0.451389 0.076563 0.151389
2 0.845052 0.486806 0.056771 0.248611
4 0.825260 0.501736 0.096354 0.268750
3 0.795312 0.487847 0.114583 0.239583
5 0.744271 0.486111 0.115625 0.300000
23 0.620052 0.450347 0.108854 0.103472
18 0.515365 0.397917 0.092188 0.019444
18 0.508333 0.424306 0.092708 0.016667
18 0.520573 0.451042 0.095312 0.015972
18 0.522135 0.475000 0.093229 0.018056
18 0.512240 0.508681 0.084896 0.020139
18 0.530469 0.555208 0.075521 0.021528
17 0.518750 0.409375 0.083333 0.020139
17 0.519531 0.436806 0.084896 0.022222
17 0.522135 0.463194 0.084896 0.022222
17 0.523698 0.490625 0.085938 0.021528
17 0.524479 0.517708 0.086458 0.021528
17 0.527344 0.560069 0.084896 0.021528
0 0.399479 0.574653 0.214583 0.221528
1 0.658854 0.588889 0.188542 0.227778
14 0.914583 0.324306 0.083333 0.069444
19 0.892708 0.349306 0.068750 0.076389
2 0.847396 0.490972 0.056250 0.248611
