15 0.210677 0.342708 0.030729 0.113194
14 0.368490 0.544097 0.049479 0.109028
19 0.360156 0.575000 0.050521 0.084722
24 0.484375 0.581944 0.121875 0.131944
29 0.528385 0.697917 0.139063 0.070833
16 0.463021 0.849306 0.025000 0.020833
16 0.467448 0.771528 0.017188 0.034722
16 0.479948 0.773611 0.015104 0.033333
16 0.494010 0.775000 0.014063 0.034722
16 0.508073 0.773958 0.016146 0.031250
16 0.520833 0.776736 0.015625 0.032639
16 0.569010 0.852431 0.017188 0.029861
16 0.592969 0.782986 0.018229 0.025694
16 0.603646 0.781944 0.015625 0.029167
16 0.614323 0.783681 0.010937 0.029861
21 0.535677 0.812500 0.198437 0.104167
10 0.810937 0.685417 0.089583 0.141667
10 0.885677 0.801042 0.085938 0.118750
14 0.838802 0.774306 0.032813 0.047222
22 0.846615 0.689236 0.049479 0.109028
13 0.810937 0.577083 0.068750 0.104167
13 0.850521 0.592708 0.055208 0.104861
17 0.762240 0.540625 0.039062 0.034028
26 0.792448 0.475000 0.104688 0.144444
16 0.732292 0.492708 0.013542 0.042361
27 0.707812 0.453125 0.139583 0.243750
28 0.479427 0.437847 0.091146 0.121528
16 0.501302 0.397569 0.017188 0.038194
1 0.551042 0.420833 0.125000 0.172222
0 0.365885 0.757292 0.167187 0.232639
20 0.215104 0.373264 0.029167 0.078472
