5 0.678646 0.542014 0.108333 0.195139
19 0.648177 0.559375 0.051562 0.075694
10 0.578385 0.492361 0.122396 0.166667
22 0.707812 0.475694 0.085417 0.111111
14 0.662500 0.536111 0.057292 0.087500
27 0.542969 0.371181 0.110937 0.152083
21 0.293229 0.489236 0.169792 0.090972
15 0.092969 0.422569 0.044271 0.081250
20 0.104948 0.444444 0.041146 0.065278
14 0.186719 0.555903 0.060937 0.090972
19 0.201823 0.579167 0.056771 0.081944
16 0.216667 0.460764 0.011458 0.018750
24 0.412760 0.688194 0.123438 0.123611
28 0.311198 0.382986 0.072396 0.095139
26 0.623437 0.288542 0.110417 0.143750
11 0.450781 0.464931 0.117188 0.134028
2 0.658594 0.830208 0.309896 0.165972
16 0.226042 0.459375 0.009375 0.015972
16 0.235937 0.459028 0.009375 0.018056
16 0.245573 0.455556 0.011979 0.016667
16 0.254688 0.454861 0.009375 0.018056
16 0.210938 0.505903 0.010417 0.015972
16 0.252083 0.500347 0.010417 0.015972
16 0.311198 0.446875 0.011979 0.015972
16 0.321875 0.444792 0.010417 0.015972
16 0.331771 0.443750 0.011458 0.016667
16 0.351042 0.445139 0.011458 0.029167
16 0.361458 0.437847 0.012500 0.015972
16 0.362760 0.450000 0.010937 0.013889
16 0.546354 0.317708 0.010417 0.017361
13 0.677604 0.372222 0.075000 0.098611
13 0.735938 0.378125 0.070833 0.096528
12 0.771094 0.457986 0.085938 0.110417
29 0.778646 0.620833 0.070833 0.170833
10 0.820052 0.574306 0.102604 0.143056
3 0.657813 0.654861 0.144792 0.155556
17 0.614323 0.369097 0.034896 0.011806
6 0.509115 0.903472 0.020313 0.019444
0 0.419792 0.904861 0.192708 0.190278
1 0.685417 0.875694 0.158333 0.244444
