16 0.554948 0.483333 0.019271 0.026389
16 0.557031 0.501042 0.016146 0.022917
16 0.543490 0.501042 0.015104 0.027083
16 0.517969 0.486458 0.015104 0.027083
16 0.505469 0.486458 0.016146 0.027083
16 0.491406 0.488194 0.018229 0.025000
16 0.414062 0.492708 0.014583 0.028472
16 0.400260 0.493056 0.015104 0.027778
16 0.387240 0.495139 0.014063 0.029167
16 0.373698 0.496181 0.015104 0.028472
16 0.361198 0.496875 0.016146 0.031250
16 0.360417 0.566667 0.022917 0.022222
0 0.410677 0.645139 0.140104 0.250000
21 0.460156 0.535764 0.224479 0.109028
7 0.630469 0.651389 0.022396 0.050000
3 0.693229 0.462500 0.116667 0.340278
4 0.692708 0.547569 0.104167 0.163194
1 0.746094 0.480208 0.207813 0.343750
5 0.827083 0.485764 0.045833 0.120139
10 0.886719 0.501042 0.106771 0.146528
10 0.777865 0.364583 0.080729 0.133333
22 0.824219 0.388542 0.073438 0.114583
13 0.767448 0.277083 0.081771 0.112500
13 0.822917 0.291667 0.066667 0.111111
12 0.642708 0.365278 0.075000 0.125000
17 0.701823 0.250347 0.050521 0.025694
26 0.725521 0.174653 0.113542 0.156250
16 0.606510 0.185417 0.028646 0.040278
27 0.608854 0.168403 0.125000 0.253472
11 0.537760 0.328125 0.138021 0.143750
24 0.386198 0.345486 0.115104 0.103472
16 0.402344 0.426736 0.015104 0.045139
29 0.450781 0.429861 0.180729 0.058333
28 0.372656 0.225694 0.082812 0.104167
19 0.264844 0.361458 0.055729 0.092361
14 0.251563 0.331597 0.060417 0.110417
20 0.140625 0.263542 0.042708 0.072917
15 0.128125 0.239931 0.046875 0.092361
