28 0.316406 0.470139 0.095312 0.127778
20 0.054688 0.490972 0.052083 0.073611
15 0.040625 0.469097 0.058333 0.092361
14 0.174479 0.627083 0.073958 0.097222
19 0.195052 0.650000 0.066146 0.088889
24 0.331250 0.625347 0.130208 0.121528
29 0.409375 0.738889 0.203125 0.058333
16 0.310677 0.910417 0.019271 0.033333
16 0.428385 0.901042 0.017188 0.032639
16 0.304948 0.830903 0.017188 0.034028
16 0.320833 0.834722 0.016667 0.033333
16 0.336979 0.830903 0.017708 0.034028
16 0.351302 0.830208 0.015104 0.034028
16 0.365885 0.828819 0.016146 0.034028
16 0.451302 0.817708 0.018229 0.025694
16 0.465104 0.815278 0.014583 0.031944
16 0.478646 0.814931 0.016667 0.032639
16 0.508073 0.828125 0.018229 0.031250
16 0.519792 0.803125 0.021875 0.022917
16 0.522396 0.826042 0.016667 0.028472
21 0.415104 0.861806 0.247917 0.130556
3 0.623437 0.878472 0.136458 0.220833
4 0.675781 0.842014 0.126562 0.203472
2 0.703125 0.805903 0.058333 0.150694
11 0.497135 0.613542 0.158854 0.167361
12 0.637500 0.636806 0.123958 0.138889
17 0.669792 0.473264 0.039583 0.020139
16 0.610417 0.453819 0.014583 0.050694
16 0.603646 0.399653 0.013542 0.015972
27 0.586979 0.409722 0.139583 0.294444
1 0.671615 0.405556 0.132812 0.145833
26 0.702083 0.389931 0.119792 0.164583
13 0.798958 0.501042 0.070833 0.109028
10 0.891667 0.725694 0.053125 0.130556
0 0.287760 0.982292 0.115104 0.036806
