0 0.217448 0.939931 0.159896 0.118750
1 0.866406 0.191667 0.172396 0.298611
5 0.819010 0.148611 0.257812 0.272222
9 0.692187 0.243750 0.040625 0.109722
13 0.721615 0.392361 0.079687 0.106944
10 0.744792 0.493403 0.087500 0.153472
14 0.728646 0.527431 0.065625 0.071528
19 0.711198 0.551042 0.057813 0.071528
3 0.630208 0.714931 0.138542 0.193750
4 0.663281 0.717361 0.125521 0.223611
2 0.680729 0.689583 0.084375 0.230556
12 0.601823 0.435069 0.105729 0.127083
13 0.584375 0.538542 0.116667 0.122917
11 0.454688 0.524306 0.144792 0.163889
17 0.490104 0.330208 0.057292 0.052083
27 0.485938 0.301042 0.126042 0.279861
26 0.621875 0.280903 0.115625 0.161806
30 0.289062 0.502083 0.070833 0.081944
28 0.244271 0.401042 0.086458 0.115972
29 0.147917 0.509375 0.157292 0.068750
14 0.112240 0.563194 0.067187 0.095833
19 0.136979 0.587153 0.065625 0.086806
24 0.113802 0.704514 0.123438 0.146528
16 0.187500 0.655208 0.019792 0.021528
16 0.238542 0.642014 0.013542 0.028472
16 0.304688 0.628472 0.018750 0.022222
16 0.360938 0.564583 0.014583 0.027778
16 0.375000 0.560417 0.012500 0.025000
16 0.371615 0.545486 0.018229 0.024306
16 0.333594 0.553472 0.013021 0.027778
16 0.320312 0.556250 0.014583 0.026389
16 0.308594 0.560069 0.013021 0.024306
16 0.234896 0.576042 0.012500 0.027083
16 0.222396 0.578472 0.012500 0.026389
16 0.210417 0.582292 0.012500 0.028472
16 0.198177 0.586111 0.013021 0.027778
16 0.185417 0.586458 0.013542 0.024306
21 0.288802 0.611806 0.216146 0.130556
22 0.369531 0.783681 0.108854 0.189583
23 0.457031 0.751042 0.115104 0.192361
20 0.015104 0.474306 0.030208 0.056944
17 0.359115 0.710069 0.086979 0.027083
17 0.360417 0.735069 0.087500 0.028472
18 0.363802 0.748958 0.086979 0.025694
17 0.364583 0.760069 0.075000 0.027083
18 0.366146 0.770833 0.086458 0.026389
17 0.368490 0.785417 0.078646 0.027778
18 0.361458 0.802431 0.087500 0.029861
17 0.371615 0.811806 0.078646 0.030556
18 0.375260 0.836806 0.088021 0.031944
17 0.377083 0.849653 0.080208 0.031250
