27 0.213021 0.598611 0.175000 0.154630
15 0.492969 0.974074 0.034896 0.051852
14 0.460677 0.671296 0.046354 0.122222
19 0.471094 0.704630 0.045312 0.103704
24 0.403906 0.674537 0.093229 0.145370
28 0.336979 0.786111 0.086458 0.146296
29 0.411719 0.574537 0.074479 0.102778
11 0.340885 0.597222 0.101562 0.161111
16 0.234115 0.534722 0.009896 0.019444
3 0.370833 0.486111 0.020833 0.022222
12 0.313281 0.493056 0.095312 0.117593
4 0.250521 0.345833 0.068750 0.175000
26 0.163021 0.552778 0.118750 0.144444
10 0.289323 0.420833 0.044271 0.065741
22 0.255208 0.451389 0.050000 0.086111
13 0.202604 0.469444 0.061458 0.068519
13 0.220052 0.517130 0.060937 0.104630
1 0.271615 0.338889 0.100521 0.100000
5 0.301823 0.437037 0.084896 0.118519
14 0.311458 0.387037 0.025000 0.037037
0 0.307552 0.462037 0.076563 0.142593
16 0.477865 0.491204 0.010937 0.017593
16 0.499219 0.506944 0.008854 0.021296
16 0.456510 0.523611 0.011979 0.017593
16 0.461979 0.527778 0.011458 0.016667
16 0.467969 0.530556 0.009896 0.018519
16 0.473177 0.536111 0.008854 0.018519
16 0.479427 0.540278 0.008854 0.015741
21 0.470573 0.527778 0.083854 0.098148
