29 0.335417 0.368519 0.067708 0.085185
27 0.214062 0.596759 0.178125 0.156481
20 0.521094 0.966204 0.044271 0.067593
15 0.507292 0.949074 0.040625 0.101852
28 0.337240 0.783333 0.085938 0.146296
16 0.470573 0.690741 0.011979 0.025926
16 0.420312 0.713426 0.011458 0.021296
16 0.426042 0.718981 0.011458 0.017593
16 0.433073 0.725000 0.011979 0.024074
16 0.439583 0.733796 0.012500 0.025000
16 0.444010 0.742130 0.015104 0.021296
16 0.385156 0.673611 0.013021 0.017593
16 0.380208 0.668519 0.012500 0.022222
16 0.375000 0.662500 0.009375 0.021296
16 0.372396 0.639352 0.009375 0.021296
16 0.365885 0.636574 0.008854 0.021296
16 0.359896 0.647222 0.009375 0.020370
16 0.363802 0.653704 0.010937 0.020370
21 0.421354 0.691667 0.131250 0.175926
19 0.503385 0.604167 0.040104 0.099074
14 0.493229 0.571759 0.039583 0.115741
24 0.448177 0.499537 0.079687 0.102778
11 0.326042 0.622222 0.106250 0.164815
16 0.253646 0.543056 0.027083 0.030556
10 0.346094 0.469907 0.069271 0.143519
26 0.160677 0.559259 0.118229 0.162963
22 0.277604 0.460185 0.068750 0.096296
13 0.220573 0.517130 0.063021 0.108333
13 0.204427 0.467593 0.061979 0.072222
12 0.251563 0.431481 0.066667 0.092593
5 0.324219 0.452778 0.079687 0.129630
10 0.307292 0.354167 0.067708 0.108333
14 0.322135 0.393519 0.027604 0.050000
2 0.397135 0.410185 0.033854 0.109259
16 0.453385 0.324537 0.019271 0.032407
0 0.495573 0.374537 0.101562 0.110185
7 0.391667 0.311574 0.005208 0.047222
3 0.383073 0.168981 0.022396 0.241667
1 0.378385 0.131481 0.061979 0.133333
