12 0.836979 0.262153 0.106250 0.150694
1 0.800000 0.474653 0.245833 0.392361
15 0.192708 0.072569 0.051042 0.113194
20 0.206510 0.100694 0.049479 0.090278
14 0.334375 0.195833 0.048958 0.134722
19 0.351823 0.232639 0.058854 0.106944
28 0.486719 0.090972 0.096354 0.118056
0 0.419792 0.492014 0.180208 0.232639
27 0.746875 0.115625 0.152083 0.231250
17 0.763021 0.075694 0.058333 0.030556
26 0.870052 0.122917 0.126562 0.168056
13 0.821354 0.296875 0.101042 0.079861
5 0.751823 0.354861 0.121354 0.206944
22 0.546094 0.542361 0.113021 0.204167
10 0.955990 0.402083 0.088021 0.150000
10 0.970313 0.541319 0.059375 0.142361
13 0.946354 0.286111 0.078125 0.122222
14 0.945573 0.413542 0.076563 0.063194
19 0.931250 0.428819 0.047917 0.059028
11 0.695833 0.262153 0.158333 0.163194
29 0.368750 0.170139 0.186458 0.070833
21 0.509375 0.310764 0.239583 0.127083
16 0.620313 0.274306 0.019792 0.025000
16 0.620833 0.290972 0.017708 0.020833
16 0.606771 0.289583 0.014583 0.022222
16 0.581510 0.267361 0.015104 0.025000
16 0.566927 0.263194 0.017188 0.025000
16 0.554427 0.263542 0.020313 0.024306
16 0.523958 0.325000 0.016667 0.026389
16 0.465104 0.317361 0.013542 0.030556
16 0.404948 0.310764 0.019271 0.024306
16 0.469531 0.251736 0.015104 0.029861
16 0.455469 0.250347 0.015104 0.029861
16 0.441667 0.248611 0.014583 0.029167
16 0.427344 0.247569 0.015104 0.027083
16 0.412500 0.244097 0.017708 0.024306
17 0.541927 0.461458 0.075521 0.020139
17 0.541927 0.489583 0.084896 0.022222
18 0.544792 0.470486 0.079167 0.013194
17 0.543750 0.516319 0.084375 0.025694
18 0.541927 0.505208 0.093229 0.024306
18 0.546615 0.530903 0.097396 0.022917
17 0.547917 0.543750 0.088542 0.025000
18 0.546875 0.556597 0.092708 0.021528
17 0.548177 0.572222 0.085938 0.026389
18 0.549219 0.582639 0.095312 0.025000
18 0.552083 0.600000 0.095833 0.023611
17 0.552604 0.614236 0.086458 0.025694
23 0.646615 0.530208 0.108854 0.192361
24 0.298698 0.359028 0.146354 0.130556
30 0.528385 0.203125 0.079687 0.082639
