24 0.068750 0.725347 0.076042 0.129861
19 0.091927 0.600000 0.082812 0.077778
14 0.061979 0.582986 0.097917 0.079861
16 0.140365 0.592014 0.017188 0.024306
16 0.151562 0.586458 0.012500 0.018750
16 0.161979 0.574306 0.007292 0.008333
29 0.103385 0.508681 0.151562 0.097917
30 0.237240 0.467014 0.072396 0.092361
28 0.192188 0.358333 0.103125 0.137500
17 0.346094 0.883681 0.043229 0.024306
17 0.349479 0.839931 0.018750 0.020139
17 0.352344 0.811806 0.010937 0.015278
18 0.351562 0.851736 0.029167 0.018750
18 0.348958 0.866667 0.035417 0.020833
22 0.351042 0.837500 0.064583 0.137500
23 0.431250 0.780903 0.140625 0.234028
17 0.472396 0.178125 0.079167 0.039583
27 0.464062 0.162500 0.177083 0.312500
16 0.597656 0.260764 0.021354 0.021528
26 0.644792 0.138542 0.148958 0.214583
11 0.464844 0.480903 0.116146 0.160417
12 0.621354 0.332986 0.126042 0.139583
0 0.501563 0.332639 0.215625 0.176389
9 0.580208 0.476042 0.018750 0.109028
13 0.615365 0.433333 0.136979 0.237500
5 0.718229 0.365278 0.273958 0.322222
13 0.762240 0.246181 0.077604 0.090972
1 0.726823 0.409722 0.150521 0.305556
14 0.805729 0.444444 0.043750 0.068056
10 0.844531 0.405903 0.094271 0.174306
10 0.879427 0.547569 0.132812 0.188194
2 0.685417 0.571181 0.034375 0.118750
4 0.655469 0.628819 0.076563 0.164583
3 0.634635 0.677431 0.136979 0.184028
