16 0.482031 0.695833 0.023438 0.026389
16 0.486198 0.720833 0.018229 0.029167
16 0.468750 0.727431 0.021875 0.032639
16 0.407031 0.739583 0.042188 0.058333
16 0.311719 0.734722 0.017188 0.036111
16 0.295312 0.737500 0.017708 0.037500
16 0.279948 0.742361 0.019271 0.037500
16 0.264062 0.744792 0.017708 0.036806
16 0.247917 0.743056 0.017708 0.034722
16 0.258854 0.828472 0.020833 0.033333
21 0.373437 0.764236 0.268750 0.154861
3 0.434896 0.726389 0.196875 0.263889
0 0.387500 0.797569 0.146875 0.377083
29 0.367969 0.647222 0.223438 0.073611
24 0.272656 0.516319 0.141146 0.146528
19 0.127083 0.561806 0.076042 0.093056
14 0.099740 0.537847 0.092188 0.100694
11 0.459115 0.479861 0.169271 0.187500
12 0.613021 0.509028 0.141667 0.145833
16 0.550781 0.287500 0.027604 0.051389
27 0.545052 0.246181 0.154688 0.321528
28 0.249479 0.348264 0.106250 0.139583
17 0.643490 0.325000 0.033854 0.019444
1 0.775000 0.405556 0.253125 0.312500
26 0.681250 0.233681 0.131250 0.184028
5 0.796875 0.626042 0.053125 0.124306
10 0.731250 0.502083 0.122917 0.183333
4 0.665365 0.731944 0.153646 0.227778
2 0.709635 0.726736 0.111979 0.234028
19 0.725260 0.642708 0.074479 0.068750
14 0.750521 0.624653 0.090625 0.075694
