27 0.575781 0.392593 0.116146 0.261111
15 0.320052 0.235648 0.019271 0.078704
29 0.596354 0.874537 0.086458 0.228704
10 0.663802 0.877315 0.120313 0.249074
5 0.553385 0.673611 0.072396 0.245370
12 0.721094 0.727778 0.101562 0.203704
13 0.746354 0.604167 0.093750 0.141667
13 0.681771 0.552315 0.085417 0.137963
22 0.637240 0.661574 0.092188 0.171296
17 0.637240 0.488889 0.026562 0.050000
16 0.552865 0.411574 0.018229 0.039815
26 0.662760 0.414352 0.117188 0.180556
2 0.443229 0.725926 0.038542 0.251852
10 0.489583 0.552315 0.084375 0.182407
14 0.529687 0.604630 0.027083 0.101852
19 0.526823 0.637963 0.030729 0.079630
0 0.252604 0.509259 0.086458 0.133333
7 0.374219 0.487037 0.021354 0.040741
24 0.385677 0.520833 0.055729 0.076852
1 0.290885 0.348148 0.125521 0.255556
3 0.304948 0.346759 0.127604 0.262037
34 0.119271 0.235648 0.026042 0.021296
20 0.326823 0.255556 0.022396 0.062963
16 0.360417 0.330093 0.010417 0.017593
16 0.364583 0.332870 0.008333 0.017593
16 0.369792 0.335648 0.007292 0.017593
16 0.374479 0.340741 0.009375 0.016667
16 0.378385 0.343056 0.007812 0.019444
16 0.406510 0.365741 0.008854 0.020370
16 0.412240 0.367593 0.008854 0.018519
16 0.416146 0.370833 0.008333 0.019444
16 0.422396 0.381944 0.008333 0.015741
16 0.427083 0.376852 0.009375 0.012963
16 0.431771 0.381944 0.007292 0.017593
16 0.427604 0.384722 0.007292 0.015741
21 0.393229 0.383796 0.086458 0.106481
11 0.476042 0.411111 0.086458 0.129630
28 0.436198 0.325926 0.050521 0.083333
