24 0.558594 0.521181 0.134896 0.128472
21 0.425521 0.323958 0.203125 0.104861
16 0.333594 0.291667 0.014063 0.019444
16 0.345573 0.289931 0.011979 0.020139
16 0.355990 0.288194 0.011979 0.020833
16 0.366667 0.284375 0.012500 0.020139
16 0.378125 0.284028 0.011458 0.020833
16 0.447917 0.276042 0.014583 0.021528
16 0.460156 0.273264 0.013021 0.025694
16 0.471875 0.272222 0.012500 0.022222
16 0.495052 0.265625 0.013021 0.018750
16 0.508333 0.265972 0.014583 0.018056
16 0.496354 0.282292 0.013542 0.015972
16 0.509115 0.280556 0.014063 0.013889
16 0.329688 0.344444 0.012500 0.020833
16 0.376823 0.336458 0.013021 0.018750
28 0.444271 0.198958 0.085417 0.110417
11 0.604167 0.288194 0.145833 0.154167
16 0.742969 0.152083 0.013021 0.023611
27 0.719271 0.150347 0.132292 0.295139
2 0.663542 0.378125 0.226042 0.210417
6 0.538542 0.480903 0.050000 0.039583
15 0.189062 0.236111 0.053125 0.084722
20 0.202083 0.259375 0.048958 0.070139
14 0.341406 0.495139 0.069271 0.093056
19 0.360156 0.518056 0.064062 0.084722
25 0.458073 0.674653 0.115104 0.114583
0 0.435417 0.562153 0.179167 0.268750
13 0.919792 0.256944 0.077083 0.118056
13 0.861719 0.244097 0.086979 0.124306
10 0.804167 0.437847 0.060417 0.143750
14 0.858854 0.456250 0.078125 0.091667
19 0.833594 0.477778 0.068229 0.081944
5 0.847396 0.443403 0.119792 0.242361
22 0.886979 0.368750 0.088542 0.133333
17 0.799219 0.212153 0.042188 0.028472
1 0.718229 0.438889 0.211458 0.306944
29 0.946094 0.559028 0.060937 0.208333
10 0.965625 0.496181 0.068750 0.153472
26 0.818750 0.125694 0.116667 0.166667
12 0.951562 0.372222 0.092708 0.134722
