24 0.505990 0.578472 0.111979 0.127778
25 0.506250 0.578125 0.114583 0.128472
21 0.357292 0.377083 0.181250 0.113889
15 0.150781 0.318056 0.063021 0.080556
20 0.160677 0.333333 0.048438 0.056944
16 0.272396 0.356597 0.013542 0.021528
16 0.282031 0.355556 0.014063 0.022222
16 0.291146 0.353125 0.013542 0.022917
16 0.300000 0.348958 0.013542 0.022917
16 0.310677 0.347222 0.014063 0.023611
16 0.269531 0.406250 0.014063 0.022222
16 0.310156 0.393403 0.011979 0.020139
16 0.372656 0.328819 0.015104 0.018750
16 0.384115 0.327431 0.013021 0.022917
16 0.393229 0.325000 0.015625 0.020833
16 0.415365 0.316319 0.013021 0.017361
16 0.427344 0.315278 0.015104 0.016667
16 0.415365 0.331597 0.015104 0.017361
16 0.428385 0.330903 0.014063 0.017361
0 0.407031 0.612847 0.179688 0.229861
1 0.807813 0.685764 0.164583 0.327083
2 0.802344 0.601389 0.170313 0.205556
6 0.711979 0.688542 0.023958 0.027083
3 0.700000 0.589583 0.077083 0.091667
14 0.269010 0.513542 0.077604 0.085417
10 0.675000 0.428472 0.141667 0.179167
19 0.287500 0.532292 0.065625 0.079861
28 0.372656 0.256944 0.084896 0.102778
11 0.521094 0.323958 0.135937 0.160417
12 0.893229 0.357639 0.103125 0.138889
13 0.855729 0.247569 0.084375 0.117361
5 0.775260 0.436806 0.143229 0.219444
26 0.742448 0.140278 0.122396 0.181944
27 0.634635 0.174306 0.138021 0.297222
29 0.893229 0.548264 0.069792 0.209028
22 0.822656 0.365278 0.097396 0.133333
10 0.938021 0.479861 0.120833 0.168056
17 0.721094 0.218403 0.051562 0.025694
14 0.769010 0.461806 0.071354 0.098611
13 0.792188 0.239931 0.086458 0.122917
16 0.652344 0.171181 0.011979 0.024306
19 0.746354 0.481250 0.061458 0.079167
