27 0.414062 0.336111 0.111458 0.218519
16 0.479948 0.618519 0.013021 0.038889
29 0.491406 0.590741 0.054688 0.142593
7 0.484375 0.607407 0.005208 0.033333
22 0.566406 0.302315 0.061979 0.043519
10 0.615625 0.300000 0.023958 0.085185
14 0.603906 0.362963 0.026562 0.077778
19 0.600521 0.380556 0.019792 0.042593
10 0.557552 0.350000 0.072396 0.112963
13 0.523698 0.268056 0.057813 0.080556
13 0.502604 0.293056 0.060417 0.078704
17 0.471094 0.331944 0.025521 0.030556
26 0.452083 0.270370 0.066667 0.144444
16 0.426563 0.356481 0.010417 0.040741
11 0.464062 0.490741 0.082292 0.161111
3 0.494531 0.474537 0.050521 0.252778
16 0.511198 0.680556 0.015104 0.016667
16 0.514583 0.667593 0.015625 0.014815
16 0.517188 0.654167 0.014583 0.015741
16 0.520052 0.642593 0.014063 0.014815
16 0.538021 0.580556 0.008333 0.018519
16 0.540365 0.570833 0.013021 0.013889
16 0.543750 0.561574 0.013542 0.012037
16 0.550781 0.536574 0.013021 0.019444
16 0.558854 0.539815 0.009375 0.020370
16 0.566927 0.621759 0.009896 0.015741
16 0.540625 0.715278 0.013542 0.015741
21 0.546354 0.646759 0.080208 0.219444
24 0.415104 0.630093 0.091667 0.154630
14 0.371875 0.716667 0.037500 0.124074
19 0.379948 0.753241 0.040104 0.102778
1 0.515625 0.416204 0.104167 0.180556
0 0.474740 0.723611 0.088021 0.225000
28 0.335938 0.581019 0.076042 0.126852
15 0.146094 0.898148 0.065104 0.120370
20 0.161979 0.928241 0.059375 0.104630
16 0.558333 0.550000 0.009375 0.014815
