24 0.275260 0.657639 0.161979 0.165278
19 0.339844 0.540972 0.052604 0.079167
14 0.342969 0.498611 0.052604 0.101389
29 0.358333 0.443750 0.197917 0.108333
30 0.518490 0.513889 0.079687 0.088889
16 0.397135 0.640625 0.021354 0.032639
16 0.407813 0.561806 0.018750 0.031944
16 0.422135 0.569444 0.017188 0.031944
16 0.437240 0.571875 0.017188 0.032639
16 0.451042 0.575694 0.015625 0.031944
16 0.464323 0.578472 0.017188 0.031944
16 0.457031 0.647569 0.017188 0.018750
16 0.513542 0.668403 0.017708 0.031250
16 0.543490 0.602083 0.018229 0.025000
16 0.557292 0.601389 0.016667 0.029167
16 0.570312 0.606597 0.014583 0.031250
16 0.590625 0.630208 0.013542 0.027083
21 0.489583 0.630208 0.231250 0.143750
17 0.477344 0.307292 0.058854 0.063194
28 0.483073 0.376736 0.097396 0.131250
1 0.558333 0.363194 0.151042 0.200000
17 0.745573 0.403125 0.047396 0.028472
16 0.778646 0.512500 0.014583 0.015278
27 0.730990 0.400347 0.158854 0.267361
26 0.823958 0.435764 0.116667 0.147917
12 0.787500 0.576042 0.088542 0.134028
13 0.871875 0.577778 0.061458 0.111111
14 0.876823 0.717708 0.053646 0.042361
10 0.884635 0.688889 0.090104 0.127778
10 0.904427 0.815972 0.065104 0.118056
17 0.529687 0.903819 0.077083 0.018750
18 0.526302 0.927083 0.083854 0.015278
18 0.529687 0.892708 0.085417 0.015972
17 0.530208 0.876736 0.077083 0.015972
17 0.531510 0.851042 0.076563 0.015972
17 0.548438 0.799306 0.044792 0.013889
17 0.540365 0.825694 0.059896 0.015278
18 0.542448 0.812153 0.049479 0.013194
18 0.537500 0.837847 0.071875 0.011806
18 0.529948 0.865278 0.083854 0.013889
22 0.524479 0.869097 0.100000 0.184028
23 0.611979 0.860764 0.090625 0.185417
0 0.456250 0.769792 0.227083 0.231250
20 0.187760 0.302778 0.040104 0.093056
15 0.178646 0.271181 0.040625 0.121528
