29 0.609635 0.519097 0.178646 0.097917
15 0.285417 0.131944 0.025000 0.119444
20 0.291667 0.161806 0.025000 0.088889
14 0.435156 0.320833 0.047396 0.123611
19 0.425781 0.357639 0.049479 0.094444
28 0.560417 0.251389 0.097917 0.123611
24 0.556510 0.394444 0.127604 0.145833
26 0.908854 0.354514 0.072917 0.146528
27 0.819271 0.213542 0.118750 0.074306
13 0.938281 0.503125 0.053646 0.114583
13 0.910156 0.477083 0.046354 0.105556
22 0.928646 0.603472 0.034375 0.123611
10 0.952865 0.735069 0.077604 0.124306
14 0.910937 0.679861 0.030208 0.045833
5 0.911719 0.721528 0.018229 0.047222
10 0.906771 0.582986 0.061458 0.156250
11 0.704427 0.445833 0.103646 0.175000
7 0.641406 0.477083 0.033854 0.033333
16 0.571094 0.506250 0.020313 0.033333
16 0.521094 0.571528 0.015104 0.031944
16 0.535937 0.577083 0.014583 0.030556
16 0.552344 0.580903 0.014063 0.031250
16 0.566146 0.585764 0.014583 0.029861
16 0.579167 0.590972 0.012500 0.029167
16 0.653646 0.615278 0.016667 0.020833
16 0.665365 0.617361 0.011979 0.029167
16 0.677083 0.622917 0.012500 0.029167
16 0.696094 0.645486 0.017188 0.021528
16 0.707812 0.629514 0.017708 0.025694
16 0.709115 0.648958 0.013021 0.018750
16 0.620573 0.679514 0.015104 0.025694
16 0.510156 0.652083 0.024479 0.022222
21 0.595313 0.640278 0.222917 0.154167
0 0.480729 0.505903 0.200000 0.186806
1 0.798698 0.417361 0.201563 0.393056
3 0.771354 0.335417 0.240625 0.275000
