14 0.420833 0.310764 0.041667 0.115972
19 0.420833 0.345139 0.043750 0.090278
24 0.540365 0.367708 0.119271 0.125694
28 0.542448 0.243056 0.089063 0.111111
20 0.296354 0.190278 0.032292 0.081944
15 0.289062 0.165278 0.028125 0.105556
16 0.772917 0.283333 0.032292 0.026389
17 0.837240 0.370833 0.042188 0.038889
27 0.776042 0.273611 0.137500 0.259722
26 0.869531 0.304167 0.108854 0.151389
16 0.558333 0.450000 0.011458 0.018056
29 0.542708 0.459028 0.065625 0.056944
16 0.500260 0.585069 0.016146 0.029861
16 0.505729 0.515278 0.015625 0.029167
16 0.519271 0.522569 0.016667 0.029861
16 0.544271 0.522569 0.020833 0.036806
16 0.592969 0.613542 0.018229 0.024306
16 0.606510 0.614583 0.013021 0.022222
3 0.636719 0.501736 0.215104 0.115972
7 0.758854 0.562500 0.036458 0.020833
21 0.587240 0.584722 0.206771 0.137500
0 0.422917 0.628125 0.153125 0.264583
1 0.649740 0.545833 0.200521 0.230556
4 0.789323 0.633333 0.058854 0.133333
2 0.829167 0.673611 0.050000 0.188889
19 0.863542 0.621875 0.064583 0.063194
14 0.885938 0.608681 0.081250 0.064583
5 0.909115 0.659028 0.040104 0.083333
10 0.960677 0.664236 0.078646 0.132639
12 0.789583 0.481250 0.109375 0.151389
10 0.878385 0.520139 0.105729 0.166667
22 0.923177 0.538542 0.055729 0.122917
13 0.890625 0.418056 0.069792 0.109722
13 0.933594 0.443403 0.058854 0.117361
11 0.688802 0.396528 0.135937 0.169444
