24 0.314063 0.371875 0.130208 0.115972
20 0.231510 0.151389 0.041146 0.080556
15 0.220573 0.126389 0.040104 0.104167
28 0.478125 0.141319 0.083333 0.103472
29 0.374219 0.210417 0.163021 0.059722
19 0.361979 0.261806 0.050000 0.097222
14 0.346875 0.227778 0.041667 0.120833
30 0.516406 0.234028 0.066146 0.069444
16 0.414583 0.272222 0.015625 0.026389
16 0.427344 0.273264 0.014063 0.027083
16 0.439844 0.273958 0.014063 0.027083
16 0.452344 0.275347 0.014063 0.027083
16 0.464323 0.276042 0.014063 0.027083
16 0.408333 0.327431 0.016667 0.024306
16 0.461458 0.329861 0.013542 0.026389
16 0.513542 0.336111 0.015625 0.025000
16 0.537760 0.285764 0.016146 0.024306
16 0.550781 0.285069 0.015104 0.027083
16 0.563542 0.286806 0.013542 0.026389
21 0.482812 0.324306 0.176042 0.098611
17 0.533854 0.427778 0.084375 0.019444
17 0.506510 0.448611 0.032813 0.016667
17 0.505729 0.472222 0.019792 0.015278
17 0.500260 0.496181 0.024479 0.015972
17 0.521094 0.523264 0.057813 0.018750
17 0.531510 0.560417 0.079687 0.019444
18 0.527344 0.535764 0.079687 0.015972
18 0.530729 0.547917 0.088542 0.015278
9 0.553906 0.544444 0.086979 0.069444
22 0.531250 0.504514 0.094792 0.177083
0 0.407031 0.575347 0.184896 0.231250
5 0.612240 0.381250 0.208854 0.363889
23 0.635938 0.525694 0.094792 0.150000
1 0.680469 0.371528 0.247396 0.341667
17 0.720313 0.113889 0.058333 0.030556
27 0.707031 0.126389 0.128646 0.251389
26 0.825521 0.146528 0.112500 0.156944
12 0.801823 0.272569 0.101562 0.128472
13 0.789583 0.354514 0.094792 0.153472
13 0.908073 0.287500 0.072396 0.111111
10 0.934635 0.390625 0.108854 0.143750
10 0.958333 0.515972 0.083333 0.144444
2 0.841667 0.525347 0.058333 0.224306
14 0.907813 0.397222 0.075000 0.070833
19 0.888802 0.418750 0.063021 0.070833
