26 0.745833 0.251852 0.104167 0.222222
14 0.682552 0.588889 0.042188 0.048148
27 0.644531 0.293056 0.117188 0.289815
3 0.550521 0.820370 0.078125 0.187037
0 0.468490 0.770370 0.091146 0.161111
16 0.495573 0.753241 0.010937 0.019444
7 0.589844 0.720833 0.013021 0.039815
1 0.581510 0.853241 0.132812 0.193519
2 0.625521 0.693056 0.080208 0.149074
24 0.506771 0.627778 0.070833 0.088889
5 0.698698 0.566667 0.073438 0.229630
19 0.670833 0.578704 0.030208 0.051852
10 0.622656 0.550463 0.094271 0.136111
14 0.381771 0.565741 0.033333 0.044444
19 0.393750 0.556481 0.027083 0.048148
16 0.376823 0.469444 0.010937 0.022222
16 0.374740 0.418056 0.010937 0.023148
16 0.382031 0.418519 0.008854 0.024074
16 0.389844 0.417130 0.009896 0.023148
16 0.397135 0.415741 0.008854 0.024074
16 0.403906 0.415741 0.009896 0.022222
16 0.447656 0.412037 0.011979 0.018519
16 0.454427 0.410648 0.007812 0.023148
16 0.461198 0.410648 0.009896 0.019444
16 0.475781 0.407407 0.008854 0.022222
16 0.483073 0.407407 0.010937 0.018519
16 0.483073 0.421759 0.010937 0.019444
16 0.476562 0.423148 0.010417 0.020370
21 0.432292 0.440278 0.123958 0.073148
11 0.539062 0.400463 0.085417 0.119444
16 0.637500 0.350000 0.009375 0.022222
28 0.444531 0.310648 0.057813 0.106481
20 0.271094 0.351852 0.031771 0.035185
15 0.260417 0.343981 0.038542 0.039815
17 0.707031 0.316204 0.041146 0.049074
29 0.767188 0.687500 0.035417 0.193519
10 0.820312 0.673148 0.083333 0.146296
22 0.753125 0.496759 0.061458 0.130556
12 0.828646 0.499074 0.076042 0.135185
13 0.827083 0.369907 0.077083 0.137963
13 0.764062 0.353704 0.072917 0.131481
