19 0.346875 0.480903 0.060417 0.089583
14 0.330990 0.454167 0.066146 0.104167
24 0.466927 0.469792 0.113021 0.093750
29 0.564063 0.601042 0.136458 0.068750
28 0.476302 0.341667 0.092188 0.119444
20 0.239323 0.339583 0.047396 0.072222
15 0.226302 0.317361 0.049479 0.090278
11 0.653906 0.497917 0.122396 0.173611
3 0.744531 0.463194 0.221354 0.076389
0 0.555208 0.471528 0.175000 0.201389
1 0.750521 0.483333 0.188542 0.179167
17 0.842708 0.411111 0.055208 0.037500
16 0.772135 0.351736 0.015104 0.053472
27 0.745573 0.292014 0.150521 0.265972
26 0.873958 0.325347 0.131250 0.186806
12 0.759115 0.600694 0.093229 0.100000
10 0.909115 0.577431 0.101562 0.163194
22 0.957552 0.595833 0.076563 0.138889
13 0.914062 0.452431 0.088542 0.134028
13 0.968229 0.475000 0.063542 0.137500
4 0.776042 0.794792 0.094792 0.228472
16 0.533073 0.759028 0.016146 0.034722
16 0.568229 0.686806 0.020833 0.025000
16 0.580990 0.687153 0.017188 0.034028
16 0.595313 0.689931 0.015625 0.034028
16 0.637760 0.692361 0.020313 0.027778
16 0.636198 0.713889 0.021354 0.027778
16 0.622656 0.712153 0.017188 0.031250
16 0.483594 0.673611 0.016146 0.031944
16 0.472396 0.675694 0.012500 0.020833
21 0.540625 0.725000 0.214583 0.119444
