28 0.153125 0.445139 0.080208 0.111111
15 0.107292 0.723611 0.084375 0.056944
20 0.133854 0.735764 0.067708 0.059028
16 0.085156 0.585069 0.008854 0.021528
16 0.092708 0.579514 0.009375 0.018750
16 0.100260 0.572917 0.008854 0.019444
16 0.106771 0.564583 0.009375 0.020833
16 0.114323 0.560069 0.008854 0.020139
16 0.091667 0.633681 0.009375 0.020139
16 0.121354 0.608333 0.009375 0.018056
16 0.160677 0.516667 0.011979 0.020833
16 0.169792 0.510417 0.010417 0.019444
16 0.177083 0.504167 0.013542 0.015278
16 0.193750 0.486806 0.010417 0.018056
16 0.202083 0.481597 0.013542 0.014583
16 0.205208 0.493056 0.013542 0.013889
16 0.195833 0.502083 0.013542 0.015278
21 0.163021 0.565625 0.148958 0.175694
11 0.278385 0.427778 0.141146 0.184722
16 0.366927 0.289236 0.011979 0.047917
27 0.366406 0.248958 0.166146 0.281250
26 0.465885 0.157986 0.131771 0.164583
17 0.463802 0.241667 0.056771 0.012500
13 0.537760 0.225347 0.091146 0.122917
13 0.609375 0.205208 0.094792 0.114583
12 0.667708 0.276389 0.107292 0.138889
10 0.715625 0.394792 0.071875 0.184028
29 0.707812 0.465972 0.107292 0.183333
22 0.592187 0.330556 0.112500 0.140278
5 0.590885 0.459375 0.123438 0.140972
14 0.534375 0.448958 0.036458 0.096528
6 0.615625 0.467708 0.063542 0.036806
3 0.592708 0.570486 0.196875 0.121528
10 0.426823 0.483333 0.130729 0.144444
24 0.157031 0.808333 0.031771 0.062500
2 0.794010 0.352778 0.324479 0.233333
0 0.468490 0.426736 0.188021 0.210417
1 0.827344 0.434722 0.183854 0.388889
