14 0.132812 0.794792 0.089583 0.074306
19 0.165104 0.800347 0.077083 0.070139
20 0.023958 0.464236 0.047917 0.067361
16 0.147656 0.548958 0.018229 0.024306
16 0.160417 0.548264 0.012500 0.025694
16 0.171875 0.550000 0.012500 0.029167
16 0.185417 0.547222 0.015625 0.026389
16 0.196875 0.548958 0.012500 0.028472
16 0.276042 0.545486 0.019792 0.022917
16 0.289583 0.545139 0.014583 0.027778
16 0.302865 0.545486 0.017188 0.025694
16 0.329167 0.563194 0.017708 0.023611
16 0.330208 0.541319 0.013542 0.025694
16 0.344531 0.541667 0.018229 0.023611
16 0.344010 0.561458 0.020313 0.021528
16 0.139583 0.620833 0.013542 0.029167
21 0.251042 0.593403 0.227083 0.103472
28 0.280990 0.430903 0.101562 0.135417
16 0.617708 0.405903 0.013542 0.024306
16 0.643750 0.444444 0.022917 0.013889
17 0.692969 0.448958 0.053646 0.038194
26 0.719792 0.373611 0.133333 0.193056
27 0.603906 0.400694 0.149479 0.356944
5 0.714844 0.730208 0.094271 0.278472
14 0.729167 0.774306 0.056250 0.059722
10 0.626563 0.738889 0.178125 0.188889
11 0.473177 0.550347 0.158854 0.172917
3 0.683333 0.885764 0.175000 0.125694
2 0.613802 0.940972 0.166146 0.118056
24 0.396354 0.890625 0.154167 0.139583
0 0.239323 0.989931 0.097396 0.020139
1 0.711719 0.319792 0.156771 0.220139
