24 0.412500 0.341319 0.155208 0.152083
29 0.498958 0.170486 0.183333 0.100694
19 0.478385 0.227083 0.049479 0.109722
14 0.477865 0.190278 0.048438 0.134722
15 0.337240 0.047569 0.032813 0.095139
20 0.344531 0.065278 0.039062 0.093056
28 0.619792 0.122917 0.098958 0.123611
30 0.650000 0.239236 0.078125 0.095139
16 0.525521 0.317708 0.019792 0.029861
16 0.538802 0.256597 0.016146 0.034028
16 0.552344 0.261458 0.017188 0.028472
16 0.566406 0.266667 0.016146 0.031944
16 0.579948 0.270139 0.017188 0.030556
16 0.592969 0.275694 0.017188 0.030556
16 0.583333 0.336458 0.015625 0.029861
16 0.638542 0.358333 0.016667 0.029167
16 0.671094 0.309028 0.019271 0.025000
16 0.685417 0.312500 0.018750 0.033333
16 0.697135 0.318403 0.017188 0.031250
16 0.719531 0.345139 0.016146 0.027778
16 0.733854 0.330903 0.017708 0.025694
16 0.732812 0.348611 0.016667 0.020833
21 0.620833 0.343750 0.229167 0.165278
17 0.886719 0.164583 0.053646 0.041667
27 0.870052 0.171528 0.160938 0.293056
26 0.958073 0.231250 0.083854 0.163889
11 0.804948 0.342014 0.148438 0.186806
9 0.894271 0.480556 0.080208 0.080556
5 0.760156 0.487153 0.265104 0.113194
12 0.934115 0.364931 0.102604 0.157639
13 0.905729 0.436806 0.113542 0.173611
2 0.941406 0.601042 0.046354 0.149306
3 0.872396 0.572222 0.044792 0.075000
4 0.903646 0.591319 0.046875 0.107639
23 0.723698 0.621875 0.101562 0.127083
18 0.626823 0.623958 0.092188 0.035417
17 0.625521 0.637847 0.083333 0.035417
18 0.628125 0.607639 0.091667 0.033333
17 0.629948 0.595833 0.082812 0.033333
18 0.630729 0.581250 0.087500 0.034722
17 0.633854 0.568403 0.081250 0.035417
18 0.632552 0.556944 0.085938 0.031944
17 0.638281 0.542014 0.077604 0.034028
22 0.624219 0.578819 0.114062 0.184028
0 0.542969 0.486458 0.201563 0.204861
1 0.754427 0.537847 0.190104 0.231250
