19 0.493229 0.504861 0.050000 0.066667
5 0.521094 0.454514 0.150521 0.206250
0 0.437500 0.425347 0.157292 0.217361
2 0.616406 0.371875 0.207813 0.132639
1 0.614583 0.421181 0.188542 0.222917
14 0.504948 0.450000 0.050521 0.134722
10 0.372135 0.417708 0.095312 0.145139
10 0.706250 0.423611 0.085417 0.126389
16 0.092969 0.480208 0.013021 0.020139
21 0.090104 0.535764 0.171875 0.171528
28 0.088281 0.404514 0.085938 0.120139
11 0.246875 0.448611 0.148958 0.187500
3 0.515885 0.584028 0.185938 0.131944
25 0.095312 0.750347 0.101042 0.188194
27 0.342448 0.295139 0.127604 0.183333
26 0.426823 0.169444 0.141146 0.169444
16 0.102865 0.476389 0.011979 0.022222
16 0.114062 0.471181 0.013542 0.017361
16 0.134115 0.473611 0.015104 0.018056
16 0.133594 0.456944 0.011979 0.019444
16 0.143229 0.452778 0.013542 0.016667
16 0.145573 0.465278 0.015104 0.015278
16 0.037240 0.517014 0.009896 0.021528
16 0.027865 0.521875 0.010937 0.022917
16 0.019010 0.529514 0.008854 0.021528
16 0.010937 0.534722 0.009375 0.020833
16 0.003646 0.540278 0.006250 0.022222
16 0.005208 0.597222 0.010417 0.016667
16 0.042448 0.572917 0.010937 0.015278
17 0.426563 0.266667 0.044792 0.026389
13 0.504167 0.248958 0.087500 0.117361
13 0.571875 0.242708 0.086458 0.107639
12 0.621875 0.306597 0.102083 0.102083
22 0.529948 0.359722 0.067187 0.134722
16 0.330729 0.234375 0.013542 0.018750
19 0.023698 0.689583 0.047396 0.065278
29 0.645052 0.542361 0.041146 0.086111
6 0.732031 0.435417 0.047396 0.023611
