15 0.081771 0.436111 0.057292 0.069444
20 0.098698 0.455903 0.050521 0.059028
28 0.311198 0.371181 0.086979 0.111806
16 0.553906 0.230556 0.014063 0.016667
27 0.553646 0.236111 0.136458 0.280556
26 0.696354 0.208333 0.122917 0.173611
17 0.673698 0.297569 0.055729 0.014583
13 0.811458 0.308333 0.082292 0.113889
13 0.749740 0.306944 0.092188 0.119444
22 0.818490 0.423264 0.096354 0.129861
10 0.900260 0.536458 0.122396 0.168750
5 0.829688 0.551736 0.063542 0.128472
14 0.771875 0.538889 0.059375 0.079167
19 0.753906 0.557639 0.043229 0.063889
10 0.754427 0.443056 0.117188 0.163889
3 0.651823 0.515278 0.078646 0.290278
12 0.640365 0.463542 0.111979 0.125694
11 0.521615 0.449653 0.131771 0.167361
29 0.444531 0.583333 0.095312 0.068056
16 0.525260 0.625000 0.020313 0.019444
16 0.528906 0.645833 0.014063 0.022222
16 0.514583 0.648264 0.014583 0.022917
16 0.486198 0.639583 0.015104 0.026389
16 0.472656 0.644444 0.016146 0.027778
16 0.458073 0.646528 0.018229 0.022222
16 0.441667 0.726736 0.021875 0.020139
21 0.460417 0.689583 0.184375 0.131944
24 0.333333 0.491319 0.100000 0.113194
14 0.188281 0.513194 0.049479 0.061111
19 0.222656 0.546528 0.064062 0.079167
0 0.447396 0.432292 0.169792 0.178472
1 0.666146 0.549306 0.192708 0.294444
