0 0.476562 0.430208 0.193750 0.221528
1 0.842187 0.413194 0.228125 0.344444
5 0.561458 0.421181 0.189583 0.204861
2 0.775521 0.327778 0.319792 0.181944
6 0.594010 0.404861 0.064062 0.026389
14 0.084896 0.729167 0.085417 0.052778
19 0.111979 0.736111 0.075000 0.056944
16 0.065625 0.564931 0.013542 0.022917
16 0.070052 0.559722 0.014063 0.022222
16 0.076823 0.553125 0.013021 0.022917
16 0.084375 0.544792 0.013542 0.024306
16 0.092188 0.539931 0.014583 0.022917
16 0.141927 0.495139 0.015104 0.022222
16 0.149479 0.488194 0.015625 0.020833
16 0.158333 0.483333 0.016667 0.019444
16 0.176042 0.465278 0.012500 0.020833
16 0.185938 0.459375 0.015625 0.017361
16 0.178646 0.480208 0.013542 0.018750
16 0.187760 0.473611 0.015104 0.019444
16 0.072917 0.617014 0.013542 0.024306
16 0.102083 0.589236 0.012500 0.021528
21 0.143490 0.545833 0.155729 0.181944
28 0.133594 0.418403 0.081771 0.114583
3 0.273438 0.424653 0.152083 0.196528
16 0.367708 0.202431 0.013542 0.022917
27 0.357552 0.213542 0.182812 0.300694
3 0.569792 0.611806 0.212500 0.086111
10 0.431510 0.459028 0.136979 0.152778
14 0.547396 0.437847 0.027083 0.096528
19 0.536719 0.486458 0.033854 0.043750
29 0.704948 0.454167 0.092188 0.187500
10 0.710156 0.323611 0.081771 0.098611
13 0.542708 0.192361 0.094792 0.130556
13 0.611198 0.172222 0.099479 0.123611
22 0.596094 0.306944 0.117188 0.150000
12 0.673698 0.263542 0.116146 0.150694
26 0.467708 0.122917 0.139583 0.180556
17 0.461719 0.207292 0.064062 0.014583
