23 0.504687 0.436574 0.085417 0.102778
22 0.520833 0.395370 0.064583 0.066667
27 0.729167 0.667593 0.238542 0.275926
10 0.247396 0.828241 0.144792 0.269444
10 0.353385 0.900926 0.166146 0.198148
19 0.408594 0.761574 0.045312 0.108333
14 0.398698 0.724537 0.044271 0.125000
2 0.397656 0.633333 0.127604 0.124074
4 0.401562 0.595370 0.152083 0.064815
3 0.421875 0.557407 0.137500 0.059259
5 0.454427 0.492130 0.141146 0.102778
17 0.534896 0.401389 0.007292 0.012037
17 0.526823 0.395833 0.007812 0.013889
17 0.519010 0.389352 0.008854 0.015741
17 0.511719 0.383796 0.010937 0.019444
18 0.503906 0.381481 0.013021 0.022222
18 0.529427 0.399074 0.008854 0.012963
18 0.521615 0.393981 0.008854 0.017593
18 0.514323 0.387963 0.010937 0.016667
26 0.681510 0.864352 0.190104 0.271296
17 0.711719 0.644907 0.024479 0.091667
12 0.557813 0.749074 0.125000 0.222222
13 0.521875 0.629630 0.111458 0.179630
11 0.593750 0.537500 0.098958 0.189815
30 0.663021 0.448148 0.043750 0.083333
29 0.701823 0.367593 0.047396 0.107407
14 0.676042 0.279630 0.025000 0.057407
15 0.771354 0.256944 0.028125 0.089815
20 0.766146 0.279167 0.026042 0.069444
28 0.736979 0.460185 0.072917 0.092593
1 0.727344 0.381019 0.105729 0.134259
34 0.730469 0.134722 0.006771 0.039815
