1 0.624219 0.619792 0.210938 0.264583
15 0.096615 0.430208 0.060937 0.078472
20 0.111979 0.446875 0.052083 0.061806
14 0.205729 0.517708 0.058333 0.089583
19 0.227604 0.534028 0.053125 0.070833
28 0.321354 0.368750 0.089583 0.113889
0 0.423698 0.386458 0.180729 0.134028
16 0.570312 0.275000 0.019792 0.050000
27 0.564844 0.236806 0.141146 0.281944
17 0.684115 0.303819 0.057813 0.018750
26 0.706510 0.212500 0.124479 0.172222
13 0.759635 0.314236 0.094271 0.121528
13 0.820573 0.315972 0.083854 0.115278
22 0.828385 0.430903 0.097396 0.132639
10 0.764323 0.448264 0.121354 0.165972
10 0.909115 0.544792 0.124479 0.172917
5 0.838802 0.557292 0.067187 0.136806
14 0.778125 0.543403 0.071875 0.089583
19 0.757552 0.567014 0.061979 0.078472
2 0.760417 0.649653 0.134375 0.207639
12 0.655469 0.469792 0.126562 0.132639
11 0.527083 0.442708 0.146875 0.203472
3 0.552344 0.531597 0.070312 0.110417
29 0.432292 0.580556 0.135417 0.084722
16 0.535417 0.624306 0.020833 0.022222
16 0.539062 0.643056 0.017708 0.023611
16 0.522917 0.645833 0.017708 0.023611
16 0.496875 0.636806 0.016667 0.027778
16 0.483073 0.640972 0.015104 0.030556
16 0.468229 0.643750 0.019792 0.025000
16 0.450781 0.721875 0.024479 0.021528
16 0.391406 0.661806 0.015104 0.030556
16 0.377344 0.664583 0.015104 0.030556
16 0.364323 0.667361 0.015104 0.030556
21 0.457813 0.687847 0.209375 0.135417
4 0.753646 0.692708 0.105208 0.136806
