28 0.494792 0.092014 0.088542 0.107639
24 0.493229 0.212500 0.122917 0.113889
11 0.641927 0.224653 0.142187 0.167361
16 0.790885 0.163542 0.018229 0.011806
27 0.753646 0.134722 0.133333 0.269444
17 0.818750 0.216667 0.031250 0.030556
10 0.854167 0.335069 0.119792 0.121528
12 0.761979 0.311458 0.115625 0.159028
13 0.869531 0.259028 0.075521 0.115278
13 0.917188 0.289931 0.059375 0.120139
22 0.905990 0.347917 0.043229 0.055556
29 0.564583 0.305903 0.181250 0.096528
16 0.585156 0.539931 0.070312 0.040972
3 0.740104 0.495833 0.064583 0.227778
4 0.784115 0.464931 0.398438 0.184028
16 0.458333 0.357292 0.017708 0.034028
16 0.485417 0.360764 0.018750 0.029861
16 0.500521 0.363194 0.016667 0.031944
16 0.513802 0.365625 0.018229 0.031250
16 0.473177 0.358681 0.016146 0.032639
16 0.453125 0.425000 0.016667 0.027778
16 0.565885 0.444444 0.016146 0.029167
16 0.593229 0.380903 0.017708 0.021528
16 0.605469 0.381597 0.014063 0.027083
16 0.618490 0.385417 0.014063 0.027778
16 0.654687 0.390278 0.018750 0.025000
16 0.642708 0.408333 0.015625 0.025000
16 0.655208 0.409375 0.017708 0.021528
21 0.546615 0.418403 0.228646 0.135417
19 0.369792 0.196181 0.048958 0.099306
14 0.359115 0.159375 0.042188 0.125694
15 0.229167 0.049653 0.036458 0.099306
20 0.239583 0.074306 0.039583 0.083333
0 0.504948 0.613889 0.200521 0.258333
26 0.845833 0.142014 0.108333 0.156250
1 0.875781 0.527431 0.248438 0.336806
