20 0.231250 0.060417 0.045833 0.090278
15 0.220312 0.045486 0.043750 0.090972
29 0.391146 0.131250 0.183333 0.070833
24 0.321615 0.301389 0.143229 0.130556
19 0.375260 0.187153 0.054688 0.106250
14 0.362760 0.150694 0.052604 0.136111
28 0.507552 0.059375 0.095312 0.114583
17 0.773958 0.080556 0.062500 0.076389
27 0.760156 0.101736 0.142187 0.203472
26 0.884375 0.103125 0.123958 0.165972
30 0.548438 0.165278 0.076042 0.080556
16 0.489063 0.207986 0.015625 0.029861
16 0.475000 0.206597 0.015625 0.031250
16 0.461458 0.205556 0.015625 0.030556
16 0.446615 0.204861 0.016146 0.029167
16 0.433333 0.202431 0.016667 0.029861
16 0.426563 0.265972 0.020833 0.026389
16 0.486198 0.269444 0.016146 0.030556
16 0.571094 0.221528 0.018229 0.026389
16 0.585417 0.221875 0.015625 0.031250
16 0.597917 0.224306 0.017708 0.029167
16 0.623437 0.243750 0.016667 0.026389
16 0.636719 0.228819 0.019271 0.025694
16 0.637240 0.244792 0.017188 0.020139
21 0.528385 0.267014 0.235937 0.117361
11 0.715365 0.244792 0.154688 0.186806
12 0.851562 0.238542 0.104167 0.150694
13 0.828646 0.304861 0.113542 0.152778
13 0.956771 0.267361 0.070833 0.120833
10 0.963021 0.381597 0.073958 0.146528
10 0.976823 0.521181 0.046354 0.139583
14 0.959115 0.390972 0.074479 0.066667
19 0.944010 0.401736 0.046354 0.054861
3 0.747656 0.409028 0.305729 0.179167
1 0.812500 0.487847 0.229167 0.311806
23 0.671875 0.456944 0.095833 0.188889
0 0.438021 0.568056 0.179167 0.248611
16 0.513542 0.479861 0.057292 0.047222
17 0.572656 0.367361 0.089063 0.025000
17 0.572656 0.392361 0.090104 0.023611
17 0.573177 0.418056 0.091146 0.023611
17 0.573177 0.444444 0.092188 0.022222
17 0.574219 0.471181 0.091146 0.021528
17 0.572396 0.512500 0.084375 0.020833
18 0.571875 0.498958 0.091667 0.018750
7 0.575000 0.498958 0.059375 0.027083
22 0.568490 0.445139 0.101562 0.191667
