17 0.320052 0.903125 0.098437 0.035417
18 0.313542 0.917708 0.107292 0.027083
17 0.323177 0.933333 0.101562 0.036111
18 0.327344 0.948264 0.105729 0.034028
17 0.330208 0.962847 0.096875 0.035417
18 0.332552 0.976042 0.106771 0.036806
17 0.334896 0.986458 0.096875 0.027083
18 0.369271 0.993403 0.040625 0.013194
23 0.443490 0.905903 0.150521 0.188194
22 0.328385 0.930556 0.133854 0.138889
3 0.661458 0.847917 0.140625 0.211111
4 0.697396 0.840625 0.121875 0.238194
2 0.721354 0.804861 0.069792 0.269444
13 0.638021 0.604514 0.145833 0.164583
12 0.661458 0.480556 0.135417 0.161111
16 0.642969 0.397569 0.020313 0.021528
13 0.782292 0.430556 0.066667 0.134722
14 0.786458 0.636111 0.063542 0.056944
19 0.775781 0.644792 0.075521 0.067361
10 0.791146 0.559722 0.056250 0.119444
11 0.473177 0.597222 0.202604 0.212500
30 0.250000 0.560069 0.096875 0.104861
16 0.116406 0.681597 0.023438 0.032639
16 0.131771 0.684375 0.018750 0.036806
16 0.148438 0.682986 0.019792 0.043750
16 0.164062 0.680903 0.019792 0.042361
16 0.180990 0.678819 0.022396 0.040972
16 0.121354 0.777083 0.030208 0.031944
16 0.186719 0.773264 0.024479 0.040972
16 0.253385 0.767361 0.025521 0.034722
16 0.279948 0.670139 0.022396 0.038889
16 0.297656 0.661458 0.024479 0.032639
16 0.316927 0.660417 0.018229 0.038889
16 0.366927 0.651736 0.026562 0.029861
16 0.369792 0.677431 0.021875 0.035417
16 0.352083 0.680903 0.018750 0.038194
21 0.254688 0.717708 0.285417 0.145139
24 0.058073 0.821875 0.116146 0.157639
19 0.052865 0.672222 0.092188 0.088889
14 0.037500 0.657639 0.075000 0.080556
29 0.084635 0.555903 0.169271 0.082639
28 0.194531 0.401389 0.123438 0.165278
17 0.544010 0.283333 0.084896 0.015278
27 0.528646 0.289236 0.179167 0.390972
26 0.694531 0.281597 0.151562 0.213194
5 0.836198 0.117708 0.214062 0.235417
1 0.884375 0.138889 0.142708 0.277778
0 0.195312 0.985417 0.123958 0.029167
