29 0.583333 0.504861 0.169792 0.109722
15 0.241927 0.079861 0.032813 0.130556
20 0.252083 0.114583 0.036458 0.097222
14 0.409635 0.293403 0.052604 0.129861
19 0.401823 0.334028 0.052604 0.097222
28 0.545573 0.205903 0.114062 0.145139
16 0.815625 0.301389 0.032292 0.037500
27 0.813021 0.262153 0.164583 0.288194
17 0.861719 0.391667 0.041146 0.045833
26 0.902344 0.324306 0.118229 0.154167
13 0.942969 0.480208 0.053646 0.120139
13 0.909635 0.448958 0.061979 0.114583
22 0.932292 0.582292 0.026042 0.121528
10 0.903385 0.562500 0.081771 0.140278
10 0.970833 0.694444 0.033333 0.061111
12 0.830990 0.501736 0.078646 0.103472
11 0.739323 0.415278 0.129688 0.141667
16 0.707812 0.623958 0.013542 0.027083
16 0.707031 0.640972 0.013021 0.023611
16 0.692969 0.640278 0.015104 0.022222
16 0.674740 0.614931 0.011979 0.027083
16 0.662500 0.612500 0.013542 0.029167
16 0.650000 0.608681 0.018750 0.022917
16 0.570312 0.585764 0.015625 0.031250
16 0.556250 0.581944 0.016667 0.033333
16 0.540104 0.578125 0.016667 0.034028
16 0.524219 0.574653 0.016146 0.032639
16 0.508594 0.564236 0.016146 0.034028
16 0.498698 0.651042 0.016146 0.035417
16 0.613021 0.683333 0.019792 0.020833
21 0.586198 0.632986 0.232813 0.154861
16 0.555990 0.484028 0.026562 0.023611
24 0.546875 0.352431 0.144792 0.138194
1 0.638802 0.448958 0.205729 0.218750
0 0.407813 0.551736 0.225000 0.261806
3 0.755729 0.739583 0.060417 0.130556
