28 0.375781 0.421875 0.084896 0.111806
20 0.125260 0.414236 0.039062 0.077083
15 0.115104 0.387500 0.041667 0.101389
19 0.263542 0.562847 0.051042 0.088194
14 0.253385 0.533681 0.050521 0.109028
24 0.387240 0.553472 0.118229 0.108333
29 0.458594 0.645139 0.175521 0.063889
16 0.368750 0.797917 0.018750 0.027778
16 0.475781 0.794444 0.015104 0.030556
16 0.495052 0.723958 0.018229 0.024306
16 0.507552 0.720139 0.014063 0.025000
16 0.519531 0.720139 0.013021 0.025000
16 0.544271 0.736111 0.014583 0.026389
16 0.554167 0.716667 0.018750 0.022222
16 0.556771 0.735764 0.014583 0.022917
16 0.420573 0.726389 0.015104 0.029167
16 0.407813 0.727083 0.014583 0.027778
16 0.395052 0.729167 0.017188 0.026389
16 0.380208 0.728819 0.015625 0.029861
16 0.364844 0.725694 0.016146 0.030556
21 0.457552 0.765278 0.220312 0.104167
11 0.527344 0.555556 0.141146 0.143056
12 0.647917 0.592361 0.111458 0.129167
10 0.730990 0.596528 0.081771 0.140278
14 0.734896 0.669792 0.033333 0.049306
19 0.724219 0.678125 0.051562 0.063194
2 0.718229 0.775000 0.075000 0.204167
3 0.658594 0.827431 0.107813 0.214583
4 0.695573 0.795139 0.094271 0.231944
16 0.664062 0.341667 0.045833 0.041667
16 0.621094 0.405556 0.009896 0.015278
17 0.683073 0.464236 0.041146 0.025694
13 0.732812 0.494792 0.063542 0.096528
27 0.613021 0.403125 0.127083 0.253472
1 0.736719 0.394097 0.164062 0.231250
26 0.692187 0.415625 0.080208 0.113194
0 0.284896 0.717708 0.151042 0.202083
