14 0.319531 0.368750 0.051562 0.112500
19 0.331250 0.401736 0.053125 0.089583
16 0.327344 0.296875 0.013021 0.021528
16 0.335677 0.251736 0.016146 0.027083
16 0.346354 0.252083 0.012500 0.025000
16 0.357552 0.252778 0.011979 0.026389
16 0.370052 0.253125 0.014063 0.027083
16 0.379688 0.253819 0.012500 0.025694
16 0.446615 0.259722 0.016146 0.022222
16 0.458073 0.259722 0.013021 0.025000
16 0.469010 0.262153 0.016146 0.024306
16 0.490625 0.261111 0.013542 0.019444
16 0.489583 0.275000 0.015625 0.019444
16 0.502344 0.262500 0.016146 0.019444
16 0.501563 0.275347 0.015625 0.018750
21 0.414844 0.299653 0.195312 0.090972
28 0.449479 0.187847 0.083333 0.103472
11 0.583073 0.277778 0.133854 0.151389
16 0.709635 0.249306 0.029687 0.044444
27 0.707031 0.215625 0.136979 0.277083
17 0.771094 0.283681 0.040104 0.043750
26 0.795312 0.209028 0.114583 0.158333
12 0.821354 0.315972 0.066667 0.094444
3 0.866927 0.415625 0.266146 0.225694
7 0.724740 0.523611 0.022396 0.015278
2 0.718490 0.632639 0.126562 0.208333
5 0.793490 0.495833 0.091146 0.233333
1 0.885156 0.497222 0.229687 0.431944
10 0.708073 0.434028 0.145313 0.190278
24 0.527083 0.525347 0.128125 0.129861
16 0.542969 0.574306 0.038021 0.038889
0 0.466406 0.657986 0.213021 0.254861
15 0.201823 0.165972 0.040104 0.100000
20 0.211979 0.189931 0.039583 0.077083
