22 0.538542 0.532292 0.106250 0.193750
27 0.705729 0.098611 0.135417 0.197222
15 0.175000 0.135417 0.055208 0.101389
20 0.189583 0.158681 0.052083 0.082639
19 0.326823 0.261458 0.064062 0.103472
14 0.310156 0.227431 0.068229 0.125694
29 0.342187 0.200347 0.173958 0.074306
28 0.450521 0.106250 0.091667 0.113889
30 0.496094 0.206944 0.074479 0.076389
24 0.286719 0.387500 0.131771 0.138889
16 0.384115 0.266667 0.018229 0.029167
16 0.397135 0.265625 0.015104 0.028472
16 0.411458 0.264236 0.016667 0.029861
16 0.425260 0.263889 0.016146 0.030556
16 0.438542 0.262847 0.015625 0.031250
16 0.379427 0.327778 0.021354 0.023611
16 0.436198 0.323611 0.018229 0.027778
16 0.492969 0.326042 0.018229 0.031250
16 0.520573 0.263194 0.017188 0.027778
16 0.534115 0.262500 0.018229 0.030556
16 0.548698 0.262847 0.017188 0.031250
16 0.575521 0.279167 0.017708 0.029167
16 0.588281 0.262153 0.020313 0.027083
16 0.590365 0.277778 0.017188 0.022222
21 0.486458 0.311111 0.237500 0.101389
17 0.722396 0.043403 0.063542 0.027083
11 0.669010 0.245833 0.161979 0.168056
13 0.937760 0.223958 0.082812 0.124306
13 0.800521 0.295833 0.122917 0.162500
12 0.819271 0.214931 0.113542 0.145139
10 0.954948 0.338542 0.090104 0.160417
10 0.975781 0.481597 0.048438 0.153472
14 0.942708 0.355903 0.082292 0.084028
19 0.920312 0.376042 0.069792 0.078472
2 0.871094 0.506944 0.060937 0.268056
3 0.819531 0.519792 0.119271 0.242361
4 0.850521 0.530903 0.105208 0.267361
5 0.755990 0.530208 0.131771 0.290972
23 0.630990 0.477778 0.110937 0.137500
18 0.530208 0.465972 0.097917 0.012500
18 0.537500 0.493056 0.094792 0.016667
18 0.538021 0.520139 0.094792 0.015278
18 0.539062 0.546181 0.095833 0.014583
18 0.534896 0.573958 0.083333 0.015972
18 0.536198 0.584375 0.090104 0.021528
17 0.535417 0.450694 0.084375 0.016667
17 0.536719 0.477778 0.084896 0.012500
17 0.538281 0.505208 0.083854 0.013194
17 0.538802 0.532292 0.085938 0.014583
17 0.538021 0.559722 0.085417 0.013889
17 0.541667 0.602431 0.088542 0.018750
0 0.407292 0.635764 0.172917 0.253472
1 0.673958 0.615278 0.204167 0.234722
26 0.843229 0.079167 0.125000 0.158333
