27 0.570312 0.353704 0.105208 0.242593
26 0.664062 0.410648 0.118750 0.176852
12 0.594531 0.519907 0.086979 0.154630
13 0.538021 0.549537 0.085417 0.152778
22 0.347135 0.561574 0.065104 0.095370
23 0.377865 0.581019 0.091146 0.143519
10 0.671875 0.873148 0.119792 0.253704
10 0.699219 0.701852 0.084896 0.203704
13 0.750000 0.612963 0.086458 0.166667
14 0.616667 0.654167 0.037500 0.100926
19 0.609375 0.683796 0.038542 0.087963
2 0.522396 0.745833 0.089583 0.234259
4 0.498437 0.746759 0.055208 0.273148
3 0.477604 0.711111 0.041667 0.238889
5 0.419531 0.663889 0.099479 0.237037
17 0.341927 0.560648 0.010937 0.017593
18 0.335417 0.576852 0.014583 0.018519
16 0.617969 0.477778 0.013021 0.018519
11 0.478906 0.465741 0.092188 0.150000
17 0.569792 0.346759 0.039583 0.032407
28 0.454688 0.321296 0.014583 0.059259
1 0.439583 0.267130 0.055208 0.087963
29 0.365104 0.317593 0.044792 0.053704
20 0.331771 0.248611 0.019792 0.065741
15 0.326562 0.226389 0.020833 0.080556
14 0.336458 0.315278 0.026042 0.073148
19 0.340885 0.332407 0.020313 0.042593
