17 0.363021 0.659028 0.084375 0.027778
17 0.366146 0.682639 0.084375 0.026389
17 0.368490 0.706944 0.085938 0.027778
17 0.371875 0.730556 0.086458 0.029167
18 0.372917 0.745486 0.085417 0.025694
17 0.374479 0.755903 0.077083 0.028472
18 0.377865 0.781944 0.085938 0.029167
17 0.379948 0.794444 0.077604 0.030556
22 0.373177 0.730208 0.108854 0.188194
0 0.317969 0.876736 0.156771 0.246528
23 0.468750 0.696181 0.123958 0.196528
24 0.131250 0.652083 0.126042 0.148611
20 0.025521 0.423264 0.051042 0.072917
15 0.017188 0.403472 0.034375 0.079167
14 0.136458 0.509028 0.070833 0.101389
19 0.156250 0.535764 0.064583 0.092361
29 0.167187 0.462153 0.160417 0.068750
28 0.263542 0.360069 0.086458 0.114583
30 0.307292 0.457639 0.070833 0.081944
16 0.390104 0.495833 0.019792 0.019444
16 0.392708 0.513542 0.014583 0.021528
16 0.379948 0.515625 0.014063 0.025694
16 0.354427 0.505903 0.014063 0.027083
16 0.341406 0.508333 0.016146 0.027778
16 0.328646 0.511458 0.015625 0.025694
16 0.323698 0.576042 0.016146 0.028472
16 0.255990 0.526042 0.016146 0.027083
16 0.243229 0.528125 0.014583 0.027083
16 0.230469 0.530903 0.014063 0.027083
16 0.218229 0.534722 0.015625 0.025000
16 0.206771 0.535764 0.016667 0.024306
16 0.207813 0.600347 0.021875 0.021528
16 0.258333 0.589931 0.015625 0.027083
21 0.307031 0.562500 0.216146 0.129167
11 0.470833 0.479861 0.145833 0.161111
17 0.507292 0.294444 0.062500 0.058333
27 0.500781 0.267708 0.125521 0.272917
26 0.632031 0.255556 0.115104 0.161111
16 0.597135 0.344792 0.010937 0.013194
12 0.613021 0.402431 0.105208 0.128472
13 0.594271 0.496181 0.114583 0.132639
3 0.639323 0.671528 0.136979 0.191667
4 0.671615 0.676042 0.124479 0.221528
2 0.688802 0.650347 0.082812 0.231250
14 0.735938 0.494097 0.066667 0.072917
19 0.717969 0.518056 0.057813 0.072222
10 0.757812 0.464236 0.100000 0.152083
13 0.728385 0.367708 0.079687 0.106250
9 0.713802 0.314931 0.055729 0.107639
5 0.838542 0.210417 0.247917 0.297222
1 0.882812 0.244444 0.168750 0.294444
