20 0.266406 0.089236 0.042188 0.085417
15 0.257812 0.062500 0.042708 0.109722
29 0.417187 0.164236 0.173958 0.074306
19 0.402865 0.215625 0.049479 0.104861
14 0.394531 0.180903 0.049479 0.129861
28 0.528646 0.100000 0.090625 0.108333
30 0.566146 0.201389 0.071875 0.077778
24 0.348958 0.320486 0.137500 0.118750
16 0.450521 0.293056 0.017708 0.026389
16 0.505990 0.300347 0.016146 0.029861
16 0.457813 0.233681 0.015625 0.029861
16 0.470573 0.235417 0.015104 0.027778
16 0.483594 0.236806 0.015104 0.029167
16 0.496875 0.238542 0.015625 0.029861
16 0.509896 0.240278 0.016667 0.029167
16 0.586979 0.255556 0.018750 0.026389
16 0.600000 0.255208 0.015625 0.028472
16 0.611719 0.259028 0.017188 0.029167
16 0.636198 0.279167 0.016146 0.027778
16 0.648698 0.263542 0.018229 0.024306
16 0.650000 0.279167 0.015625 0.016667
21 0.545833 0.298958 0.222917 0.115972
11 0.723437 0.280556 0.147917 0.179167
17 0.780469 0.127778 0.058854 0.069444
27 0.772135 0.122917 0.144271 0.243056
26 0.888542 0.146528 0.117708 0.158333
13 0.959635 0.303819 0.071354 0.117361
13 0.831771 0.323264 0.110417 0.115972
12 0.854688 0.276042 0.101042 0.145139
10 0.964323 0.414583 0.071354 0.143056
17 0.581250 0.529861 0.079167 0.025000
18 0.583073 0.516667 0.080729 0.022222
17 0.586198 0.392014 0.083854 0.028472
17 0.585156 0.415625 0.084896 0.028472
17 0.584635 0.439931 0.085938 0.027083
17 0.583854 0.464236 0.087500 0.025694
17 0.581510 0.489236 0.077604 0.027083
16 0.531250 0.497222 0.061458 0.047222
7 0.569531 0.495139 0.063021 0.022222
22 0.579688 0.466319 0.097917 0.189583
23 0.683854 0.481250 0.097917 0.181944
3 0.767969 0.422222 0.357812 0.165278
1 0.846094 0.506944 0.263021 0.327778
0 0.458333 0.574653 0.176042 0.234028
10 0.977344 0.551736 0.045312 0.138194
