5 0.648177 0.523958 0.133854 0.188194
14 0.642969 0.527778 0.052604 0.090278
21 0.264844 0.493403 0.176563 0.111806
0 0.350260 0.871528 0.180729 0.255556
1 0.528646 0.731250 0.279167 0.231944
3 0.438542 0.703125 0.113542 0.093750
16 0.181250 0.475347 0.013542 0.017361
16 0.191146 0.470833 0.014583 0.020833
16 0.201042 0.467708 0.012500 0.020139
16 0.210938 0.466667 0.012500 0.023611
16 0.220312 0.464583 0.013542 0.022222
16 0.280729 0.447917 0.014583 0.022222
16 0.290104 0.446875 0.013542 0.022917
16 0.299219 0.444444 0.016146 0.020833
16 0.320052 0.436111 0.011979 0.019444
16 0.331250 0.436806 0.015625 0.020833
16 0.321615 0.457292 0.014063 0.029861
16 0.333333 0.454514 0.012500 0.029861
16 0.183073 0.523611 0.017188 0.026389
15 0.058333 0.434722 0.060417 0.093056
14 0.188281 0.614931 0.066146 0.088194
28 0.276562 0.380903 0.077083 0.099306
20 0.064583 0.450000 0.047917 0.063889
10 0.555469 0.523264 0.124479 0.157639
19 0.208073 0.638194 0.064062 0.083333
11 0.425521 0.427083 0.123958 0.143056
16 0.528385 0.300694 0.011979 0.018056
12 0.743229 0.431250 0.086458 0.111111
24 0.391927 0.672222 0.122396 0.131944
22 0.680990 0.453472 0.089063 0.113889
13 0.706771 0.353819 0.072917 0.095139
29 0.757812 0.593403 0.078125 0.170139
27 0.512500 0.306250 0.121875 0.254167
26 0.600521 0.270139 0.104167 0.156944
17 0.585938 0.339236 0.048958 0.020139
16 0.411719 0.805556 0.025521 0.045833
10 0.795052 0.545486 0.101562 0.146528
13 0.647656 0.350694 0.076563 0.102778
19 0.627344 0.554167 0.048438 0.075000
