28 0.268490 0.380903 0.104688 0.140972
16 0.129948 0.577431 0.019271 0.032639
16 0.133073 0.505903 0.020313 0.031250
16 0.146875 0.505208 0.017708 0.031250
16 0.158594 0.504861 0.015104 0.031944
16 0.171615 0.502431 0.018229 0.032639
16 0.186198 0.502778 0.019271 0.031944
16 0.266146 0.497222 0.021875 0.029167
16 0.280729 0.495486 0.017708 0.031250
16 0.292969 0.495833 0.020313 0.027778
16 0.321094 0.490625 0.016146 0.029861
16 0.335156 0.490625 0.020313 0.025694
16 0.334896 0.510764 0.022917 0.025694
16 0.320833 0.513194 0.019792 0.027778
21 0.239323 0.547222 0.234896 0.116667
19 0.169531 0.798958 0.072396 0.077083
14 0.140104 0.809028 0.093750 0.084722
24 0.404687 0.794792 0.155208 0.160417
2 0.571354 0.917014 0.212500 0.053472
0 0.447656 0.902083 0.230729 0.195833
11 0.449740 0.528819 0.163021 0.179861
14 0.717448 0.734375 0.090104 0.061806
19 0.688021 0.744792 0.072917 0.061806
10 0.616406 0.670486 0.160938 0.161806
5 0.701302 0.670486 0.120313 0.265972
22 0.733594 0.583681 0.058854 0.143750
27 0.592969 0.403472 0.167187 0.250000
1 0.709635 0.369444 0.189062 0.211111
26 0.709115 0.289583 0.098437 0.118056
13 0.750781 0.450694 0.113021 0.111111
