27 0.589844 0.391204 0.079687 0.263889
26 0.661979 0.417593 0.116667 0.177778
10 0.668750 0.856481 0.115625 0.257407
5 0.609635 0.728241 0.086979 0.260185
22 0.678385 0.687963 0.091146 0.159259
13 0.685156 0.553241 0.083854 0.139815
13 0.747396 0.611574 0.090625 0.163889
10 0.584635 0.609722 0.092188 0.193519
2 0.495312 0.743056 0.089583 0.236111
14 0.550260 0.620833 0.029687 0.100926
19 0.545833 0.655556 0.031250 0.075926
12 0.543229 0.536111 0.050000 0.155556
16 0.378646 0.499537 0.013542 0.015741
16 0.385417 0.503241 0.010417 0.017593
16 0.390625 0.510185 0.009375 0.018519
16 0.408073 0.526852 0.008854 0.022222
16 0.402344 0.532870 0.009896 0.019444
16 0.396354 0.529630 0.011458 0.016667
16 0.347656 0.521296 0.008854 0.016667
21 0.366406 0.536111 0.104688 0.116667
29 0.411719 0.477778 0.060937 0.068519
11 0.460417 0.460185 0.073958 0.098148
4 0.543750 0.335648 0.038542 0.084259
16 0.574740 0.427778 0.011979 0.044444
1 0.531250 0.411574 0.080208 0.217593
0 0.466146 0.402315 0.077083 0.113889
28 0.435937 0.318519 0.051042 0.070370
17 0.635417 0.487037 0.036458 0.048148
20 0.332292 0.247685 0.021875 0.069444
15 0.326562 0.226852 0.019792 0.081481
14 0.335417 0.304630 0.022917 0.051852
