14 0.698177 0.622222 0.042188 0.051852
27 0.628646 0.254630 0.110417 0.268519
1 0.486979 0.570370 0.083333 0.150000
15 0.256250 0.318056 0.039583 0.041667
20 0.266927 0.327315 0.032813 0.037963
28 0.442188 0.308333 0.058333 0.103704
14 0.365365 0.461111 0.032813 0.046296
19 0.379948 0.463889 0.026562 0.046296
24 0.451823 0.441204 0.070312 0.086111
16 0.619792 0.290741 0.010417 0.016667
26 0.741146 0.251852 0.109375 0.218519
17 0.693750 0.312500 0.022917 0.017593
13 0.827083 0.364815 0.073958 0.135185
13 0.767448 0.351389 0.068229 0.128704
22 0.789062 0.495833 0.059375 0.125000
10 0.819792 0.653241 0.082292 0.141667
5 0.751823 0.561111 0.055729 0.229630
10 0.716667 0.513426 0.097917 0.145370
12 0.632812 0.490741 0.084375 0.112963
11 0.547917 0.445833 0.083333 0.110185
3 0.463802 0.540741 0.034896 0.059259
29 0.489583 0.530093 0.105208 0.039815
16 0.434635 0.590741 0.007812 0.020370
16 0.442188 0.593981 0.007292 0.019444
16 0.449479 0.594907 0.007292 0.021296
16 0.456510 0.593056 0.007812 0.021296
16 0.464062 0.593519 0.007292 0.020370
16 0.435156 0.641667 0.008854 0.020370
16 0.491927 0.646759 0.008854 0.021296
16 0.542708 0.594907 0.009375 0.017593
16 0.542969 0.609259 0.008854 0.014815
21 0.489583 0.617130 0.122917 0.069444
0 0.414844 0.561111 0.088021 0.146296
19 0.685417 0.611574 0.034375 0.050926
2 0.669010 0.675463 0.049479 0.206481
4 0.640104 0.668981 0.071875 0.200926
