4 0.633594 0.488542 0.243229 0.064583
15 0.308594 0.186111 0.026562 0.095833
20 0.316146 0.214583 0.027083 0.076389
14 0.436719 0.313889 0.035937 0.109722
19 0.439583 0.346875 0.040625 0.085417
28 0.547396 0.247222 0.082292 0.101389
24 0.553125 0.363889 0.111458 0.113889
16 0.777344 0.277778 0.027604 0.037500
27 0.776042 0.257292 0.131250 0.242361
26 0.872656 0.286806 0.107813 0.150000
17 0.845313 0.354167 0.041667 0.033333
13 0.947917 0.421181 0.056250 0.113194
13 0.900781 0.397222 0.070312 0.105556
22 0.942708 0.516667 0.050000 0.120833
10 0.970052 0.637847 0.059896 0.134028
5 0.927865 0.629514 0.041146 0.089583
10 0.895052 0.493403 0.097396 0.154861
14 0.898958 0.576042 0.076042 0.070139
19 0.878125 0.592361 0.058333 0.065278
12 0.805990 0.468403 0.104688 0.147917
11 0.712240 0.392708 0.127604 0.157639
2 0.859375 0.666319 0.075000 0.218750
8 0.764062 0.514583 0.029167 0.008333
3 0.765625 0.608333 0.083333 0.143056
16 0.708333 0.542361 0.015625 0.023611
16 0.526042 0.569444 0.014583 0.027778
16 0.578906 0.583333 0.013021 0.016667
16 0.528646 0.515625 0.014583 0.035417
21 0.612500 0.562153 0.206250 0.109028
0 0.461458 0.574653 0.143750 0.215972
1 0.618229 0.529514 0.168750 0.197917
29 0.600260 0.457292 0.170313 0.063194
