19 0.402865 0.294097 0.051562 0.102083
14 0.409635 0.257639 0.049479 0.140278
28 0.545052 0.179167 0.105729 0.130556
24 0.540625 0.326389 0.136458 0.152778
16 0.561198 0.437500 0.031771 0.054167
7 0.569792 0.431597 0.022917 0.020139
3 0.687240 0.314931 0.217188 0.234028
1 0.742448 0.377083 0.215104 0.341667
29 0.597656 0.455903 0.184896 0.107639
16 0.501042 0.507292 0.015625 0.031250
16 0.516406 0.513889 0.017188 0.034722
16 0.530729 0.517708 0.016667 0.035417
16 0.545833 0.519444 0.016667 0.033333
16 0.560677 0.523958 0.015104 0.032639
16 0.492969 0.586458 0.018229 0.035417
16 0.607031 0.618403 0.018229 0.031250
16 0.638802 0.547569 0.019271 0.025694
16 0.651042 0.549306 0.014583 0.031944
16 0.662760 0.554861 0.013021 0.031944
16 0.684115 0.580208 0.017188 0.027083
16 0.696615 0.562500 0.017188 0.029167
16 0.695052 0.583333 0.017188 0.025000
21 0.579167 0.571875 0.231250 0.159028
0 0.464583 0.447569 0.204167 0.206250
20 0.259635 0.100000 0.036979 0.097222
15 0.252344 0.069792 0.034896 0.128472
12 0.823177 0.484722 0.063021 0.129167
10 0.882031 0.519444 0.104688 0.168056
22 0.921875 0.539583 0.038542 0.127778
19 0.865625 0.624653 0.057292 0.042361
14 0.883333 0.619444 0.085417 0.050000
5 0.899219 0.651389 0.032813 0.108333
10 0.945312 0.671875 0.080208 0.124306
17 0.853906 0.359028 0.026562 0.033333
13 0.896875 0.407292 0.065625 0.117361
13 0.932813 0.439583 0.056250 0.120833
26 0.885938 0.285069 0.114583 0.153472
27 0.817187 0.195486 0.129167 0.182639
