14 0.171354 0.565972 0.080208 0.081944
19 0.198437 0.584722 0.069792 0.079167
0 0.505990 0.370833 0.178646 0.133333
2 0.623437 0.343056 0.121875 0.261111
15 0.044271 0.372569 0.062500 0.078472
20 0.059896 0.388889 0.048958 0.058333
28 0.284896 0.285417 0.089583 0.115278
10 0.571615 0.457639 0.110937 0.190278
14 0.716927 0.457292 0.043229 0.065972
16 0.177344 0.461111 0.011979 0.022222
16 0.219531 0.448264 0.009896 0.018750
16 0.179167 0.404514 0.012500 0.021528
16 0.189583 0.401042 0.010417 0.020139
16 0.200000 0.398611 0.010417 0.022222
16 0.209896 0.392708 0.012500 0.021528
16 0.220833 0.390972 0.010417 0.022222
16 0.285938 0.367708 0.015625 0.018750
16 0.298177 0.364583 0.013021 0.020833
16 0.308333 0.362153 0.014583 0.017361
16 0.331510 0.352431 0.011979 0.018750
16 0.331250 0.369792 0.015625 0.015972
16 0.343229 0.350694 0.015625 0.016667
16 0.344010 0.364931 0.017188 0.015972
21 0.271094 0.423264 0.190104 0.129861
16 0.566406 0.236111 0.023438 0.050000
22 0.451042 0.608681 0.093750 0.142361
11 0.434635 0.316319 0.138021 0.143750
12 0.828646 0.360764 0.097917 0.132639
13 0.789844 0.260764 0.081771 0.115972
22 0.756510 0.381250 0.097396 0.134722
10 0.878646 0.506944 0.122917 0.161111
13 0.723698 0.250347 0.089063 0.120139
27 0.556510 0.175694 0.125521 0.270833
26 0.672656 0.139236 0.123438 0.159028
29 0.830990 0.560417 0.074479 0.206944
9 0.741927 0.493056 0.091146 0.190278
1 0.635156 0.407986 0.141146 0.324306
6 0.568750 0.465972 0.011458 0.016667
