21 0.571354 0.576389 0.130208 0.098611
15 0.215365 0.212153 0.030729 0.099306
20 0.225000 0.236806 0.032292 0.077778
14 0.343750 0.334722 0.037500 0.108333
19 0.353125 0.367014 0.042708 0.085417
28 0.460677 0.253472 0.082812 0.101389
16 0.706250 0.237153 0.010417 0.018750
27 0.691406 0.244444 0.125521 0.243056
26 0.792448 0.270139 0.106771 0.147222
17 0.766927 0.337847 0.043229 0.029861
13 0.871615 0.395486 0.055729 0.109028
13 0.823698 0.376042 0.071354 0.103472
22 0.867448 0.488889 0.055729 0.112500
10 0.913281 0.604514 0.091146 0.129861
5 0.856771 0.601389 0.042708 0.087500
14 0.823177 0.555556 0.072396 0.069444
19 0.805469 0.571528 0.053646 0.062500
10 0.820052 0.474306 0.095312 0.150000
12 0.740625 0.454167 0.083333 0.137500
11 0.634896 0.368750 0.131250 0.100000
24 0.468750 0.372569 0.112500 0.107639
29 0.495573 0.472222 0.126562 0.062500
16 0.500521 0.523611 0.012500 0.018056
16 0.570833 0.536111 0.012500 0.016667
16 0.526302 0.565972 0.041146 0.044444
16 0.549740 0.601042 0.018229 0.018750
2 0.778125 0.587153 0.038542 0.097917
3 0.609896 0.456597 0.112500 0.124306
0 0.434635 0.636111 0.221354 0.256944
1 0.670833 0.544097 0.251042 0.299306
