10 0.302083 0.353704 0.073958 0.092593
27 0.202083 0.631481 0.177083 0.185185
21 0.454948 0.502778 0.102604 0.096296
19 0.471094 0.706019 0.044271 0.099074
13 0.201823 0.470370 0.059896 0.066667
10 0.292187 0.453704 0.063542 0.133333
22 0.249479 0.453704 0.037500 0.081481
12 0.320833 0.493981 0.070833 0.097222
13 0.220312 0.518056 0.060417 0.104630
16 0.231250 0.597685 0.025000 0.030556
26 0.162760 0.562500 0.118229 0.165741
11 0.342969 0.585648 0.097396 0.158333
14 0.331250 0.395833 0.032292 0.084259
19 0.338021 0.418519 0.023958 0.066667
16 0.411719 0.474537 0.009896 0.012037
16 0.415625 0.477778 0.009375 0.012963
16 0.419010 0.492130 0.007812 0.013889
16 0.422917 0.496759 0.008333 0.013889
16 0.426823 0.500463 0.009896 0.012037
16 0.455208 0.525463 0.010417 0.015741
16 0.460156 0.528704 0.009896 0.014815
16 0.496354 0.509259 0.008333 0.018519
16 0.456510 0.476389 0.010937 0.012037
3 0.389062 0.442130 0.078125 0.208333
1 0.379427 0.395833 0.075521 0.169444
7 0.429167 0.551389 0.012500 0.032407
29 0.409896 0.565278 0.060417 0.082407
24 0.404167 0.675000 0.090625 0.144444
14 0.460417 0.669907 0.044792 0.115741
0 0.480990 0.585185 0.118229 0.138889
28 0.336979 0.788426 0.083333 0.147222
15 0.498437 0.975463 0.043750 0.049074
16 0.465885 0.530093 0.008854 0.012037
16 0.430729 0.561574 0.014583 0.019444
2 0.347917 0.448611 0.016667 0.036111
