16 0.600260 0.373148 0.011979 0.022222
29 0.586198 0.426852 0.056771 0.120370
0 0.606771 0.351852 0.060417 0.112963
27 0.715365 0.669907 0.222396 0.269444
7 0.598698 0.363426 0.003646 0.026852
34 0.729948 0.127778 0.008854 0.035185
15 0.771875 0.256944 0.028125 0.089815
14 0.675521 0.303704 0.023958 0.103704
28 0.733073 0.449074 0.071354 0.105556
24 0.652083 0.427315 0.069792 0.112037
16 0.558854 0.331944 0.010417 0.013889
16 0.582812 0.343056 0.010417 0.012037
16 0.577604 0.347685 0.011458 0.010185
16 0.575781 0.353704 0.010937 0.009259
16 0.572656 0.359259 0.009896 0.011111
16 0.569271 0.367130 0.009375 0.012037
16 0.531250 0.375000 0.010417 0.012963
16 0.521875 0.435185 0.007292 0.014815
16 0.529167 0.438889 0.008333 0.012963
16 0.540625 0.416667 0.008333 0.011111
16 0.544010 0.409722 0.009896 0.010185
16 0.547917 0.402315 0.008333 0.010185
21 0.541406 0.405556 0.092188 0.142593
3 0.609375 0.256481 0.042708 0.200000
1 0.585677 0.233333 0.090104 0.175926
11 0.608594 0.518056 0.096354 0.187963
16 0.684635 0.617593 0.015104 0.025926
26 0.670573 0.854167 0.182812 0.291667
13 0.521094 0.926852 0.121354 0.146296
12 0.533854 0.605556 0.104167 0.188889
10 0.462500 0.704630 0.119792 0.216667
4 0.424479 0.552778 0.150000 0.053704
2 0.400260 0.595833 0.139063 0.069444
14 0.413281 0.580556 0.034896 0.103704
19 0.419531 0.611111 0.030729 0.072222
5 0.392448 0.786111 0.178646 0.203704
22 0.393229 0.904167 0.144792 0.191667
10 0.265104 0.826852 0.156250 0.261111
19 0.666146 0.331019 0.030208 0.082407
20 0.766406 0.281944 0.024479 0.076852
