12 0.497135 0.335185 0.065104 0.055556
27 0.404427 0.324074 0.118229 0.200000
22 0.576302 0.667130 0.079687 0.134259
0 0.508333 0.668519 0.093750 0.235185
14 0.371875 0.717593 0.038542 0.127778
24 0.422917 0.875000 0.112500 0.237037
19 0.379427 0.754630 0.041146 0.105556
29 0.322396 0.730093 0.104167 0.217593
16 0.443750 0.711574 0.016667 0.021296
16 0.462500 0.662037 0.010417 0.024074
16 0.429427 0.640278 0.015104 0.023148
16 0.425260 0.651852 0.017188 0.022222
16 0.421094 0.664352 0.019271 0.021296
16 0.416406 0.675926 0.017188 0.024074
16 0.409375 0.687963 0.017708 0.024074
16 0.462500 0.556019 0.015625 0.017593
16 0.456771 0.564815 0.013542 0.014815
16 0.455208 0.575926 0.010417 0.020370
16 0.471875 0.529630 0.012500 0.018519
16 0.480208 0.532870 0.010417 0.013889
16 0.477604 0.543056 0.009375 0.015741
21 0.453646 0.642593 0.106250 0.222222
17 0.300000 0.545833 0.036458 0.050926
28 0.332292 0.584722 0.077083 0.117593
1 0.352604 0.478704 0.112500 0.135185
30 0.407552 0.585185 0.050521 0.096296
17 0.410677 0.332870 0.024479 0.049074
16 0.467187 0.342130 0.005208 0.017593
26 0.448698 0.265741 0.068229 0.148148
10 0.561979 0.293519 0.029167 0.057407
5 0.595833 0.533796 0.105208 0.056481
23 0.580469 0.587500 0.088021 0.115741
17 0.585417 0.663889 0.015625 0.072222
17 0.573438 0.656944 0.016667 0.069444
17 0.561719 0.650000 0.017188 0.068519
17 0.553906 0.628704 0.010937 0.037037
18 0.596354 0.673611 0.015625 0.078704
18 0.580208 0.662037 0.016667 0.077778
18 0.567448 0.656019 0.017188 0.075000
18 0.558594 0.639815 0.013021 0.061111
20 0.161458 0.928704 0.061458 0.103704
15 0.146094 0.897222 0.066146 0.120370
