0 0.409896 0.881944 0.182292 0.222222
15 0.048438 0.428819 0.048958 0.081250
20 0.061458 0.448958 0.045833 0.065972
14 0.159115 0.508333 0.058854 0.098611
19 0.177865 0.532639 0.057813 0.087500
28 0.269010 0.386458 0.080729 0.100694
24 0.289844 0.500694 0.108854 0.115278
16 0.303385 0.576389 0.016146 0.036111
29 0.350521 0.571528 0.168750 0.076389
11 0.439063 0.452083 0.128125 0.151389
16 0.509635 0.306944 0.018229 0.040278
27 0.485417 0.287500 0.117708 0.240278
17 0.586458 0.344792 0.051042 0.015972
26 0.606250 0.271528 0.108333 0.155556
13 0.653125 0.351736 0.081250 0.102083
13 0.708333 0.353125 0.075000 0.095139
12 0.557292 0.483333 0.115625 0.116667
10 0.652083 0.456944 0.106250 0.145833
22 0.717969 0.449653 0.086979 0.113194
10 0.793750 0.538542 0.113542 0.153472
14 0.669531 0.536806 0.058854 0.091667
5 0.728646 0.539236 0.069792 0.134028
2 0.657552 0.640972 0.128646 0.194444
19 0.652604 0.560069 0.055208 0.079861
4 0.613021 0.655903 0.159375 0.193750
3 0.586719 0.695486 0.163021 0.172917
1 0.586719 0.746875 0.152604 0.247917
7 0.484115 0.792014 0.028646 0.025694
16 0.454688 0.604167 0.018750 0.018056
16 0.458594 0.621875 0.014063 0.022917
16 0.444792 0.625000 0.016667 0.022222
16 0.420052 0.616667 0.013021 0.025000
16 0.407552 0.617708 0.014063 0.024306
16 0.394792 0.621875 0.014583 0.022917
16 0.323958 0.639236 0.013542 0.027083
16 0.311979 0.640625 0.013542 0.025694
16 0.299479 0.644792 0.013542 0.025694
16 0.286458 0.648264 0.013542 0.025694
16 0.273958 0.650347 0.013542 0.025694
16 0.278646 0.715278 0.019792 0.019444
16 0.381250 0.690625 0.015625 0.022917
21 0.373698 0.670833 0.215104 0.134722
