5 0.714844 0.731250 0.085938 0.306944
27 0.689323 0.233681 0.164062 0.311806
20 0.094010 0.266319 0.060937 0.096528
15 0.075521 0.234028 0.064583 0.116667
19 0.265104 0.453125 0.067708 0.102083
14 0.248698 0.420833 0.075521 0.123611
29 0.279167 0.359375 0.210417 0.075694
28 0.411198 0.256944 0.108854 0.141667
30 0.460938 0.392361 0.086458 0.086111
17 0.695052 0.259722 0.053646 0.086111
17 0.720313 0.354514 0.056250 0.117361
26 0.805208 0.251736 0.129167 0.156250
13 0.882812 0.408333 0.050000 0.119444
10 0.913021 0.520833 0.059375 0.133333
12 0.760677 0.433333 0.082812 0.123611
13 0.765365 0.549306 0.121354 0.120833
1 0.813281 0.438194 0.178646 0.291667
11 0.638281 0.456250 0.165104 0.170833
16 0.558333 0.470139 0.020833 0.030556
16 0.560417 0.492014 0.017708 0.028472
16 0.545833 0.490625 0.018750 0.032639
16 0.515885 0.470139 0.018229 0.030556
16 0.502083 0.469444 0.018750 0.031944
16 0.487240 0.470833 0.019271 0.029167
16 0.473958 0.548958 0.018750 0.035417
16 0.395573 0.551042 0.019271 0.036806
16 0.329688 0.552778 0.026042 0.026389
16 0.332813 0.467361 0.020833 0.033333
16 0.348438 0.470139 0.017708 0.034722
16 0.364844 0.469792 0.018229 0.036806
16 0.380469 0.470486 0.018229 0.036806
16 0.397396 0.469792 0.017708 0.035417
21 0.441927 0.519097 0.257812 0.113194
24 0.216927 0.585417 0.155729 0.156944
4 0.777865 0.710417 0.063021 0.213889
3 0.758073 0.716319 0.091146 0.214583
23 0.619792 0.754167 0.120833 0.212500
18 0.509115 0.659375 0.094271 0.014583
18 0.502344 0.688889 0.097396 0.013889
18 0.511719 0.717708 0.094271 0.015972
18 0.511198 0.744444 0.093229 0.015278
18 0.495052 0.776389 0.096354 0.018056
17 0.512240 0.674653 0.083854 0.014583
17 0.512240 0.702431 0.083854 0.015972
17 0.512500 0.730903 0.084375 0.015972
17 0.511979 0.759028 0.084375 0.018056
17 0.511458 0.787847 0.085417 0.020139
22 0.506250 0.751042 0.104167 0.200694
0 0.355469 0.724306 0.209896 0.234722
