0 0.644010 0.635648 0.115104 0.250926
2 0.631510 0.494907 0.105729 0.056481
13 0.502344 0.299537 0.061979 0.089815
26 0.451823 0.262963 0.065104 0.135185
27 0.437760 0.328241 0.121354 0.225000
15 0.171094 0.900463 0.060937 0.119444
20 0.185938 0.932407 0.059375 0.105556
28 0.337760 0.578704 0.076563 0.127778
16 0.383594 0.745370 0.017188 0.022222
16 0.348177 0.722222 0.014063 0.029630
16 0.353125 0.708333 0.016667 0.024074
16 0.359115 0.694907 0.017188 0.023148
16 0.364583 0.678704 0.013542 0.024074
16 0.369792 0.667593 0.016667 0.018519
16 0.416406 0.544444 0.015104 0.012963
16 0.423177 0.550926 0.016146 0.016667
16 0.412240 0.556944 0.014063 0.017593
16 0.420833 0.562037 0.013542 0.016667
16 0.405469 0.575463 0.016146 0.015741
16 0.401823 0.585648 0.016146 0.017593
16 0.397135 0.598611 0.011979 0.026852
21 0.397656 0.666667 0.116146 0.238889
19 0.457031 0.776852 0.038021 0.101852
14 0.458073 0.734722 0.036979 0.125000
24 0.557552 0.620370 0.078646 0.150000
16 0.633854 0.520833 0.013542 0.050926
7 0.629427 0.393981 0.018229 0.043519
3 0.681771 0.265278 0.094792 0.232407
1 0.697656 0.228704 0.107813 0.157407
11 0.439063 0.485648 0.086458 0.162037
10 0.549479 0.436574 0.082292 0.149074
16 0.460938 0.356481 0.012500 0.044444
17 0.478646 0.325463 0.012500 0.013889
5 0.576823 0.395833 0.114062 0.052778
29 0.647396 0.364352 0.088542 0.073148
19 0.582552 0.380093 0.018229 0.028704
14 0.585417 0.359722 0.022917 0.069444
22 0.558594 0.337963 0.068229 0.077778
10 0.638542 0.306481 0.058333 0.096296
12 0.574740 0.287037 0.061979 0.087037
13 0.525781 0.268981 0.059896 0.084259
