3 0.919010 0.695139 0.161979 0.069444
1 0.932813 0.725000 0.134375 0.238889
21 0.695833 0.454861 0.155208 0.126389
16 0.653385 0.389931 0.016146 0.024306
28 0.772917 0.368403 0.093750 0.121528
14 0.625781 0.539931 0.046354 0.095139
19 0.616146 0.570139 0.048958 0.070833
15 0.526563 0.244097 0.025000 0.100694
20 0.529687 0.269097 0.022917 0.071528
24 0.779687 0.792014 0.109375 0.142361
34 0.177083 0.300694 0.032292 0.015278
16 0.664844 0.393403 0.011979 0.021528
16 0.675521 0.400000 0.011458 0.022222
16 0.687760 0.406944 0.015104 0.020833
16 0.697135 0.413194 0.013021 0.023611
16 0.636198 0.438542 0.013021 0.020139
16 0.694010 0.470486 0.014063 0.017361
27 0.973177 0.563194 0.053646 0.188889
16 0.763802 0.450694 0.017188 0.018056
16 0.774219 0.457639 0.013021 0.020833
16 0.783333 0.458333 0.008333 0.012500
11 0.907552 0.558333 0.139063 0.155556
2 0.913021 0.920833 0.057292 0.158333
0 0.877083 0.488194 0.120833 0.166667
