0 0.478385 0.523958 0.168229 0.221528
9 0.888542 0.678819 0.034375 0.204861
10 0.850000 0.615972 0.100000 0.161111
12 0.967448 0.674306 0.055729 0.119444
22 0.923177 0.649306 0.047396 0.127778
25 0.539323 0.635069 0.139063 0.150694
24 0.668490 0.671875 0.120313 0.145139
15 0.413021 0.156944 0.025000 0.109722
20 0.408854 0.181597 0.023958 0.084028
27 0.873698 0.415625 0.150521 0.247917
14 0.904948 0.693056 0.076563 0.043056
10 0.965625 0.811111 0.068750 0.122222
29 0.923177 0.816319 0.048438 0.154861
13 0.965365 0.575347 0.050521 0.106250
19 0.888802 0.699653 0.047396 0.039583
13 0.932552 0.536806 0.056771 0.113889
26 0.934896 0.437847 0.096875 0.157639
17 0.898698 0.499653 0.015104 0.020139
16 0.873958 0.456944 0.028125 0.037500
11 0.783594 0.462153 0.063021 0.140972
16 0.540365 0.304167 0.013021 0.022222
16 0.551042 0.308681 0.011458 0.024306
16 0.561458 0.315625 0.011458 0.024306
16 0.573698 0.321528 0.014063 0.020833
16 0.526823 0.351389 0.013021 0.022222
16 0.580469 0.378125 0.007812 0.014583
21 0.565885 0.370833 0.119271 0.134722
14 0.539062 0.428125 0.047917 0.102083
19 0.523438 0.473264 0.050000 0.039583
2 0.635938 0.325000 0.195833 0.259722
6 0.537500 0.451389 0.014583 0.013889
1 0.679948 0.369792 0.205729 0.349306
