0 0.406250 0.621181 0.152083 0.318750
14 0.850521 0.454514 0.071875 0.095139
26 0.804167 0.123611 0.120833 0.169444
21 0.422656 0.351389 0.189062 0.116667
16 0.334115 0.327778 0.011979 0.022222
16 0.344010 0.325347 0.011979 0.020139
16 0.354687 0.323611 0.011458 0.023611
16 0.365104 0.320833 0.012500 0.025000
16 0.376302 0.318403 0.009896 0.022917
16 0.439063 0.302083 0.015625 0.022222
16 0.450260 0.300000 0.011979 0.023611
16 0.460677 0.296875 0.016146 0.018750
16 0.483594 0.288542 0.011979 0.018750
16 0.494531 0.286806 0.015104 0.015278
16 0.484375 0.306250 0.013542 0.018056
16 0.496615 0.301042 0.013021 0.017361
16 0.333594 0.375000 0.011979 0.023611
16 0.376042 0.365972 0.013542 0.020833
28 0.436719 0.229167 0.082812 0.105556
11 0.590104 0.303819 0.136458 0.154861
16 0.721615 0.155208 0.011979 0.022917
27 0.701823 0.159722 0.134896 0.297222
13 0.851302 0.230903 0.090104 0.120139
13 0.915625 0.239583 0.080208 0.115278
12 0.951042 0.352778 0.096875 0.138889
22 0.882552 0.354167 0.095312 0.130556
10 0.747135 0.414931 0.145313 0.181250
19 0.825781 0.476042 0.066146 0.085417
10 0.967187 0.429167 0.065625 0.068056
3 0.838542 0.559722 0.322917 0.077778
1 0.904687 0.599653 0.190625 0.304861
7 0.645052 0.550347 0.066146 0.018750
2 0.719271 0.622222 0.209375 0.098611
24 0.548958 0.529861 0.131250 0.130556
25 0.475781 0.531250 0.099479 0.222222
14 0.339062 0.509722 0.065625 0.090278
19 0.360417 0.533333 0.058333 0.083333
15 0.201823 0.276389 0.052604 0.080556
20 0.215104 0.294444 0.043750 0.061111
17 0.785417 0.207639 0.046875 0.026389
5 0.830990 0.396181 0.118229 0.164583
