16 0.181771 0.775694 0.013542 0.026389
16 0.192188 0.770486 0.013542 0.028472
16 0.201302 0.765972 0.013021 0.030556
16 0.210156 0.757639 0.015104 0.026389
16 0.220052 0.750694 0.013021 0.027778
21 0.223958 0.762153 0.079167 0.090972
16 0.202604 0.673958 0.030208 0.029861
29 0.247396 0.644097 0.146875 0.124306
24 0.182812 0.605903 0.104167 0.146528
19 0.091927 0.687847 0.068229 0.061806
14 0.068750 0.675694 0.079167 0.061111
28 0.148438 0.494792 0.079167 0.107639
16 0.358073 0.307292 0.032813 0.043750
27 0.335417 0.286806 0.173958 0.272222
11 0.290625 0.520139 0.150000 0.184722
12 0.417969 0.466667 0.124479 0.161111
10 0.537500 0.396875 0.123958 0.138194
17 0.458594 0.281944 0.058854 0.025000
26 0.460156 0.199653 0.141146 0.178472
13 0.538281 0.259375 0.098437 0.132639
13 0.605469 0.233681 0.097396 0.122917
22 0.630469 0.344792 0.116146 0.142361
5 0.650521 0.452431 0.111458 0.189583
10 0.731510 0.423264 0.127604 0.196528
14 0.560156 0.464931 0.039062 0.102083
19 0.555469 0.512153 0.035937 0.052083
7 0.621615 0.534375 0.034896 0.021528
3 0.800260 0.449653 0.347396 0.182639
1 0.873698 0.528819 0.252604 0.327083
0 0.486458 0.563542 0.252083 0.272917
2 0.604948 0.648264 0.117188 0.125694
4 0.578125 0.692708 0.130208 0.125694
