27 0.680208 0.662963 0.237500 0.246296
14 0.430469 0.588426 0.031771 0.076852
5 0.391927 0.783333 0.179688 0.201852
10 0.265104 0.825926 0.158333 0.262963
22 0.392969 0.904630 0.147396 0.194444
13 0.520833 0.926389 0.123958 0.147222
10 0.458594 0.697222 0.121354 0.222222
3 0.473438 0.532870 0.082292 0.063889
4 0.523177 0.430093 0.058854 0.265741
12 0.543229 0.604167 0.107292 0.186111
1 0.494792 0.426852 0.118750 0.174074
0 0.583854 0.455556 0.071875 0.275926
11 0.629427 0.507870 0.070312 0.175000
24 0.652604 0.418981 0.067708 0.099074
19 0.666406 0.331944 0.030729 0.082407
14 0.673177 0.303704 0.029687 0.105556
28 0.732292 0.450926 0.070833 0.107407
16 0.618229 0.666204 0.028125 0.054630
26 0.671094 0.855093 0.182812 0.289815
34 0.729948 0.128241 0.008854 0.036111
20 0.765104 0.282407 0.027083 0.077778
15 0.770833 0.256944 0.029167 0.091667
2 0.404687 0.594444 0.129167 0.118519
