26 0.741927 0.255556 0.111979 0.224074
1 0.699740 0.531019 0.071354 0.187963
10 0.714323 0.530556 0.100521 0.125926
5 0.752604 0.561111 0.055208 0.229630
27 0.640625 0.287963 0.106250 0.281481
21 0.488802 0.621296 0.123438 0.068519
20 0.267969 0.327778 0.035937 0.042593
15 0.255990 0.318981 0.039062 0.041667
14 0.366927 0.461574 0.036979 0.047222
19 0.380469 0.463889 0.026562 0.046296
24 0.452083 0.441667 0.071875 0.087037
29 0.481250 0.519444 0.081250 0.040741
16 0.433854 0.597222 0.009375 0.022222
16 0.441406 0.597222 0.008854 0.020370
16 0.448958 0.598148 0.008333 0.024074
16 0.543490 0.600000 0.007812 0.014815
16 0.542969 0.610185 0.008854 0.014815
3 0.610417 0.660648 0.048958 0.202778
2 0.660677 0.608333 0.016146 0.081481
4 0.691927 0.493056 0.070312 0.091667
8 0.654427 0.478241 0.007812 0.008333
14 0.716146 0.587963 0.015625 0.040741
12 0.638802 0.487963 0.082812 0.116667
0 0.591146 0.475926 0.112500 0.148148
11 0.542188 0.435185 0.082292 0.111111
10 0.819792 0.652315 0.082292 0.141667
22 0.789062 0.496296 0.060417 0.127778
13 0.827344 0.364815 0.075521 0.137037
13 0.766667 0.350926 0.069792 0.131481
16 0.656771 0.343056 0.014583 0.017593
17 0.698177 0.311111 0.029687 0.022222
28 0.444792 0.309722 0.057292 0.106481
