0 0.138281 0.428472 0.276562 0.448611
3 0.198177 0.271528 0.383854 0.155556
7 0.418750 0.320486 0.079167 0.022917
24 0.500521 0.351042 0.197917 0.197917
4 0.248177 0.392708 0.074479 0.374306
26 0.091146 0.183333 0.182292 0.200000
15 0.023958 0.066667 0.035417 0.034722
20 0.048698 0.080208 0.035937 0.028472
12 0.107292 0.102083 0.047917 0.083333
22 0.165885 0.095139 0.080729 0.152778
14 0.214844 0.043750 0.106771 0.087500
19 0.242708 0.059375 0.092708 0.110417
11 0.407813 0.055208 0.209375 0.110417
16 0.342187 0.195139 0.025000 0.037500
16 0.375000 0.182986 0.025000 0.035417
16 0.428385 0.163889 0.025521 0.034722
16 0.339844 0.131597 0.023438 0.032639
16 0.355469 0.127083 0.021354 0.027778
16 0.370573 0.118403 0.018229 0.036806
16 0.388021 0.110069 0.020833 0.036806
16 0.405208 0.103472 0.021875 0.037500
16 0.509896 0.048611 0.022917 0.038889
16 0.530208 0.044097 0.019792 0.039583
16 0.549219 0.039236 0.020313 0.039583
16 0.590625 0.051042 0.020833 0.039583
16 0.611719 0.046181 0.022396 0.036806
16 0.606771 0.021181 0.023958 0.031250
21 0.489583 0.130208 0.311458 0.203472
1 0.681510 0.449306 0.307812 0.486111
25 0.734375 0.282639 0.195833 0.251389
10 0.884375 0.130208 0.231250 0.260417
