26 0.086198 0.410764 0.172396 0.245139
21 0.485938 0.606597 0.231250 0.140972
16 0.379427 0.597917 0.016146 0.026389
16 0.393229 0.592361 0.017708 0.033333
16 0.413802 0.663194 0.021354 0.025000
16 0.491146 0.557986 0.020833 0.032639
16 0.509896 0.558681 0.018750 0.036806
16 0.526302 0.554861 0.017188 0.037500
16 0.578906 0.571528 0.020313 0.027778
16 0.575521 0.542361 0.019792 0.031944
16 0.559115 0.572222 0.018229 0.025000
14 0.188542 0.287500 0.060417 0.101389
15 0.039583 0.273958 0.064583 0.064583
28 0.261979 0.180556 0.095833 0.125000
27 0.541406 0.096528 0.159896 0.193056
14 0.584896 0.188542 0.054167 0.192361
19 0.574219 0.256597 0.053646 0.106250
16 0.620313 0.219097 0.036458 0.104861
10 0.786719 0.453125 0.196354 0.218750
10 0.667969 0.207986 0.145313 0.246528
11 0.415625 0.331597 0.113542 0.189583
22 0.163021 0.336111 0.086458 0.154167
13 0.885156 0.163542 0.110937 0.154861
13 0.927604 0.317014 0.118750 0.172917
17 0.808073 0.061111 0.044271 0.062500
5 0.786979 0.137847 0.126042 0.196528
12 0.086458 0.337500 0.086458 0.097222
29 0.453646 0.466667 0.166667 0.101389
0 0.372656 0.182986 0.239063 0.335417
1 0.784375 0.370486 0.323958 0.574306
20 0.059375 0.286111 0.058333 0.050000
