19 0.703906 0.030903 0.058854 0.061806
10 0.821875 0.072917 0.172917 0.145833
10 0.933333 0.107986 0.133333 0.215972
29 0.977604 0.210069 0.044792 0.071528
23 0.770052 0.232292 0.138021 0.214583
16 0.404427 0.173611 0.020313 0.037500
16 0.476042 0.167708 0.019792 0.039583
16 0.654167 0.115625 0.020833 0.035417
16 0.673438 0.117361 0.021875 0.033333
16 0.671354 0.095139 0.019792 0.033333
16 0.584896 0.091667 0.022917 0.036111
16 0.602604 0.091667 0.018750 0.037500
16 0.619792 0.093403 0.019792 0.036806
16 0.407813 0.114583 0.020833 0.037500
16 0.424219 0.114583 0.021354 0.037500
16 0.441927 0.110764 0.019271 0.038194
16 0.459115 0.109722 0.019271 0.038889
16 0.477604 0.108333 0.018750 0.038889
21 0.539583 0.153819 0.300000 0.128472
11 0.566146 0.048611 0.187500 0.097222
30 0.421354 0.032986 0.091667 0.065972
17 0.502865 0.430208 0.109896 0.034028
18 0.502344 0.404167 0.118229 0.031944
17 0.498698 0.377778 0.121354 0.034722
17 0.495833 0.344097 0.119792 0.035417
17 0.495833 0.245486 0.100000 0.029861
17 0.510156 0.275694 0.077604 0.027778
17 0.493750 0.310417 0.080208 0.027778
1 0.658073 0.439583 0.251563 0.401389
22 0.502604 0.347917 0.133333 0.250000
0 0.338542 0.426389 0.276042 0.380556
5 0.302083 0.373264 0.175000 0.400694
26 0.061979 0.088542 0.123958 0.177083
12 0.171875 0.069792 0.137500 0.139583
19 0.305469 0.017361 0.048438 0.034722
2 0.096875 0.304861 0.077083 0.248611
3 0.141146 0.294097 0.060417 0.285417
4 0.174740 0.245486 0.056771 0.313194
13 0.242969 0.136806 0.169271 0.273611
18 0.503646 0.304167 0.060417 0.016667
