0 0.365104 0.581250 0.283333 0.381944
1 0.722917 0.629861 0.256250 0.409722
24 0.566667 0.541319 0.232292 0.240972
2 0.207292 0.440972 0.076042 0.304167
3 0.267708 0.450000 0.071875 0.306944
4 0.319010 0.411806 0.064062 0.336111
26 0.165885 0.171875 0.176563 0.238194
22 0.258333 0.114236 0.089583 0.138194
19 0.347135 0.120486 0.061979 0.106250
14 0.332031 0.081250 0.075521 0.162500
28 0.374219 0.029167 0.093229 0.058333
11 0.496094 0.115278 0.154688 0.166667
27 0.638281 0.033681 0.140104 0.067361
14 0.661979 0.077431 0.065625 0.154861
19 0.650000 0.112847 0.058333 0.107639
10 0.753646 0.100000 0.157292 0.200000
5 0.847396 0.094097 0.093750 0.185417
17 0.856510 0.031250 0.055729 0.062500
12 0.956510 0.250694 0.086979 0.158333
13 0.927604 0.119444 0.092708 0.133333
29 0.905990 0.286111 0.068229 0.213889
10 0.839323 0.295833 0.173437 0.234722
16 0.426302 0.267014 0.021354 0.025694
16 0.456771 0.263889 0.015625 0.030556
16 0.504427 0.266667 0.016146 0.026389
16 0.430729 0.214236 0.016667 0.028472
16 0.444271 0.214583 0.015625 0.030556
16 0.458854 0.214583 0.015625 0.029167
16 0.473698 0.214236 0.016146 0.029861
16 0.489063 0.213889 0.016667 0.029167
16 0.578125 0.199653 0.017708 0.028472
16 0.592969 0.200347 0.014063 0.029861
16 0.607292 0.201389 0.015625 0.029167
16 0.635938 0.220486 0.017708 0.025694
16 0.649479 0.200694 0.016667 0.026389
16 0.651563 0.220139 0.016667 0.023611
21 0.539844 0.251042 0.250521 0.107639
20 0.133073 0.053819 0.026562 0.031250
15 0.124740 0.037847 0.044271 0.063194
