12 0.180208 0.188194 0.039583 0.072222
22 0.231510 0.194792 0.084896 0.145139
20 0.120052 0.150694 0.033854 0.034722
15 0.109375 0.139236 0.052083 0.057639
26 0.150781 0.255556 0.170313 0.238889
19 0.311458 0.209722 0.071875 0.102778
14 0.287240 0.156944 0.081771 0.161111
28 0.333594 0.072569 0.093229 0.110417
11 0.449479 0.170139 0.160417 0.181944
16 0.388281 0.323958 0.017188 0.029861
16 0.415365 0.319444 0.016146 0.030556
16 0.460677 0.313194 0.019271 0.029167
16 0.390625 0.275000 0.018750 0.031944
16 0.404687 0.274653 0.018750 0.029861
16 0.417708 0.270486 0.017708 0.032639
16 0.432552 0.268750 0.018229 0.030556
16 0.447135 0.266319 0.019271 0.032639
16 0.530729 0.238542 0.020833 0.031250
16 0.546094 0.236111 0.017188 0.031944
16 0.560937 0.235417 0.017708 0.031944
16 0.589844 0.248611 0.017188 0.031944
16 0.603125 0.226389 0.018750 0.026389
16 0.605729 0.245833 0.018750 0.023611
21 0.503646 0.294444 0.247917 0.129167
24 0.515365 0.475000 0.155729 0.151389
6 0.309375 0.478472 0.095833 0.037500
2 0.133333 0.542361 0.266667 0.133333
0 0.104427 0.638194 0.208854 0.369444
3 0.257031 0.500000 0.063021 0.298611
4 0.301823 0.479861 0.065104 0.337500
25 0.680208 0.429861 0.127083 0.179167
1 0.766667 0.543750 0.216667 0.412500
10 0.810937 0.296181 0.185417 0.247917
29 0.885156 0.267361 0.081771 0.223611
17 0.834896 0.018056 0.032292 0.036111
13 0.900781 0.090972 0.104688 0.138889
13 0.941406 0.222222 0.111979 0.165278
5 0.811458 0.088889 0.112500 0.177778
10 0.708854 0.104861 0.159375 0.209722
19 0.596094 0.130903 0.050521 0.110417
14 0.601823 0.080208 0.048438 0.160417
27 0.589063 0.046875 0.142708 0.093750
