0 0.195312 0.241204 0.088542 0.276852
3 0.226823 0.195833 0.104688 0.171296
26 0.298177 0.331481 0.081771 0.161111
2 0.272135 0.477778 0.089063 0.148148
4 0.304688 0.512037 0.107292 0.161111
12 0.336458 0.293519 0.039583 0.077778
15 0.325000 0.225000 0.016667 0.077778
20 0.329167 0.240278 0.014583 0.050926
22 0.364583 0.337037 0.063542 0.096296
19 0.386458 0.390278 0.028125 0.076852
14 0.379167 0.348611 0.022917 0.123148
28 0.436198 0.322222 0.049479 0.085185
11 0.448958 0.443981 0.088542 0.149074
29 0.419271 0.518056 0.084375 0.108333
16 0.330208 0.543056 0.010417 0.017593
16 0.346354 0.516667 0.011458 0.014815
16 0.350521 0.523611 0.010417 0.013889
16 0.355208 0.532407 0.007292 0.016667
16 0.361458 0.535185 0.007292 0.012963
16 0.367969 0.540741 0.007812 0.014815
16 0.406771 0.570370 0.012500 0.016667
16 0.411458 0.576852 0.010417 0.018519
16 0.416927 0.583333 0.013021 0.016667
16 0.435937 0.601852 0.009375 0.018519
16 0.423438 0.605556 0.013542 0.014815
16 0.430990 0.613889 0.011979 0.016667
21 0.385677 0.592593 0.122396 0.166667
1 0.352604 0.654630 0.079167 0.235185
10 0.551823 0.668981 0.086979 0.200926
10 0.572917 0.504630 0.058333 0.159259
13 0.711458 0.732870 0.093750 0.191667
13 0.746875 0.607870 0.087500 0.152778
17 0.740104 0.506481 0.008333 0.055556
5 0.671094 0.551852 0.076563 0.187037
30 0.617448 0.539352 0.044271 0.087963
24 0.614323 0.677315 0.075521 0.150926
14 0.524479 0.448148 0.030208 0.125926
19 0.519531 0.490278 0.027604 0.080556
27 0.559896 0.390278 0.085417 0.150926
