21 0.438542 0.464352 0.095833 0.106481
1 0.451562 0.400000 0.061458 0.122222
10 0.271094 0.517130 0.090104 0.136111
0 0.533333 0.278241 0.117708 0.167593
3 0.502344 0.343981 0.039062 0.328704
16 0.465885 0.448611 0.007812 0.013889
16 0.473698 0.455556 0.007812 0.018519
16 0.461198 0.475926 0.006771 0.011111
16 0.455208 0.471759 0.007292 0.013889
16 0.451302 0.468056 0.006771 0.012037
16 0.446354 0.463426 0.006250 0.010185
16 0.441146 0.462500 0.007292 0.013889
16 0.412240 0.451852 0.007812 0.014815
16 0.408073 0.446759 0.008854 0.012037
16 0.405469 0.441667 0.006771 0.009259
16 0.392708 0.435648 0.008333 0.013889
16 0.398177 0.428704 0.009896 0.012963
16 0.402083 0.430556 0.008333 0.011111
29 0.403385 0.520370 0.069271 0.085185
26 0.521094 0.637963 0.149479 0.261111
12 0.514844 0.844444 0.130729 0.220370
22 0.437500 0.783796 0.083333 0.208333
28 0.336198 0.792593 0.084896 0.150000
19 0.418750 0.634722 0.043750 0.093519
14 0.398698 0.606019 0.056771 0.104630
14 0.285677 0.508796 0.053646 0.097222
19 0.303906 0.536574 0.032813 0.080556
11 0.355729 0.585185 0.086458 0.164815
10 0.327604 0.414352 0.060417 0.128704
24 0.295312 0.451389 0.036458 0.065741
13 0.257552 0.425000 0.066146 0.094444
13 0.202604 0.489352 0.069792 0.102778
5 0.207813 0.543519 0.089583 0.140741
17 0.158333 0.570370 0.033333 0.053704
27 0.233594 0.649537 0.114062 0.184259
15 0.491927 0.973611 0.032813 0.052778
4 0.525000 0.473611 0.052083 0.065741
2 0.563802 0.509259 0.041146 0.103704
