24 0.543490 0.647569 0.158854 0.149306
16 0.423958 0.497917 0.019792 0.031944
16 0.452083 0.495139 0.020833 0.031944
16 0.498177 0.490625 0.017188 0.031250
16 0.424219 0.443056 0.018229 0.031944
16 0.437240 0.442708 0.018229 0.028472
16 0.451823 0.438542 0.019271 0.032639
16 0.467187 0.436806 0.019792 0.031944
16 0.481250 0.436111 0.021875 0.030556
16 0.567448 0.405556 0.020313 0.031944
16 0.583073 0.403819 0.017188 0.032639
16 0.597656 0.401736 0.017188 0.031250
16 0.627865 0.418403 0.018229 0.027083
16 0.638802 0.417014 0.010937 0.022917
21 0.538021 0.460417 0.250000 0.133333
11 0.478906 0.323958 0.174479 0.203472
14 0.640625 0.201389 0.047917 0.147222
1 0.611198 0.328819 0.274479 0.290972
27 0.617708 0.129514 0.148958 0.206250
10 0.744531 0.243403 0.163021 0.227083
17 0.856250 0.117708 0.043750 0.059028
5 0.837760 0.203125 0.120313 0.211806
13 0.929427 0.209028 0.107813 0.145833
13 0.958073 0.349653 0.083854 0.164583
29 0.916927 0.404514 0.083854 0.235417
10 0.864323 0.452431 0.152604 0.236806
28 0.357552 0.203819 0.095312 0.118750
19 0.356771 0.373611 0.035417 0.062500
14 0.311979 0.313542 0.081250 0.153472
3 0.328906 0.448264 0.084896 0.372917
0 0.288021 0.488194 0.187500 0.381944
22 0.254688 0.334375 0.088542 0.152083
12 0.184115 0.328472 0.076563 0.083333
15 0.137760 0.273611 0.061979 0.073611
20 0.151562 0.286458 0.047917 0.053472
26 0.170833 0.401042 0.166667 0.240972
2 0.342708 0.645139 0.045833 0.343056
