0 0.103906 0.325347 0.207813 0.650694
5 0.233333 0.127431 0.466667 0.254861
9 0.409115 0.206250 0.147396 0.101389
17 0.473698 0.109722 0.035937 0.030556
17 0.479948 0.143750 0.042188 0.034722
17 0.442708 0.196875 0.133333 0.071528
17 0.450781 0.233681 0.119271 0.067361
17 0.457031 0.270139 0.136979 0.070833
17 0.467708 0.329167 0.121875 0.063889
18 0.458594 0.317014 0.130729 0.068750
18 0.439063 0.223264 0.129167 0.074306
22 0.463021 0.241667 0.171875 0.300000
23 0.736198 0.072569 0.180729 0.145139
1 0.652604 0.271528 0.367708 0.509722
13 0.193490 0.189236 0.102604 0.134028
21 0.441667 0.026389 0.310417 0.052778
16 0.290885 0.009028 0.026562 0.018056
16 0.358854 0.012153 0.023958 0.024306
