10 0.271875 0.516667 0.089583 0.137037
21 0.436458 0.465278 0.096875 0.104630
15 0.491927 0.973611 0.031771 0.052778
12 0.514583 0.844444 0.131250 0.220370
26 0.521615 0.637963 0.151562 0.261111
28 0.335938 0.792130 0.085417 0.150926
14 0.397917 0.608796 0.055208 0.110185
19 0.418490 0.634722 0.043229 0.093519
11 0.357552 0.587500 0.085938 0.163889
14 0.285677 0.508796 0.053646 0.097222
19 0.305208 0.536574 0.035417 0.080556
27 0.233594 0.650463 0.114062 0.184259
17 0.158333 0.570833 0.033333 0.052778
5 0.207552 0.543981 0.089063 0.141667
13 0.202604 0.488889 0.070833 0.103704
13 0.257552 0.425000 0.066146 0.096296
10 0.327865 0.413889 0.061979 0.129630
24 0.295312 0.450926 0.036458 0.066667
3 0.501563 0.311574 0.106250 0.043519
0 0.529427 0.336111 0.085938 0.109259
1 0.450260 0.382407 0.056771 0.137037
16 0.459896 0.427778 0.011458 0.048148
16 0.471615 0.456481 0.008854 0.020370
16 0.459375 0.476852 0.007292 0.014815
16 0.454167 0.472685 0.007292 0.013889
16 0.449219 0.468519 0.007812 0.016667
16 0.445052 0.465741 0.007812 0.014815
16 0.438281 0.464815 0.007812 0.012963
16 0.409635 0.451852 0.006771 0.014815
16 0.406510 0.449074 0.005729 0.011111
16 0.401823 0.445833 0.005729 0.012037
16 0.395833 0.431019 0.010417 0.013889
16 0.390625 0.437963 0.008333 0.014815
22 0.437760 0.782870 0.083854 0.210185
29 0.403646 0.521759 0.072917 0.082407
16 0.399479 0.433333 0.009375 0.012963
7 0.438281 0.331019 0.020313 0.012037
