26 0.226823 0.342361 0.246354 0.366667
12 0.227083 0.222917 0.162500 0.088889
22 0.357031 0.279861 0.121354 0.208333
16 0.531250 0.106597 0.018750 0.056250
28 0.518229 0.167708 0.121875 0.150694
19 0.495833 0.379167 0.064583 0.123611
14 0.507031 0.306597 0.066146 0.207639
0 0.492448 0.940972 0.197396 0.119444
2 0.305729 0.711806 0.085417 0.404167
3 0.407813 0.752778 0.088542 0.387500
4 0.465625 0.736458 0.114583 0.415972
16 0.571094 0.797222 0.024479 0.043056
16 0.656250 0.813542 0.026042 0.036806
16 0.580729 0.723264 0.021875 0.042361
16 0.598698 0.730208 0.025521 0.034028
16 0.616406 0.735764 0.022396 0.039583
16 0.634115 0.736806 0.022396 0.037500
16 0.651302 0.736111 0.024479 0.034722
21 0.627604 0.753819 0.176042 0.145139
29 0.629687 0.591667 0.118750 0.095833
11 0.636458 0.405556 0.098958 0.211111
1 0.647135 0.172569 0.250521 0.332639
27 0.817448 0.239236 0.155729 0.217361
17 0.980990 0.321528 0.027604 0.075000
14 0.902344 0.388542 0.088021 0.111806
10 0.916927 0.425000 0.132812 0.208333
5 0.961198 0.399306 0.068229 0.241667
10 0.966406 0.677083 0.067187 0.209722
24 0.958594 0.571181 0.082812 0.120139
20 0.195312 0.137153 0.060417 0.090972
15 0.179948 0.110764 0.065104 0.125694
