22 0.502344 0.367708 0.114062 0.217361
19 0.328906 0.026042 0.052604 0.052083
26 0.075000 0.091667 0.150000 0.183333
2 0.121354 0.306597 0.080208 0.239583
3 0.169531 0.297917 0.060937 0.272222
4 0.204167 0.253125 0.056250 0.295139
5 0.269792 0.346875 0.089583 0.331250
12 0.201042 0.076042 0.132292 0.152083
13 0.286198 0.109722 0.146354 0.181944
30 0.444010 0.051042 0.084896 0.092361
16 0.435417 0.193750 0.016667 0.029167
16 0.501823 0.189931 0.017188 0.027083
16 0.435937 0.146181 0.016667 0.034028
16 0.452083 0.145486 0.016667 0.032639
16 0.468750 0.143750 0.016667 0.034722
16 0.484635 0.143403 0.016146 0.034028
16 0.501042 0.142708 0.016667 0.034028
16 0.595573 0.130903 0.019271 0.031250
16 0.611198 0.130556 0.016146 0.031944
16 0.626563 0.132292 0.015625 0.031250
16 0.656250 0.151736 0.016667 0.029861
16 0.672135 0.151736 0.019271 0.020139
16 0.670052 0.134028 0.017188 0.029167
21 0.553125 0.185417 0.268750 0.115278
14 0.719271 0.039583 0.045833 0.079167
19 0.704688 0.052778 0.068750 0.105556
11 0.577344 0.068056 0.169271 0.136111
23 0.757552 0.254861 0.124479 0.187500
13 0.886719 0.031597 0.101562 0.063194
10 0.799479 0.089931 0.154167 0.179861
10 0.902865 0.135069 0.127604 0.209028
29 0.940104 0.231597 0.043750 0.063194
0 0.331771 0.503472 0.256250 0.351389
1 0.668750 0.495486 0.280208 0.357639
17 0.497135 0.362500 0.095312 0.023611
17 0.497917 0.276042 0.100000 0.022917
17 0.500000 0.303819 0.102083 0.022917
17 0.502344 0.332639 0.106771 0.023611
18 0.495833 0.418403 0.083333 0.021528
17 0.501302 0.440972 0.088021 0.023611
17 0.494792 0.393750 0.073958 0.023611
