27 0.738802 0.654630 0.246354 0.270370
5 0.543750 0.910185 0.208333 0.181481
29 0.384635 0.810185 0.123438 0.185185
30 0.544531 0.790741 0.074479 0.133333
10 0.560417 0.663426 0.108333 0.182407
16 0.716146 0.646759 0.017708 0.071296
10 0.425260 0.608796 0.095312 0.195370
1 0.346615 0.575926 0.209896 0.224074
19 0.571875 0.542593 0.033333 0.081481
14 0.582812 0.509259 0.041667 0.131481
16 0.533073 0.496296 0.013021 0.014815
16 0.525000 0.489352 0.009375 0.017593
16 0.544531 0.469444 0.009896 0.020370
16 0.550260 0.462963 0.009896 0.018519
16 0.555469 0.453704 0.009896 0.018519
16 0.572656 0.405093 0.011979 0.015741
16 0.575260 0.398611 0.011979 0.015741
16 0.578906 0.392130 0.011979 0.015741
16 0.583594 0.384722 0.011979 0.015741
16 0.587240 0.377778 0.011979 0.014815
16 0.568750 0.365741 0.010417 0.014815
16 0.561198 0.376852 0.008854 0.016667
16 0.549219 0.398148 0.011979 0.016667
21 0.547656 0.451852 0.103646 0.162963
24 0.486458 0.414815 0.080208 0.112963
19 0.652865 0.361574 0.026562 0.078704
14 0.660156 0.337037 0.025521 0.107407
11 0.622656 0.462037 0.094271 0.179630
28 0.734896 0.428704 0.071875 0.105556
22 0.699740 0.335185 0.075521 0.098148
12 0.710677 0.266667 0.063021 0.092593
26 0.670833 0.241204 0.104167 0.169444
4 0.550781 0.309259 0.104688 0.068519
3 0.551823 0.286574 0.093229 0.054630
2 0.439323 0.338889 0.074479 0.211111
0 0.441146 0.314352 0.071875 0.134259
15 0.773958 0.234722 0.029167 0.091667
20 0.767188 0.259259 0.027083 0.074074
13 0.345313 0.909259 0.148958 0.183333
34 0.735417 0.128241 0.038542 0.037963
