2 0.121354 0.394792 0.075000 0.160417
3 0.185938 0.349653 0.070833 0.103472
4 0.226562 0.304167 0.073958 0.150000
26 0.078125 0.176736 0.156250 0.254861
12 0.219531 0.172222 0.160938 0.208333
28 0.321354 0.060069 0.118750 0.120139
30 0.489323 0.186806 0.048438 0.111111
27 0.649219 0.057292 0.167187 0.114583
19 0.541146 0.084722 0.058333 0.115278
14 0.548698 0.064931 0.051562 0.129861
14 0.835938 0.149306 0.112500 0.188889
19 0.804688 0.210764 0.083333 0.118750
11 0.669792 0.192014 0.197917 0.209028
13 0.955729 0.144792 0.088542 0.156250
13 0.318229 0.380903 0.178125 0.189583
10 0.960417 0.307986 0.079167 0.215972
10 0.894010 0.242014 0.159896 0.228472
24 0.876563 0.112847 0.082292 0.056250
22 0.599219 0.602083 0.126562 0.238889
23 0.838802 0.454861 0.114062 0.206944
17 0.596354 0.506597 0.107292 0.020139
17 0.602604 0.541667 0.114583 0.022222
17 0.602604 0.576042 0.115625 0.022917
17 0.601042 0.610069 0.111458 0.022917
17 0.601562 0.644792 0.111458 0.024306
5 0.386719 0.574306 0.221354 0.388889
16 0.772917 0.029861 0.040625 0.027778
16 0.751302 0.318403 0.019271 0.027083
16 0.765885 0.298958 0.019271 0.035417
16 0.767188 0.325347 0.022917 0.027083
16 0.721875 0.295139 0.018750 0.031944
16 0.704167 0.293056 0.018750 0.036111
16 0.688021 0.288194 0.018750 0.034722
16 0.510677 0.362847 0.025521 0.034028
21 0.630469 0.347222 0.286979 0.141667
0 0.343490 0.317708 0.274479 0.390972
1 0.625521 0.338194 0.282292 0.420833
