6 0.104948 0.716319 0.053646 0.135417
3 0.136458 0.657986 0.043750 0.115972
4 0.156510 0.612500 0.032813 0.058333
26 0.060677 0.557986 0.121354 0.165972
12 0.154688 0.544444 0.098958 0.145833
28 0.213281 0.446181 0.077604 0.104861
14 0.278646 0.385764 0.052083 0.092361
27 0.419531 0.322222 0.135937 0.176389
11 0.421094 0.488194 0.142187 0.168056
19 0.544271 0.446181 0.044792 0.093750
14 0.534635 0.387153 0.046354 0.163194
16 0.540885 0.284722 0.016146 0.020833
10 0.635938 0.428819 0.134375 0.218750
10 0.753125 0.431944 0.136458 0.209722
13 0.736198 0.272917 0.109896 0.127778
24 0.651302 0.330903 0.099479 0.120139
29 0.818229 0.448264 0.055208 0.136806
23 0.615625 0.633681 0.133333 0.209028
22 0.434896 0.793056 0.123958 0.205556
17 0.415365 0.719792 0.083854 0.039583
17 0.419531 0.744792 0.084896 0.039583
17 0.423698 0.770486 0.086979 0.038194
17 0.428125 0.795833 0.087500 0.038889
17 0.432812 0.822917 0.088542 0.038889
21 0.431771 0.602431 0.208333 0.136806
16 0.506250 0.533333 0.016667 0.026389
16 0.508854 0.552083 0.015625 0.023611
16 0.492969 0.554514 0.016146 0.025694
16 0.466406 0.546875 0.015104 0.024306
16 0.452865 0.550000 0.014063 0.025000
16 0.438802 0.552431 0.016146 0.024306
16 0.365365 0.585764 0.015104 0.022917
16 0.353385 0.588194 0.015104 0.023611
16 0.343750 0.593403 0.013542 0.022917
16 0.365625 0.634375 0.014583 0.027083
0 0.376563 0.393056 0.168750 0.252778
1 0.617708 0.911111 0.193750 0.179167
