25 0.714063 0.329514 0.163542 0.184028
24 0.488802 0.369444 0.193229 0.172222
1 0.657292 0.430208 0.327083 0.407639
6 0.409635 0.373958 0.056771 0.024306
2 0.197396 0.377431 0.394792 0.260417
3 0.248438 0.319097 0.034375 0.063194
4 0.273177 0.401736 0.067187 0.357639
0 0.142448 0.500347 0.284896 0.486806
16 0.441927 0.200694 0.019271 0.029167
16 0.394792 0.211458 0.017708 0.032639
16 0.365365 0.223264 0.024479 0.027083
16 0.367188 0.169792 0.021875 0.034028
16 0.380990 0.166319 0.020313 0.035417
16 0.395052 0.161111 0.023438 0.036111
16 0.410938 0.155556 0.022917 0.036111
16 0.425781 0.151042 0.021354 0.038194
16 0.517969 0.111111 0.022396 0.036111
16 0.535156 0.107292 0.019271 0.036806
16 0.551302 0.104861 0.019271 0.036111
16 0.585938 0.115972 0.020833 0.036111
16 0.599479 0.089931 0.021875 0.027083
16 0.602344 0.114583 0.021354 0.034722
21 0.495573 0.178125 0.270313 0.163194
19 0.596875 0.029167 0.054167 0.058333
10 0.723177 0.034028 0.126562 0.068056
10 0.840885 0.157986 0.209896 0.282639
13 0.963281 0.088542 0.073438 0.177083
29 0.927344 0.133681 0.095312 0.249306
11 0.430990 0.076042 0.183854 0.152083
19 0.281771 0.096875 0.080208 0.107639
14 0.251302 0.062847 0.102604 0.125694
22 0.204167 0.112153 0.085417 0.157639
12 0.150260 0.117361 0.046354 0.075000
15 0.075260 0.077778 0.044271 0.048611
20 0.088802 0.089236 0.027604 0.027083
26 0.125000 0.176389 0.179167 0.215278
