16 0.424740 0.774653 0.020313 0.025694
16 0.409896 0.713889 0.005208 0.019444
16 0.492708 0.687847 0.016667 0.034028
16 0.507552 0.687847 0.017188 0.032639
16 0.522135 0.685764 0.016146 0.032639
16 0.550781 0.700000 0.019271 0.029167
16 0.564583 0.676042 0.017708 0.029861
16 0.564844 0.703819 0.023438 0.029861
21 0.494531 0.729514 0.183854 0.114583
29 0.473958 0.606597 0.122917 0.070139
11 0.409375 0.481597 0.141667 0.160417
16 0.590625 0.456944 0.029167 0.069444
10 0.740885 0.594097 0.168229 0.156250
13 0.859896 0.481597 0.104167 0.146528
13 0.823698 0.354167 0.094271 0.127778
17 0.760156 0.268750 0.036979 0.054167
24 0.784375 0.504167 0.082292 0.122222
5 0.741406 0.352083 0.106771 0.195833
30 0.701042 0.380208 0.042708 0.071528
10 0.650000 0.393750 0.143750 0.194444
14 0.578385 0.385764 0.054688 0.153472
19 0.566146 0.439931 0.048958 0.088194
27 0.543750 0.286458 0.125000 0.190972
0 0.433594 0.366319 0.164062 0.239583
28 0.296094 0.338889 0.090104 0.113889
22 0.192708 0.454167 0.084375 0.144444
19 0.272135 0.489931 0.050521 0.082639
14 0.254688 0.448958 0.079167 0.143750
12 0.116667 0.446528 0.091667 0.087500
15 0.079427 0.375000 0.058854 0.077778
20 0.091927 0.389236 0.052604 0.057639
2 0.175521 0.712500 0.059375 0.195833
3 0.229948 0.648958 0.047396 0.070139
26 0.115365 0.516319 0.167187 0.238194
1 0.718490 0.575694 0.249479 0.406944
