27 0.400000 0.333333 0.126042 0.231481
13 0.522917 0.251389 0.056250 0.060185
10 0.581771 0.276852 0.064583 0.051852
17 0.417708 0.334259 0.044792 0.029630
0 0.438281 0.291204 0.078646 0.091667
11 0.490104 0.453704 0.081250 0.138889
14 0.420312 0.437037 0.033333 0.133333
19 0.427604 0.486574 0.028125 0.084259
16 0.534115 0.440278 0.006771 0.010185
16 0.529427 0.445833 0.007812 0.012037
16 0.515625 0.490278 0.012500 0.010185
16 0.513021 0.500000 0.012500 0.009259
16 0.509115 0.507407 0.010937 0.011111
16 0.506510 0.515278 0.008854 0.013889
16 0.502083 0.524537 0.011458 0.012037
16 0.523438 0.538889 0.012500 0.012963
16 0.536198 0.505556 0.011979 0.012963
21 0.527083 0.506944 0.080208 0.137963
17 0.578125 0.520370 0.015625 0.053704
17 0.588542 0.526389 0.014583 0.056481
17 0.598437 0.531481 0.014583 0.055556
17 0.608333 0.536574 0.013542 0.056481
17 0.619010 0.543056 0.013021 0.056481
22 0.603385 0.549537 0.082812 0.106481
30 0.452083 0.538889 0.045833 0.081481
28 0.333333 0.574074 0.076042 0.120370
12 0.354427 0.685648 0.085938 0.195370
5 0.568750 0.688889 0.089583 0.274074
4 0.465104 0.737963 0.170833 0.107407
3 0.460677 0.775926 0.167187 0.075926
2 0.446094 0.883333 0.192188 0.092593
26 0.266927 0.798611 0.144271 0.304630
15 0.146354 0.892130 0.064583 0.119444
20 0.162240 0.924074 0.059896 0.100000
13 0.471615 0.631944 0.082812 0.173148
