16 0.755990 0.519792 0.042188 0.065972
16 0.864323 0.440625 0.017188 0.032639
16 0.863021 0.464931 0.020833 0.021528
16 0.850000 0.455556 0.017708 0.025000
16 0.829167 0.423264 0.015625 0.032639
16 0.816667 0.415972 0.017708 0.036111
16 0.801562 0.407292 0.020833 0.031250
16 0.723177 0.448611 0.021354 0.026389
16 0.719792 0.380208 0.017708 0.031250
16 0.705729 0.376042 0.021875 0.032639
16 0.689583 0.368403 0.016667 0.032639
16 0.674740 0.362500 0.020313 0.031944
16 0.659115 0.354514 0.021354 0.031250
16 0.650521 0.408333 0.018750 0.036111
7 0.740885 0.516319 0.059896 0.056250
3 0.506771 0.304167 0.432292 0.406944
4 0.580208 0.269444 0.064583 0.154167
0 0.405729 0.409028 0.321875 0.559722
1 0.801562 0.677778 0.142708 0.380556
21 0.744271 0.422917 0.239583 0.188889
29 0.756250 0.307986 0.193750 0.149306
11 0.755469 0.176042 0.169271 0.217361
14 0.934635 0.192708 0.101562 0.146528
19 0.901823 0.237847 0.075521 0.099306
10 0.953906 0.256597 0.092188 0.190972
27 0.890625 0.097917 0.141667 0.195833
10 0.964844 0.487153 0.070312 0.209028
34 0.097917 0.135417 0.059375 0.051389
19 0.615885 0.112153 0.052604 0.114583
14 0.625260 0.072569 0.048438 0.145139
27 0.643490 0.028819 0.094271 0.057639
22 0.530208 0.059722 0.072917 0.119444
26 0.416146 0.090625 0.175000 0.181250
