26 0.249740 0.164236 0.174479 0.249306
5 0.926823 0.106944 0.100521 0.202778
10 0.842969 0.111458 0.149479 0.213194
10 0.917708 0.325000 0.164583 0.243056
34 0.017448 0.341319 0.034896 0.056250
21 0.622656 0.402778 0.266146 0.123611
17 0.947656 0.039931 0.035937 0.060417
27 0.711198 0.038889 0.125521 0.077778
22 0.339062 0.115278 0.087500 0.137500
15 0.203385 0.039583 0.042188 0.066667
20 0.215104 0.056250 0.028125 0.036111
3 0.107031 0.076389 0.214062 0.133333
0 0.092448 0.232639 0.184896 0.465278
2 0.307292 0.414236 0.061458 0.297917
28 0.458594 0.030208 0.083854 0.060417
4 0.427604 0.395833 0.108333 0.330556
1 0.700521 0.637847 0.201042 0.347917
16 0.507031 0.361111 0.017188 0.031944
16 0.572396 0.364236 0.022917 0.028472
16 0.504167 0.424653 0.019792 0.034028
16 0.588802 0.429514 0.024479 0.024306
16 0.685156 0.351736 0.018229 0.032639
16 0.700260 0.352431 0.016146 0.032639
16 0.728906 0.374653 0.018229 0.028472
16 0.746354 0.377778 0.019792 0.025000
16 0.744792 0.353472 0.016667 0.029167
13 0.981250 0.134028 0.037500 0.138889
14 0.417448 0.083333 0.071354 0.166667
19 0.436719 0.139236 0.060937 0.103472
14 0.775781 0.075694 0.065104 0.151389
19 0.751563 0.124653 0.062500 0.107639
11 0.576042 0.144097 0.158333 0.178472
29 0.604948 0.272569 0.217188 0.089583
16 0.667969 0.349653 0.017188 0.034028
16 0.554427 0.363542 0.020313 0.028472
16 0.538281 0.363889 0.017188 0.031944
16 0.522656 0.365278 0.016146 0.030556
