19 0.651563 0.362963 0.028125 0.081481
24 0.491146 0.413426 0.066667 0.108333
16 0.524740 0.488426 0.009896 0.017593
34 0.727865 0.125926 0.018229 0.040741
15 0.774479 0.232870 0.027083 0.087963
20 0.766406 0.260648 0.028646 0.076852
12 0.710938 0.266667 0.062500 0.092593
22 0.699740 0.337500 0.075521 0.095370
26 0.671615 0.242130 0.105729 0.167593
28 0.735156 0.428704 0.072396 0.105556
14 0.659896 0.331944 0.036458 0.104630
2 0.575781 0.282407 0.071354 0.053704
4 0.548438 0.325463 0.105208 0.069444
3 0.544010 0.249537 0.068229 0.213889
7 0.507552 0.372685 0.014063 0.054630
16 0.560417 0.369907 0.011458 0.015741
16 0.579427 0.381481 0.011979 0.014815
16 0.570833 0.392593 0.009375 0.014815
16 0.569271 0.403241 0.009375 0.015741
16 0.566146 0.410648 0.009375 0.013889
16 0.552604 0.382407 0.011458 0.012963
16 0.541146 0.404167 0.013542 0.013889
16 0.548438 0.460648 0.009375 0.015741
16 0.544792 0.467593 0.009375 0.011111
16 0.541667 0.478241 0.009375 0.017593
16 0.521615 0.499074 0.008854 0.018519
16 0.529427 0.503704 0.008854 0.016667
21 0.541146 0.458796 0.100000 0.167593
11 0.610938 0.456944 0.094792 0.176852
14 0.585417 0.518056 0.041667 0.123148
19 0.573958 0.548148 0.031250 0.062963
27 0.688281 0.666204 0.144271 0.245370
10 0.557813 0.661574 0.108333 0.176852
30 0.544792 0.791667 0.072917 0.133333
25 0.439063 0.505556 0.091667 0.077778
0 0.526302 0.198611 0.097396 0.136111
1 0.414323 0.443056 0.153646 0.093519
10 0.417187 0.609259 0.111458 0.198148
29 0.385156 0.810648 0.122396 0.184259
13 0.345052 0.909722 0.148438 0.180556
5 0.543229 0.909722 0.208333 0.180556
16 0.574479 0.388889 0.009375 0.014815
