34 0.023958 0.429861 0.047917 0.048611
2 0.297396 0.489583 0.057292 0.256944
3 0.360938 0.505903 0.058333 0.272917
4 0.402083 0.476736 0.057292 0.296528
0 0.139323 0.181597 0.111979 0.363194
5 0.167708 0.122569 0.195833 0.245139
26 0.276302 0.245833 0.142187 0.211111
12 0.403646 0.283681 0.125000 0.135417
14 0.519531 0.219444 0.043229 0.170833
19 0.528125 0.280208 0.043750 0.096528
13 0.488281 0.405556 0.169271 0.284722
30 0.633854 0.355903 0.075000 0.077083
17 0.768750 0.159028 0.068750 0.040278
27 0.748177 0.162500 0.136979 0.305556
11 0.748437 0.390625 0.160417 0.196528
16 0.851042 0.260417 0.032292 0.019444
14 0.889323 0.357986 0.085938 0.152083
19 0.861198 0.407639 0.070312 0.098611
10 0.936719 0.440625 0.126562 0.200694
10 0.981771 0.509375 0.036458 0.189583
13 0.984635 0.356597 0.030729 0.124306
24 0.939844 0.332292 0.061979 0.047917
23 0.883333 0.617014 0.091667 0.188194
16 0.616927 0.513889 0.016146 0.027778
16 0.676042 0.529167 0.015625 0.023611
16 0.811719 0.511111 0.016146 0.022222
16 0.824479 0.495486 0.014583 0.027083
16 0.824219 0.516319 0.019271 0.021528
16 0.762240 0.478819 0.017188 0.020139
16 0.775000 0.484375 0.013542 0.029861
16 0.787500 0.488194 0.014583 0.026389
16 0.621875 0.460764 0.014583 0.027083
16 0.651302 0.466667 0.015104 0.026389
16 0.635938 0.465278 0.015625 0.022222
16 0.665625 0.470486 0.014583 0.027083
16 0.679948 0.474306 0.015104 0.029167
17 0.654167 0.752778 0.088542 0.027778
18 0.653125 0.730208 0.090625 0.022917
17 0.658854 0.709028 0.096875 0.027778
17 0.666406 0.597222 0.092188 0.027778
17 0.664844 0.624653 0.093229 0.027083
17 0.663021 0.652083 0.094792 0.027778
17 0.660156 0.680208 0.085938 0.028472
18 0.661198 0.665625 0.093229 0.027083
22 0.654427 0.677431 0.115104 0.209028
21 0.710677 0.518750 0.232813 0.154167
1 0.798177 0.815625 0.127604 0.339583
28 0.493490 0.213542 0.085938 0.107639
