12 0.178385 0.321181 0.088021 0.086806
21 0.553906 0.607986 0.269271 0.128472
24 0.886198 0.363542 0.133854 0.135417
13 0.948177 0.201736 0.103646 0.147917
30 0.816406 0.198264 0.025521 0.032639
5 0.858333 0.193750 0.121875 0.218056
27 0.630729 0.111111 0.150000 0.208333
26 0.165625 0.384722 0.156250 0.223611
7 0.467187 0.286806 0.009375 0.018056
16 0.427865 0.594097 0.016146 0.034028
16 0.442448 0.597569 0.017188 0.034028
16 0.458333 0.593403 0.018750 0.034028
16 0.473698 0.591667 0.021354 0.027778
16 0.491406 0.588194 0.018229 0.033333
16 0.430729 0.659722 0.018750 0.034722
16 0.461979 0.659375 0.019792 0.035417
16 0.510677 0.652778 0.018229 0.036111
16 0.587760 0.557986 0.020313 0.034028
16 0.605469 0.558681 0.020313 0.034028
16 0.621875 0.557639 0.016667 0.034722
16 0.653385 0.573611 0.018229 0.034722
16 0.670833 0.575347 0.020833 0.028472
16 0.669531 0.547917 0.019271 0.031944
10 0.888281 0.457986 0.143229 0.238194
14 0.688021 0.186458 0.054167 0.128472
17 0.875521 0.104514 0.041667 0.060417
13 0.966927 0.349653 0.066146 0.165972
15 0.132031 0.260764 0.061979 0.071528
20 0.146875 0.275000 0.051042 0.051389
22 0.249219 0.325000 0.074479 0.148611
3 0.374479 0.142708 0.154167 0.285417
0 0.327083 0.255208 0.197917 0.465972
4 0.365885 0.542014 0.052604 0.185417
29 0.524479 0.473264 0.221875 0.074306
10 0.769531 0.234722 0.151562 0.227778
1 0.628125 0.297222 0.266667 0.270833
11 0.477344 0.292361 0.183854 0.268056
