21 0.510417 0.182292 0.331250 0.207639
1 0.644271 0.242014 0.403125 0.389583
29 0.464062 0.049306 0.273958 0.098611
7 0.425260 0.206944 0.058854 0.037500
4 0.278385 0.260069 0.061979 0.413194
16 0.381510 0.044792 0.032813 0.060417
16 0.347917 0.189583 0.019792 0.018056
16 0.385417 0.163889 0.020833 0.037500
16 0.403125 0.159375 0.025000 0.029861
16 0.425521 0.150694 0.021875 0.037500
16 0.357552 0.251736 0.022396 0.040972
16 0.454167 0.224653 0.025000 0.035417
16 0.367188 0.175347 0.016667 0.040972
3 0.208854 0.105903 0.417708 0.211806
0 0.121875 0.297222 0.243750 0.594444
16 0.652083 0.075000 0.023958 0.036111
16 0.657031 0.105556 0.024479 0.031944
16 0.636458 0.100347 0.016667 0.027083
10 0.889844 0.082292 0.220312 0.164583
