4 0.242708 0.325000 0.104167 0.475000
16 0.354948 0.229861 0.025521 0.052778
16 0.366146 0.322222 0.025000 0.051389
16 0.379688 0.225694 0.033333 0.047222
16 0.400000 0.222222 0.028125 0.052778
16 0.424479 0.215625 0.037500 0.040972
16 0.447396 0.208681 0.038542 0.042361
16 0.481250 0.295833 0.029167 0.055556
16 0.598437 0.147222 0.030208 0.054167
16 0.625521 0.150347 0.031250 0.060417
16 0.651042 0.146528 0.028125 0.055556
16 0.698438 0.177778 0.025000 0.043056
21 0.534115 0.241319 0.369271 0.214583
16 0.398698 0.042014 0.045312 0.084028
7 0.392448 0.039931 0.048438 0.071528
29 0.477083 0.057292 0.290625 0.114583
0 0.101302 0.195139 0.202604 0.390278
1 0.718490 0.100000 0.280729 0.200000
10 0.964844 0.070486 0.070312 0.140972
