10 0.504687 0.362963 0.068750 0.109259
21 0.584635 0.568056 0.074479 0.169444
15 0.145833 0.889815 0.065625 0.118519
20 0.161979 0.921296 0.060417 0.103704
12 0.274479 0.873148 0.137500 0.253704
22 0.311719 0.713426 0.076563 0.106481
26 0.374219 0.809259 0.172396 0.338889
2 0.540104 0.841204 0.182292 0.097222
4 0.550521 0.729630 0.159375 0.129630
14 0.421875 0.575926 0.039583 0.137037
19 0.431771 0.621759 0.031250 0.089815
28 0.333594 0.576852 0.076563 0.127778
11 0.466927 0.519907 0.090104 0.173148
29 0.527865 0.548148 0.048438 0.148148
27 0.418229 0.374074 0.089583 0.150000
14 0.495573 0.370370 0.027604 0.125926
19 0.495312 0.414352 0.026042 0.080556
5 0.495573 0.306944 0.099479 0.063889
17 0.469531 0.263426 0.032813 0.012037
13 0.523698 0.264352 0.059896 0.080556
13 0.578906 0.287500 0.059896 0.076852
24 0.558333 0.357870 0.041667 0.062037
10 0.595833 0.376389 0.079167 0.125000
16 0.587760 0.482407 0.011979 0.018519
16 0.596354 0.483333 0.010417 0.016667
16 0.594531 0.492593 0.010937 0.016667
16 0.583073 0.502315 0.010937 0.012037
16 0.581771 0.512963 0.012500 0.012963
16 0.579167 0.519444 0.011458 0.012963
0 0.626563 0.678704 0.142708 0.246296
3 0.587500 0.605556 0.064583 0.211111
7 0.611719 0.488889 0.006771 0.033333
1 0.651563 0.560185 0.138542 0.092593
