27 0.616927 0.235185 0.108854 0.292593
0 0.619271 0.735185 0.120833 0.205556
10 0.702083 0.594444 0.096875 0.162963
2 0.649740 0.671759 0.023438 0.082407
24 0.543490 0.675926 0.072396 0.094444
1 0.759115 0.664815 0.107813 0.277778
29 0.766146 0.529630 0.030208 0.151852
13 0.821615 0.513889 0.068229 0.127778
13 0.826302 0.369907 0.072396 0.132407
17 0.797135 0.245833 0.019271 0.078704
5 0.752865 0.347222 0.053646 0.233333
30 0.708594 0.397222 0.028646 0.074074
10 0.669531 0.416667 0.090104 0.157407
16 0.621094 0.253241 0.014063 0.017593
14 0.610417 0.449537 0.033333 0.054630
19 0.598177 0.459722 0.025521 0.047222
11 0.519792 0.445370 0.082292 0.109259
28 0.440885 0.308333 0.058854 0.105556
14 0.433854 0.452778 0.028125 0.044444
19 0.444531 0.457407 0.021354 0.046296
22 0.370573 0.413426 0.053646 0.126852
12 0.307031 0.421296 0.076563 0.096296
15 0.256250 0.321759 0.038542 0.041667
20 0.266406 0.331019 0.031771 0.037963
26 0.336719 0.495833 0.098437 0.212037
16 0.518490 0.582870 0.007812 0.021296
16 0.496615 0.581019 0.010937 0.017593
16 0.482552 0.581019 0.010937 0.013889
16 0.483073 0.540741 0.007812 0.020370
16 0.491146 0.542593 0.010417 0.018519
16 0.497135 0.543519 0.008854 0.018519
16 0.504687 0.543981 0.009375 0.019444
16 0.512500 0.545833 0.009375 0.019444
16 0.556250 0.536111 0.010417 0.016667
16 0.563542 0.537037 0.009375 0.018519
16 0.570833 0.537963 0.009375 0.018519
16 0.583333 0.550926 0.009375 0.018519
16 0.591667 0.552315 0.010417 0.015741
16 0.591927 0.537037 0.008854 0.018519
21 0.536198 0.559722 0.124479 0.076852
4 0.416406 0.680556 0.034896 0.231481
3 0.393490 0.699074 0.034896 0.207407
34 0.009635 0.491204 0.019271 0.065741
