2 0.176042 0.469792 0.080208 0.263194
3 0.231250 0.440625 0.077083 0.268750
4 0.261979 0.427083 0.063542 0.312500
26 0.123958 0.220833 0.160417 0.220833
5 0.056250 0.143750 0.112500 0.181944
0 0.015885 0.201736 0.031771 0.360417
12 0.259115 0.226042 0.133854 0.171528
30 0.459115 0.251042 0.081771 0.089583
13 0.342448 0.309028 0.174479 0.311111
28 0.346354 0.128125 0.097917 0.118750
14 0.483854 0.095139 0.048958 0.188889
19 0.492188 0.162153 0.047917 0.109028
27 0.617969 0.084375 0.148438 0.168750
17 0.648698 0.017361 0.048438 0.034722
16 0.733854 0.094097 0.034375 0.025694
14 0.782292 0.181250 0.073958 0.180556
19 0.754948 0.239236 0.071354 0.110417
10 0.844792 0.262153 0.147917 0.207639
10 0.940365 0.315972 0.119271 0.202778
13 0.920052 0.169097 0.102604 0.127083
24 0.831771 0.148958 0.075000 0.042361
22 0.623698 0.579514 0.126562 0.221528
23 0.802865 0.455903 0.119271 0.193750
17 0.619271 0.489931 0.100000 0.024306
18 0.613281 0.507292 0.096354 0.022917
17 0.622135 0.520139 0.090104 0.025000
17 0.624740 0.548958 0.102604 0.027083
17 0.627865 0.578125 0.103646 0.024306
17 0.630208 0.609375 0.105208 0.027083
18 0.623437 0.642708 0.104167 0.027083
17 0.632552 0.657292 0.095312 0.028472
21 0.607031 0.360764 0.255729 0.122917
16 0.497656 0.373958 0.019271 0.032639
16 0.498698 0.316667 0.016146 0.030556
16 0.514583 0.317014 0.016667 0.031250
16 0.529948 0.317361 0.016146 0.031944
16 0.545573 0.319097 0.017188 0.034028
16 0.561458 0.319444 0.018750 0.033333
16 0.561979 0.375347 0.016667 0.031250
16 0.649740 0.310417 0.017188 0.030556
16 0.665625 0.312847 0.015625 0.028472
16 0.680729 0.314583 0.015625 0.023611
16 0.707812 0.333333 0.018750 0.027778
16 0.721354 0.315625 0.018750 0.032639
16 0.723177 0.335764 0.020313 0.025694
11 0.617708 0.228819 0.166667 0.168750
1 0.773698 0.733681 0.145313 0.356250
29 0.973177 0.407292 0.045312 0.057639
