7 0.900781 0.612500 0.046354 0.066667
3 0.742188 0.380903 0.305208 0.446528
29 0.835156 0.547222 0.133854 0.130556
16 0.747396 0.628472 0.015625 0.034722
16 0.763542 0.576736 0.014583 0.029861
16 0.774479 0.587153 0.013542 0.029861
16 0.783854 0.598611 0.013542 0.031944
16 0.795052 0.608333 0.014063 0.031944
16 0.804948 0.614583 0.013021 0.029167
16 0.780469 0.656944 0.048438 0.030556
16 0.799479 0.677778 0.014583 0.026389
16 0.893229 0.692361 0.017708 0.029167
16 0.885417 0.703125 0.014583 0.021528
16 0.891406 0.712153 0.017188 0.018750
16 0.875521 0.672222 0.014583 0.027778
16 0.867448 0.663542 0.011979 0.031250
16 0.862240 0.651736 0.010937 0.021528
21 0.804427 0.660417 0.179688 0.225000
1 0.814583 0.799306 0.106250 0.356944
10 0.964323 0.749653 0.071354 0.171528
14 0.963021 0.499653 0.070833 0.063194
19 0.946354 0.512500 0.070833 0.065278
10 0.969531 0.535417 0.060937 0.152778
11 0.864062 0.417708 0.127083 0.217361
27 0.950521 0.375347 0.098958 0.178472
28 0.779687 0.188889 0.091667 0.123611
14 0.801302 0.240625 0.077604 0.121528
12 0.539323 0.075694 0.084896 0.130556
26 0.595052 0.159722 0.241146 0.252778
2 0.549479 0.495486 0.072917 0.221528
0 0.678125 0.475347 0.292708 0.570139
