16 0.620833 0.207639 0.017708 0.020833
13 0.810677 0.221528 0.108854 0.118056
10 0.840104 0.375347 0.130208 0.199306
10 0.730208 0.346875 0.144792 0.189583
29 0.892969 0.437153 0.044271 0.060417
24 0.732552 0.264236 0.107813 0.111806
14 0.646615 0.277083 0.044271 0.120833
17 0.506510 0.170833 0.060937 0.045833
27 0.486198 0.144792 0.161979 0.249306
26 0.084896 0.460069 0.143750 0.189583
12 0.196875 0.447569 0.111458 0.160417
28 0.249219 0.340972 0.056771 0.111111
2 0.131250 0.626042 0.052083 0.132639
4 0.199219 0.540625 0.051562 0.092361
13 0.270052 0.559028 0.141146 0.104167
3 0.332031 0.375000 0.077604 0.375000
0 0.291406 0.453472 0.202604 0.425000
30 0.369271 0.443750 0.076042 0.097222
14 0.371354 0.299306 0.062500 0.158333
19 0.386458 0.353472 0.058333 0.100000
11 0.494792 0.367708 0.172917 0.224306
1 0.612500 0.372222 0.243750 0.315278
16 0.603906 0.447222 0.017188 0.025000
16 0.606250 0.469097 0.020833 0.027083
16 0.591406 0.468056 0.017188 0.026389
16 0.563021 0.458681 0.015625 0.028472
16 0.548958 0.460417 0.015625 0.029167
16 0.534896 0.462847 0.018750 0.029861
16 0.451302 0.495486 0.018229 0.027083
16 0.438281 0.497569 0.018229 0.028472
16 0.424740 0.500000 0.016146 0.026389
16 0.410156 0.502083 0.018229 0.027778
16 0.397135 0.503819 0.015104 0.027083
16 0.454948 0.545139 0.017188 0.029167
16 0.398438 0.557639 0.021875 0.026389
21 0.508854 0.517708 0.240625 0.135417
5 0.343229 0.706597 0.088542 0.302083
17 0.476302 0.653125 0.093229 0.036806
17 0.480729 0.680556 0.093750 0.036111
17 0.484375 0.708681 0.096875 0.035417
17 0.487760 0.737153 0.096354 0.035417
17 0.491667 0.763889 0.097917 0.036111
17 0.497656 0.807292 0.099479 0.034028
22 0.491146 0.732639 0.125000 0.213889
7 0.472135 0.347917 0.009896 0.019444
