16 0.425260 0.680903 0.017188 0.038194
16 0.458594 0.680903 0.019271 0.039583
16 0.509375 0.681944 0.019792 0.040278
16 0.665625 0.599306 0.021875 0.037500
16 0.684635 0.600000 0.025521 0.033333
16 0.683333 0.570486 0.020833 0.039583
16 0.630990 0.579861 0.019271 0.040278
16 0.613281 0.581597 0.020313 0.039583
16 0.595833 0.578819 0.018750 0.038194
16 0.488281 0.609722 0.022396 0.034722
16 0.472396 0.614583 0.019792 0.037500
16 0.454688 0.612153 0.019792 0.036806
16 0.437500 0.617014 0.018750 0.035417
16 0.421615 0.612500 0.018229 0.037500
21 0.557813 0.628819 0.287500 0.134028
29 0.528646 0.476042 0.242708 0.092361
4 0.328385 0.634375 0.071354 0.370139
7 0.435937 0.261806 0.013542 0.023611
19 0.348438 0.347917 0.057292 0.097222
3 0.318229 0.132986 0.214583 0.265972
11 0.488802 0.268056 0.207813 0.288889
1 0.653906 0.283333 0.296354 0.325000
14 0.712240 0.170833 0.063021 0.151389
27 0.647656 0.098264 0.167187 0.196528
10 0.795312 0.219444 0.177083 0.252778
17 0.910156 0.081944 0.046354 0.069444
5 0.890885 0.177431 0.127604 0.246528
13 0.964844 0.193750 0.070312 0.165278
24 0.917708 0.372222 0.140625 0.155556
10 0.923698 0.476389 0.149479 0.258333
0 0.264583 0.260069 0.189583 0.520139
12 0.162240 0.313542 0.093229 0.103472
22 0.210677 0.301389 0.028646 0.115278
26 0.130208 0.384028 0.135417 0.247222
20 0.131771 0.256597 0.058333 0.056250
15 0.115365 0.245139 0.071354 0.073611
