13 0.982812 0.184722 0.034375 0.137500
19 0.755990 0.164236 0.063021 0.104861
29 0.610417 0.298611 0.209375 0.094444
2 0.317969 0.415972 0.060937 0.290278
4 0.436979 0.426389 0.077083 0.334722
15 0.228646 0.043056 0.040625 0.070833
20 0.238542 0.057639 0.030208 0.041667
22 0.358594 0.129167 0.085938 0.130556
26 0.267188 0.171181 0.167708 0.245139
0 0.091406 0.224306 0.182812 0.448611
14 0.433073 0.099306 0.065104 0.173611
19 0.451042 0.159375 0.058333 0.102083
28 0.474219 0.042014 0.089063 0.084028
11 0.597135 0.161458 0.151562 0.177083
27 0.730990 0.059375 0.142187 0.118750
14 0.780729 0.105208 0.067708 0.174306
10 0.845313 0.155903 0.145833 0.209028
5 0.929688 0.154167 0.094792 0.205556
17 0.953646 0.089931 0.035417 0.060417
10 0.915104 0.368403 0.169792 0.238194
16 0.552344 0.281250 0.016146 0.047222
16 0.507292 0.370486 0.015625 0.031250
16 0.522396 0.375000 0.018750 0.026389
16 0.538281 0.375694 0.016146 0.029167
16 0.554427 0.380208 0.018229 0.028472
16 0.569792 0.380903 0.016667 0.028472
16 0.501823 0.427778 0.017188 0.031944
16 0.663281 0.379167 0.017188 0.029167
16 0.678906 0.384722 0.015104 0.033333
16 0.694271 0.387500 0.015625 0.030556
16 0.721354 0.413194 0.019792 0.027778
16 0.739062 0.393750 0.015625 0.029167
16 0.739062 0.417361 0.018750 0.023611
21 0.615104 0.426389 0.259375 0.152778
1 0.683854 0.577778 0.237500 0.340278
34 0.027604 0.323264 0.044792 0.059028
3 0.112500 0.070486 0.225000 0.140972
24 0.957812 0.301736 0.082292 0.125694
