15 0.255208 0.320833 0.038542 0.041667
20 0.266667 0.331944 0.032292 0.039815
14 0.433073 0.461574 0.028646 0.056481
19 0.444010 0.473148 0.029687 0.046296
22 0.370573 0.413889 0.053646 0.125926
12 0.307031 0.422222 0.076563 0.096296
26 0.338021 0.496759 0.095833 0.210185
28 0.441406 0.307870 0.058854 0.106481
27 0.610677 0.292130 0.095312 0.176852
30 0.706250 0.396759 0.032292 0.073148
10 0.670312 0.421759 0.091667 0.156481
14 0.625260 0.436574 0.039062 0.058333
19 0.610677 0.450926 0.026562 0.048148
11 0.528646 0.465741 0.083333 0.114815
29 0.536198 0.568056 0.106771 0.041667
5 0.754167 0.347685 0.054167 0.232407
17 0.797135 0.245370 0.018229 0.077778
13 0.826042 0.370370 0.071875 0.133333
13 0.821615 0.513889 0.068229 0.127778
24 0.735677 0.530556 0.085938 0.140741
10 0.705208 0.608333 0.103125 0.151852
1 0.548958 0.755093 0.101042 0.195370
21 0.541406 0.663426 0.124479 0.075000
16 0.488802 0.689815 0.007812 0.018519
16 0.488542 0.652778 0.007292 0.016667
16 0.495312 0.653241 0.009375 0.017593
16 0.503646 0.654167 0.008333 0.017593
16 0.511198 0.654167 0.009896 0.015741
16 0.518229 0.652778 0.008333 0.014815
16 0.562240 0.641204 0.007812 0.021296
16 0.568490 0.644444 0.007812 0.018519
16 0.575521 0.645833 0.008333 0.015741
16 0.588021 0.654630 0.009375 0.018519
16 0.597135 0.640741 0.007812 0.018519
16 0.597656 0.656481 0.008854 0.016667
4 0.436979 0.667130 0.034375 0.230556
2 0.381250 0.667593 0.040625 0.214815
3 0.294271 0.656019 0.081250 0.182407
0 0.310156 0.740278 0.105729 0.225000
34 0.016406 0.522685 0.032813 0.047222
16 0.501302 0.687500 0.008854 0.021296
