12 0.182552 0.340278 0.085938 0.084722
22 0.255729 0.343403 0.084375 0.149306
14 0.314323 0.305903 0.072396 0.140972
19 0.328385 0.346528 0.043229 0.059722
28 0.357552 0.215625 0.095312 0.117361
20 0.152344 0.295139 0.051562 0.052778
15 0.139583 0.282292 0.064583 0.074306
26 0.178125 0.411458 0.172917 0.239583
4 0.348177 0.677431 0.040104 0.322917
3 0.367969 0.500000 0.060937 0.369444
0 0.314583 0.528819 0.197917 0.336806
11 0.475000 0.328472 0.165625 0.172222
16 0.408333 0.432639 0.014583 0.031944
16 0.421615 0.430208 0.015104 0.028472
16 0.437240 0.432639 0.019271 0.031944
16 0.450521 0.431944 0.020833 0.031944
16 0.465365 0.431597 0.017188 0.031250
16 0.432292 0.487847 0.022917 0.022917
16 0.476042 0.486806 0.018750 0.030556
16 0.551562 0.411806 0.021875 0.030556
16 0.566667 0.411111 0.017708 0.031944
16 0.580469 0.412847 0.016146 0.027083
21 0.516667 0.459028 0.234375 0.109722
1 0.579948 0.345486 0.250521 0.263194
14 0.642448 0.232292 0.048438 0.153472
19 0.636979 0.284375 0.040625 0.046528
30 0.801562 0.246875 0.038542 0.093750
10 0.742969 0.253472 0.163021 0.226389
17 0.856771 0.124653 0.042708 0.059028
5 0.839583 0.211806 0.117708 0.211111
13 0.929688 0.216319 0.107292 0.143750
13 0.958073 0.357639 0.083854 0.163889
10 0.855990 0.454514 0.164062 0.235417
29 0.916406 0.413542 0.082812 0.236806
24 0.553125 0.668056 0.159375 0.150000
27 0.616667 0.138889 0.145833 0.204167
