13 0.593490 0.395833 0.046354 0.067593
0 0.662240 0.448611 0.146354 0.306481
27 0.740365 0.653241 0.250521 0.265741
29 0.343490 0.926852 0.135937 0.151852
34 0.728125 0.128704 0.013542 0.042593
15 0.777865 0.233333 0.021354 0.090741
20 0.767188 0.264352 0.028125 0.082407
26 0.726042 0.243981 0.082292 0.167593
12 0.697917 0.348611 0.062500 0.126852
28 0.736458 0.428704 0.068750 0.105556
2 0.653385 0.281481 0.042188 0.046296
30 0.619531 0.454167 0.033854 0.075000
5 0.538021 0.370370 0.042708 0.105556
11 0.577344 0.541667 0.105729 0.201852
17 0.694010 0.578241 0.070312 0.021296
17 0.703906 0.643981 0.071354 0.037963
16 0.576823 0.428241 0.011979 0.013889
16 0.570573 0.434722 0.010937 0.013889
16 0.565625 0.440278 0.010417 0.015741
16 0.560937 0.447222 0.009375 0.012963
16 0.557292 0.458333 0.011458 0.016667
16 0.539323 0.440741 0.010937 0.014815
16 0.557552 0.415741 0.011979 0.018519
16 0.533854 0.507870 0.008333 0.013889
16 0.528646 0.518981 0.009375 0.015741
16 0.523177 0.528704 0.009896 0.012963
16 0.500000 0.549074 0.009375 0.014815
16 0.509115 0.559259 0.011979 0.016667
21 0.529948 0.507407 0.116146 0.179630
17 0.494271 0.447685 0.029167 0.054630
17 0.485417 0.441204 0.029167 0.052778
17 0.476823 0.434259 0.029687 0.051852
17 0.468229 0.428241 0.030208 0.050926
17 0.460156 0.421759 0.029687 0.049074
22 0.475260 0.443981 0.079687 0.104630
1 0.375781 0.460648 0.135937 0.134259
23 0.428125 0.589815 0.107292 0.129630
14 0.532813 0.614815 0.041667 0.118519
19 0.528385 0.653704 0.030729 0.094444
10 0.469271 0.712963 0.127083 0.237037
24 0.511979 0.910185 0.140625 0.179630
16 0.641667 0.861111 0.013542 0.035185
10 0.378385 0.818981 0.142187 0.275000
16 0.378906 0.971296 0.018229 0.038889
3 0.654948 0.314352 0.028646 0.043519
