1 0.422396 0.392593 0.075000 0.142593
3 0.454427 0.398611 0.048438 0.113889
21 0.398958 0.522222 0.097917 0.116667
11 0.364583 0.592593 0.101042 0.162963
13 0.202344 0.487963 0.071354 0.107407
13 0.254948 0.422685 0.066146 0.100926
17 0.158073 0.570370 0.033854 0.053704
5 0.206250 0.545833 0.087500 0.137963
29 0.277083 0.432407 0.053125 0.079630
10 0.328385 0.415741 0.057813 0.127778
25 0.391667 0.430093 0.044792 0.082407
24 0.444792 0.456019 0.071875 0.087963
14 0.293490 0.511574 0.053646 0.097222
19 0.310156 0.538889 0.032813 0.077778
10 0.271094 0.517593 0.090104 0.135185
16 0.351823 0.491667 0.008854 0.016667
16 0.355990 0.484722 0.006771 0.015741
16 0.361198 0.485185 0.008854 0.014815
16 0.362760 0.500463 0.006771 0.015741
16 0.367188 0.502778 0.006250 0.012963
16 0.372135 0.508796 0.006771 0.012037
16 0.399479 0.522222 0.007292 0.009259
16 0.404167 0.526852 0.008333 0.012963
16 0.409115 0.529167 0.006771 0.013889
16 0.415625 0.531481 0.007292 0.011111
16 0.420573 0.537037 0.008854 0.011111
16 0.411979 0.493519 0.007292 0.014815
16 0.425521 0.504167 0.009375 0.013889
16 0.434896 0.512500 0.008333 0.013889
7 0.447656 0.456481 0.007812 0.027778
0 0.488021 0.377778 0.104167 0.114815
26 0.520312 0.637963 0.150000 0.261111
14 0.392448 0.621759 0.055729 0.106481
19 0.414844 0.650463 0.044271 0.093519
12 0.514583 0.843981 0.131250 0.221296
22 0.437500 0.783796 0.083333 0.208333
15 0.492708 0.974074 0.033333 0.051852
28 0.335938 0.792593 0.084375 0.148148
27 0.233854 0.650000 0.112500 0.183333
2 0.573698 0.512037 0.060937 0.122222
4 0.528906 0.471759 0.055729 0.073148
