19 0.684115 0.052431 0.052604 0.104861
34 0.025000 0.409375 0.025000 0.090972
15 0.145573 0.087847 0.043229 0.049306
20 0.160156 0.098264 0.029687 0.028472
12 0.226823 0.128125 0.040104 0.067361
22 0.281771 0.129514 0.082292 0.150694
26 0.201302 0.198958 0.179688 0.240972
14 0.340885 0.085417 0.102604 0.168056
19 0.373958 0.141667 0.075000 0.106944
28 0.384115 0.023958 0.095312 0.047917
11 0.520052 0.083333 0.175521 0.166667
14 0.690885 0.036806 0.032813 0.073611
10 0.803125 0.057986 0.172917 0.115972
5 0.928906 0.040625 0.086979 0.081250
22 0.980729 0.033681 0.038542 0.067361
29 0.976302 0.120833 0.047396 0.111111
10 0.911458 0.212153 0.177083 0.278472
16 0.681510 0.137500 0.018229 0.023611
16 0.683854 0.159722 0.019792 0.022222
16 0.665625 0.160764 0.017708 0.027083
16 0.633073 0.143403 0.017188 0.028472
16 0.617188 0.143750 0.016667 0.027778
16 0.600260 0.145486 0.021354 0.027083
16 0.504167 0.171875 0.017708 0.032639
16 0.486979 0.175000 0.016667 0.027778
16 0.472396 0.178819 0.014583 0.025694
16 0.459375 0.178125 0.014583 0.027083
16 0.445312 0.181597 0.015625 0.028472
16 0.519792 0.225000 0.016667 0.029167
16 0.441146 0.228472 0.015625 0.015278
21 0.569531 0.206250 0.266146 0.123611
16 0.451042 0.407639 0.118750 0.068056
4 0.365104 0.434375 0.066667 0.359028
2 0.263281 0.469097 0.056771 0.304861
7 0.283333 0.459375 0.159375 0.078472
3 0.111719 0.546181 0.223438 0.154861
0 0.084115 0.771181 0.168229 0.227083
1 0.624740 0.487500 0.400521 0.506944
