16 0.393750 0.901389 0.019792 0.034722
16 0.371094 0.833333 0.020313 0.029167
16 0.363281 0.842361 0.006771 0.020833
16 0.468229 0.802778 0.019792 0.037500
16 0.485156 0.804167 0.018229 0.038889
16 0.502344 0.802083 0.019271 0.038889
16 0.537240 0.816319 0.020313 0.036806
16 0.554948 0.787847 0.020313 0.036806
16 0.557031 0.816667 0.024479 0.030556
21 0.470313 0.840278 0.226042 0.137500
29 0.434635 0.695486 0.175521 0.074306
11 0.400521 0.526736 0.140625 0.197917
14 0.552604 0.402778 0.056250 0.179167
19 0.547656 0.460069 0.054688 0.110417
30 0.711719 0.353125 0.064062 0.085417
16 0.651302 0.394792 0.185938 0.261806
17 0.783073 0.198264 0.047396 0.065972
24 0.750000 0.488889 0.056250 0.108333
10 0.715365 0.629167 0.090104 0.215278
13 0.866927 0.302778 0.117188 0.159722
13 0.947396 0.457639 0.062500 0.169444
16 0.587760 0.165625 0.042188 0.070139
1 0.731771 0.262500 0.297917 0.391667
16 0.505729 0.187153 0.022917 0.022917
27 0.497917 0.215625 0.186458 0.343750
0 0.323698 0.297569 0.207813 0.388194
28 0.222396 0.375347 0.082292 0.131250
12 0.060937 0.541319 0.087500 0.114583
22 0.136198 0.528472 0.082812 0.170833
14 0.147135 0.524306 0.057813 0.102778
26 0.073177 0.621875 0.146354 0.259028
