0 0.313021 0.284028 0.214583 0.568056
2 0.330729 0.148264 0.269792 0.296528
6 0.474740 0.306597 0.032813 0.042361
1 0.690885 0.317361 0.308854 0.288889
10 0.537500 0.312153 0.178125 0.211806
10 0.442708 0.190972 0.119792 0.179167
30 0.492708 0.147917 0.064583 0.087500
5 0.549740 0.090972 0.129688 0.159722
13 0.708333 0.132292 0.135417 0.170139
13 0.641406 0.052083 0.114062 0.104167
29 0.629427 0.151389 0.054688 0.062500
19 0.372135 0.303125 0.024479 0.049306
16 0.355729 0.397569 0.012500 0.027083
16 0.367188 0.389236 0.016667 0.020139
16 0.362760 0.371875 0.017188 0.015972
21 0.370052 0.433333 0.067187 0.126389
24 0.374479 0.605903 0.070833 0.136806
3 0.164583 0.638542 0.037500 0.070139
20 0.044010 0.481250 0.024479 0.023611
15 0.032552 0.476042 0.042188 0.031250
12 0.084115 0.498264 0.033854 0.063194
22 0.127083 0.478819 0.053125 0.128472
14 0.138281 0.450694 0.100521 0.087500
19 0.170573 0.469792 0.066146 0.050694
28 0.170833 0.341319 0.066667 0.097917
11 0.219531 0.387847 0.058854 0.156250
26 0.080990 0.557292 0.131771 0.171528
