27 0.355990 0.212500 0.215104 0.355556
17 0.373177 0.204514 0.052604 0.031250
17 0.341927 0.243056 0.036979 0.051389
14 0.250000 0.432986 0.073958 0.089583
19 0.258594 0.453472 0.060937 0.088889
30 0.261719 0.552778 0.076563 0.101389
13 0.235937 0.672917 0.050000 0.147222
16 0.276042 0.629861 0.011458 0.031944
16 0.287760 0.626736 0.013021 0.029861
16 0.299740 0.623264 0.011979 0.028472
16 0.310417 0.620486 0.013542 0.027083
16 0.322656 0.616667 0.016146 0.026389
16 0.278906 0.688542 0.016146 0.025694
16 0.325521 0.674653 0.016667 0.032639
16 0.402083 0.568056 0.020833 0.031944
16 0.416667 0.566667 0.016667 0.034722
16 0.432552 0.561806 0.017188 0.036111
16 0.464062 0.571181 0.020833 0.034028
16 0.479687 0.540972 0.018750 0.030556
16 0.482292 0.568750 0.018750 0.027778
21 0.400781 0.620139 0.243229 0.169444
11 0.377604 0.485417 0.187500 0.215278
14 0.502344 0.342361 0.092188 0.200000
19 0.527344 0.410764 0.073438 0.117361
16 0.526302 0.189236 0.020313 0.025694
13 0.783854 0.147569 0.151042 0.181250
24 0.675000 0.233333 0.137500 0.166667
10 0.815365 0.369097 0.195312 0.297917
10 0.644010 0.378819 0.190104 0.300694
23 0.624479 0.659722 0.170833 0.276389
17 0.386198 0.775000 0.086979 0.040278
17 0.391927 0.804514 0.089063 0.038194
17 0.397396 0.834028 0.090625 0.036111
17 0.403646 0.864236 0.091667 0.035417
17 0.409635 0.894097 0.093229 0.034028
22 0.408333 0.850000 0.128125 0.227778
1 0.549479 0.929514 0.228125 0.140972
5 0.259635 0.791319 0.077604 0.159028
0 0.239583 0.286806 0.233333 0.268056
29 0.868490 0.351042 0.144271 0.263194
