34 0.032031 0.471875 0.033854 0.078472
12 0.245573 0.286111 0.026562 0.056944
22 0.284115 0.301042 0.076563 0.131250
26 0.262240 0.391667 0.045312 0.130556
14 0.339062 0.286458 0.065625 0.104861
19 0.359115 0.314583 0.063021 0.090278
28 0.383854 0.190972 0.085417 0.101389
6 0.391667 0.126389 0.062500 0.036111
11 0.482552 0.290278 0.151562 0.159722
27 0.626042 0.125694 0.137500 0.188889
14 0.632292 0.219792 0.042708 0.174306
19 0.629427 0.284375 0.046354 0.096528
17 0.870833 0.123611 0.039583 0.055556
13 0.941406 0.211806 0.102604 0.141667
13 0.961458 0.351736 0.077083 0.164583
5 0.848177 0.205208 0.108854 0.200694
30 0.802344 0.234722 0.035937 0.090278
10 0.740104 0.235764 0.152083 0.220139
29 0.916667 0.403472 0.073958 0.231944
10 0.833594 0.435069 0.189062 0.252083
24 0.520833 0.595833 0.148958 0.137500
16 0.413021 0.384722 0.013542 0.025000
16 0.424740 0.383333 0.011979 0.023611
16 0.438021 0.384028 0.015625 0.023611
16 0.450000 0.383333 0.016667 0.022222
16 0.464062 0.382639 0.016667 0.022222
16 0.545052 0.370486 0.019271 0.022917
16 0.558594 0.370486 0.016146 0.025694
16 0.573177 0.371181 0.016146 0.024306
16 0.599740 0.388194 0.017188 0.023611
16 0.614583 0.367708 0.014583 0.022917
16 0.615365 0.388194 0.016146 0.019444
16 0.470052 0.435069 0.014063 0.027083
16 0.431250 0.431250 0.014583 0.025000
16 0.405729 0.433333 0.014583 0.025000
21 0.515365 0.420486 0.229687 0.102083
4 0.343750 0.555208 0.057292 0.235417
3 0.304167 0.541319 0.054167 0.149306
1 0.622917 0.690625 0.255208 0.345139
2 0.188542 0.065972 0.377083 0.130556
0 0.129167 0.274306 0.258333 0.548611
