30 0.821094 0.203125 0.036979 0.095139
5 0.859635 0.168403 0.121354 0.215972
24 0.887500 0.334375 0.135417 0.134028
10 0.764323 0.210069 0.154688 0.231250
14 0.681510 0.172569 0.049479 0.157639
27 0.631510 0.102083 0.151562 0.200000
21 0.554688 0.573264 0.264583 0.128472
29 0.523698 0.443403 0.216146 0.075694
4 0.366927 0.587500 0.080729 0.334722
14 0.325000 0.277778 0.091667 0.148611
3 0.333594 0.396528 0.055729 0.363889
19 0.368490 0.347917 0.039062 0.052778
28 0.367448 0.169792 0.092188 0.117361
12 0.197917 0.299653 0.069792 0.081250
26 0.177344 0.368056 0.150521 0.231944
20 0.160156 0.257292 0.048438 0.049306
15 0.145313 0.244444 0.059375 0.068056
34 0.010156 0.511458 0.020313 0.042361
22 0.262500 0.301042 0.081250 0.143750
16 0.429167 0.560069 0.015625 0.032639
16 0.490365 0.554514 0.021354 0.027083
16 0.431510 0.624653 0.018229 0.032639
16 0.461979 0.620833 0.018750 0.033333
16 0.510677 0.620833 0.025521 0.022222
16 0.618490 0.521181 0.016146 0.034028
17 0.877865 0.080556 0.042188 0.059722
10 0.887500 0.427083 0.143750 0.240278
0 0.289062 0.442361 0.211458 0.365278
11 0.478646 0.292014 0.180208 0.218750
16 0.443750 0.563542 0.015625 0.031250
16 0.459115 0.560764 0.017188 0.034028
16 0.473958 0.557292 0.019792 0.025694
16 0.666146 0.511111 0.017708 0.030556
16 0.669010 0.536458 0.018229 0.029861
16 0.651302 0.537500 0.018229 0.029167
16 0.602344 0.523264 0.017188 0.032639
16 0.586458 0.523264 0.016667 0.032639
1 0.628906 0.297569 0.275521 0.277083
13 0.949479 0.175347 0.101042 0.146528
13 0.968490 0.322222 0.063021 0.165278
