1 0.345573 0.632870 0.081771 0.234259
13 0.711198 0.733333 0.094271 0.192593
13 0.747135 0.607870 0.086979 0.152778
17 0.740104 0.506019 0.008333 0.054630
5 0.670833 0.551852 0.076042 0.188889
30 0.617188 0.539352 0.044792 0.087963
24 0.614583 0.677315 0.075000 0.150926
10 0.551823 0.668981 0.086979 0.200926
10 0.572135 0.505093 0.058854 0.158333
27 0.559635 0.390278 0.085938 0.150926
14 0.524479 0.447685 0.030208 0.125000
19 0.519531 0.489352 0.027604 0.080556
11 0.445312 0.441204 0.089583 0.147222
29 0.418490 0.516204 0.088021 0.102778
28 0.436458 0.322222 0.050000 0.083333
14 0.379167 0.348611 0.022917 0.123148
19 0.386458 0.388889 0.028125 0.079630
22 0.364583 0.337037 0.063542 0.096296
12 0.336979 0.293056 0.039583 0.076852
26 0.298958 0.331019 0.083333 0.162037
20 0.329427 0.240278 0.015104 0.050926
15 0.324740 0.225000 0.016146 0.077778
2 0.278125 0.471296 0.073958 0.137037
4 0.309635 0.506019 0.106771 0.158333
11 0.309375 0.431944 0.032292 0.037963
3 0.239844 0.343519 0.115104 0.153704
0 0.213542 0.395370 0.085417 0.227778
16 0.331771 0.533796 0.010417 0.025000
16 0.409115 0.567593 0.011979 0.014815
16 0.414323 0.574537 0.008854 0.019444
16 0.420573 0.580556 0.011979 0.016667
16 0.426563 0.604167 0.011458 0.015741
16 0.439323 0.598611 0.008854 0.019444
16 0.433854 0.611111 0.010417 0.014815
21 0.392708 0.591667 0.114583 0.162963
34 0.137240 0.250000 0.055729 0.011111
