21 0.492448 0.418981 0.102604 0.152778
1 0.452865 0.376389 0.126562 0.106481
14 0.582031 0.528704 0.041146 0.103704
0 0.585156 0.063889 0.106771 0.127778
3 0.625521 0.078241 0.037500 0.156481
2 0.568750 0.287500 0.102083 0.050926
4 0.548177 0.328704 0.105729 0.072222
16 0.514062 0.338889 0.011458 0.014815
16 0.532031 0.349537 0.010937 0.015741
16 0.525781 0.352315 0.008854 0.010185
16 0.523698 0.359259 0.010937 0.009259
16 0.519531 0.366204 0.009896 0.010185
16 0.515885 0.373611 0.010937 0.010185
16 0.496354 0.418056 0.008333 0.010185
16 0.491667 0.425926 0.009375 0.009259
16 0.487500 0.433796 0.009375 0.010185
16 0.466927 0.452778 0.007812 0.012963
16 0.473958 0.459259 0.010417 0.014815
10 0.415625 0.611111 0.109375 0.190741
24 0.423698 0.761574 0.109896 0.149074
13 0.345313 0.911111 0.148958 0.183333
5 0.543229 0.911574 0.211458 0.180556
30 0.544531 0.792130 0.073438 0.134259
10 0.557813 0.661574 0.108333 0.176852
11 0.605469 0.463426 0.098437 0.178704
22 0.696094 0.336111 0.082812 0.098148
12 0.710677 0.266667 0.063021 0.090741
26 0.671354 0.240741 0.104167 0.166667
28 0.735417 0.429167 0.071875 0.106481
27 0.688281 0.666204 0.145313 0.247222
29 0.545312 0.438889 0.064583 0.129630
19 0.574219 0.555093 0.026562 0.049074
14 0.652344 0.317593 0.038021 0.103704
19 0.640625 0.361574 0.029167 0.082407
20 0.767969 0.256481 0.025521 0.077778
15 0.774219 0.233333 0.027604 0.088889
34 0.727865 0.126852 0.018229 0.042593
