27 0.192448 0.657407 0.198437 0.166667
13 0.195312 0.488426 0.067708 0.100926
19 0.288021 0.491204 0.025000 0.041667
17 0.219010 0.595370 0.039062 0.066667
17 0.195312 0.629630 0.016667 0.046296
14 0.295833 0.608796 0.061458 0.097222
19 0.322396 0.635185 0.046875 0.087037
11 0.328906 0.549074 0.090104 0.150000
16 0.332292 0.477315 0.008333 0.013889
16 0.339062 0.470370 0.010417 0.012963
16 0.340885 0.486574 0.008854 0.010185
16 0.342448 0.491667 0.006771 0.011111
16 0.345573 0.495370 0.007812 0.011111
16 0.386198 0.494444 0.009896 0.012963
16 0.400781 0.512500 0.007812 0.015741
16 0.369792 0.515741 0.006250 0.014815
16 0.373437 0.520833 0.007292 0.013889
16 0.376563 0.524537 0.007292 0.013889
16 0.380208 0.528704 0.009375 0.011111
16 0.384375 0.533333 0.008333 0.012963
21 0.372917 0.514352 0.082292 0.123148
0 0.236719 0.505093 0.108854 0.212037
28 0.336719 0.792130 0.084896 0.149074
12 0.397917 0.742593 0.070833 0.164815
30 0.369271 0.613426 0.053125 0.080556
13 0.433333 0.583796 0.091667 0.134259
17 0.405990 0.460648 0.026562 0.025000
17 0.412760 0.450926 0.026562 0.024074
17 0.418490 0.441204 0.026562 0.023148
17 0.424740 0.432870 0.026562 0.021296
17 0.431250 0.424074 0.027083 0.022222
22 0.425781 0.447685 0.071354 0.091667
5 0.478906 0.492593 0.131771 0.074074
15 0.494792 0.974537 0.036458 0.052778
2 0.542188 0.644907 0.040625 0.221296
26 0.483333 0.805093 0.152083 0.310185
1 0.421615 0.383796 0.045312 0.062037
16 0.340885 0.473148 0.009896 0.012963
3 0.505469 0.596296 0.044271 0.127778
4 0.488281 0.588889 0.076563 0.129630
