22 0.585938 0.675926 0.016667 0.122222
26 0.304427 0.382870 0.100521 0.180556
15 0.255990 0.321296 0.036979 0.040741
27 0.616146 0.232407 0.107292 0.292593
34 0.018490 0.523148 0.036979 0.042593
20 0.267969 0.327778 0.032813 0.029630
14 0.530208 0.368519 0.023958 0.068519
19 0.527083 0.393519 0.026042 0.042593
12 0.392448 0.398611 0.083854 0.108333
28 0.441406 0.309259 0.058854 0.105556
17 0.621615 0.243056 0.014063 0.026852
0 0.600260 0.350463 0.085938 0.223148
16 0.696875 0.284722 0.013542 0.019444
16 0.637500 0.530093 0.007292 0.019444
16 0.635938 0.546759 0.008333 0.013889
16 0.628385 0.543519 0.009896 0.014815
16 0.614844 0.529630 0.008854 0.020370
16 0.607812 0.527315 0.007292 0.021296
16 0.599479 0.525463 0.009375 0.015741
13 0.832292 0.360185 0.070833 0.131481
24 0.756510 0.380093 0.057813 0.128704
16 0.820833 0.469444 0.010417 0.011111
29 0.815104 0.523611 0.031250 0.191667
10 0.785677 0.533796 0.083854 0.137963
10 0.720313 0.490741 0.070833 0.131481
14 0.681510 0.456481 0.047396 0.057407
19 0.661979 0.467593 0.026042 0.046296
23 0.674479 0.617130 0.054167 0.128704
21 0.579167 0.546296 0.126042 0.088889
17 0.587240 0.631019 0.010937 0.010185
17 0.586458 0.648148 0.012500 0.009259
17 0.585938 0.665741 0.012500 0.009259
17 0.585677 0.682870 0.014063 0.008333
17 0.584635 0.700000 0.015104 0.009259
1 0.635677 0.789352 0.083854 0.180556
30 0.508594 0.451852 0.041146 0.051852
13 0.457813 0.529630 0.076042 0.107407
4 0.400781 0.554167 0.036979 0.226852
3 0.386198 0.563426 0.055729 0.199074
2 0.352865 0.577315 0.065104 0.200926
5 0.461979 0.657407 0.106250 0.170370
11 0.590885 0.462500 0.084896 0.117593
