15 0.137240 0.277431 0.034896 0.061806
20 0.146094 0.293403 0.026562 0.038194
12 0.205469 0.327431 0.022396 0.045139
22 0.246094 0.351736 0.073438 0.117361
14 0.305990 0.331597 0.050521 0.102083
19 0.320833 0.359375 0.051042 0.085417
28 0.339583 0.259375 0.077083 0.090972
11 0.435937 0.341319 0.125000 0.140972
16 0.559896 0.162847 0.014583 0.013194
14 0.560677 0.307639 0.033854 0.108333
19 0.553646 0.340278 0.040625 0.086111
27 0.553906 0.169792 0.117188 0.250694
13 0.813542 0.285417 0.085417 0.111111
17 0.755729 0.219097 0.033333 0.042361
13 0.848698 0.390972 0.095312 0.129167
29 0.799219 0.431597 0.068229 0.177083
5 0.737500 0.285417 0.090625 0.165278
30 0.703385 0.306944 0.026562 0.070833
10 0.648958 0.303819 0.123958 0.171528
10 0.721615 0.453819 0.151562 0.202083
16 0.554427 0.405208 0.020313 0.014583
16 0.556771 0.419097 0.013542 0.015972
16 0.543490 0.420486 0.013021 0.020139
16 0.520052 0.407986 0.014063 0.020139
16 0.508333 0.408333 0.012500 0.022222
16 0.495573 0.408681 0.015104 0.018750
16 0.377604 0.427083 0.012500 0.019444
16 0.389062 0.426389 0.011458 0.018056
16 0.400260 0.427778 0.011979 0.016667
16 0.411458 0.426736 0.012500 0.015972
16 0.423958 0.425347 0.012500 0.015972
16 0.397917 0.466667 0.013542 0.016667
16 0.374219 0.468056 0.018229 0.016667
16 0.433854 0.468056 0.011458 0.013889
21 0.468490 0.453472 0.204687 0.090278
26 0.171094 0.400000 0.143229 0.197222
3 0.233594 0.561458 0.051562 0.097917
4 0.270573 0.518403 0.052604 0.082639
2 0.312760 0.550347 0.053646 0.175694
24 0.498437 0.600000 0.132292 0.123611
1 0.649479 0.746181 0.145833 0.293750
0 0.247396 0.712847 0.166667 0.354861
