2 0.145313 0.300347 0.073958 0.229861
3 0.191667 0.288542 0.059375 0.254861
4 0.226302 0.205556 0.059896 0.198611
26 0.096094 0.092708 0.158854 0.185417
12 0.222396 0.077083 0.129167 0.154167
22 0.542448 0.366319 0.128646 0.221528
18 0.535417 0.253125 0.097917 0.014583
17 0.534375 0.276389 0.093750 0.030556
17 0.534375 0.302431 0.101042 0.027083
17 0.535156 0.331597 0.102604 0.027083
17 0.538021 0.360417 0.102083 0.025000
17 0.539844 0.391319 0.103646 0.027083
17 0.542448 0.414931 0.103646 0.021528
17 0.545833 0.438542 0.101042 0.027083
23 0.772656 0.247222 0.127604 0.193056
13 0.298177 0.132639 0.150521 0.265278
5 0.352865 0.374306 0.160938 0.368056
30 0.455990 0.050347 0.085938 0.092361
11 0.587240 0.063542 0.170313 0.127083
10 0.812760 0.087500 0.157812 0.175000
10 0.921615 0.127083 0.133854 0.220833
13 0.909375 0.028472 0.100000 0.056944
19 0.716927 0.050694 0.069271 0.101389
21 0.564844 0.173958 0.265104 0.113194
16 0.447396 0.188542 0.017708 0.032639
16 0.511458 0.185417 0.017708 0.030556
16 0.446615 0.137153 0.018229 0.034028
16 0.462500 0.136458 0.020833 0.032639
16 0.480729 0.135069 0.018750 0.031250
16 0.496354 0.135764 0.012500 0.029861
16 0.511719 0.133681 0.018229 0.031250
16 0.604948 0.119444 0.020313 0.030556
16 0.621354 0.123264 0.017708 0.027083
16 0.636458 0.122917 0.017708 0.030556
16 0.680469 0.122222 0.019271 0.027778
16 0.684635 0.143056 0.019271 0.025000
16 0.667448 0.142014 0.020313 0.029861
0 0.272396 0.408333 0.244792 0.394444
1 0.711198 0.327431 0.240104 0.328472
19 0.343490 0.034028 0.054688 0.068056
29 0.962500 0.223958 0.048958 0.071528
