27 0.569792 0.346296 0.106250 0.242593
21 0.422917 0.516204 0.114583 0.149074
10 0.548958 0.645833 0.069792 0.225000
13 0.711198 0.732407 0.094271 0.192593
29 0.638542 0.720833 0.070833 0.186111
13 0.746875 0.607870 0.087500 0.154630
17 0.740104 0.506019 0.008333 0.056481
5 0.670573 0.552778 0.077604 0.188889
30 0.616927 0.538426 0.045312 0.087963
1 0.572656 0.702315 0.089063 0.247222
6 0.522656 0.596296 0.006771 0.011111
10 0.572396 0.500926 0.057292 0.161111
14 0.508854 0.443056 0.028125 0.128704
19 0.506510 0.486111 0.024479 0.079630
16 0.570312 0.344907 0.009375 0.013889
16 0.465625 0.532870 0.014583 0.013889
16 0.470833 0.523611 0.008333 0.017593
16 0.380729 0.479630 0.012500 0.012963
16 0.371875 0.469907 0.009375 0.015741
16 0.386458 0.447222 0.010417 0.014815
16 0.391146 0.451389 0.010417 0.013889
16 0.396615 0.459259 0.009896 0.014815
16 0.400260 0.462963 0.009896 0.012963
24 0.389062 0.627315 0.072917 0.097222
2 0.443229 0.531944 0.043750 0.282407
0 0.392188 0.531481 0.148958 0.214815
11 0.448958 0.425926 0.088542 0.144444
28 0.435937 0.321296 0.048958 0.079630
14 0.381510 0.354630 0.023438 0.092593
19 0.389583 0.378241 0.028125 0.075000
12 0.335938 0.293519 0.040625 0.077778
22 0.364583 0.336574 0.063542 0.095370
26 0.299479 0.331481 0.084375 0.162963
4 0.325000 0.449537 0.030208 0.047222
15 0.326042 0.225463 0.019792 0.078704
20 0.328906 0.239815 0.016146 0.051852
34 0.144531 0.243056 0.060937 0.028704
