21 0.605469 0.276042 0.284896 0.135417
7 0.302604 0.412153 0.157292 0.061806
3 0.122396 0.497917 0.244792 0.169444
26 0.206250 0.103819 0.186458 0.207639
22 0.294010 0.047917 0.084896 0.095833
2 0.274219 0.326736 0.065104 0.306250
4 0.402604 0.311111 0.071875 0.365278
19 0.398438 0.042361 0.068750 0.084722
11 0.561979 0.044792 0.168750 0.089583
29 0.584115 0.138194 0.231771 0.076389
19 0.725000 0.020833 0.050000 0.038889
10 0.826562 0.038542 0.131250 0.077083
10 0.915104 0.180208 0.169792 0.263194
5 0.936719 0.034028 0.078646 0.068056
16 0.478646 0.228472 0.017708 0.033333
16 0.495833 0.232639 0.018750 0.031944
16 0.513542 0.230208 0.017708 0.032639
16 0.530469 0.231597 0.018229 0.029861
16 0.547917 0.228472 0.017708 0.031944
16 0.650781 0.213194 0.018229 0.031944
16 0.668229 0.215625 0.016667 0.034028
16 0.685156 0.217708 0.017188 0.032639
16 0.717187 0.239236 0.018750 0.029861
16 0.735677 0.218403 0.018229 0.031250
16 0.737240 0.243056 0.021354 0.025000
16 0.477604 0.291319 0.017708 0.034028
16 0.505208 0.361458 0.102083 0.063194
0 0.083594 0.679514 0.167187 0.275694
1 0.633073 0.493056 0.281771 0.458333
13 0.982031 0.034028 0.035937 0.068056
