34 0.053646 0.362847 0.046875 0.056250
3 0.160938 0.120486 0.220833 0.168750
20 0.275000 0.124653 0.030208 0.042361
15 0.267969 0.109722 0.042188 0.072222
26 0.305469 0.236806 0.155729 0.219444
22 0.390625 0.193056 0.078125 0.123611
19 0.478906 0.224306 0.052604 0.098611
14 0.465365 0.166667 0.058854 0.163889
28 0.498177 0.103472 0.081771 0.101389
11 0.620052 0.227778 0.144271 0.170833
27 0.735156 0.094444 0.132812 0.180556
19 0.761458 0.226042 0.059375 0.102083
14 0.781250 0.170833 0.065625 0.162500
10 0.840885 0.211806 0.142187 0.195833
17 0.943750 0.144097 0.034375 0.057639
5 0.923177 0.208333 0.094271 0.187500
13 0.977865 0.230903 0.044271 0.132639
24 0.953385 0.343403 0.080729 0.113194
10 0.917188 0.408333 0.165625 0.227778
29 0.632031 0.351389 0.197396 0.081944
16 0.530990 0.480903 0.016146 0.031250
16 0.535156 0.427778 0.017188 0.031944
16 0.548698 0.429861 0.017188 0.031944
16 0.563281 0.434028 0.016146 0.033333
16 0.578646 0.434375 0.019792 0.028472
16 0.592969 0.432986 0.022396 0.024306
16 0.559635 0.483333 0.017188 0.020833
16 0.679688 0.429861 0.017708 0.030556
16 0.693750 0.432639 0.017708 0.031944
16 0.708073 0.435417 0.017188 0.030556
16 0.734115 0.456944 0.017188 0.027778
16 0.748958 0.460069 0.022917 0.022917
16 0.750000 0.438194 0.016667 0.029167
21 0.635417 0.474653 0.244792 0.135417
4 0.449479 0.471528 0.065625 0.318056
2 0.353906 0.463194 0.060937 0.277778
0 0.136198 0.239931 0.188021 0.479861
1 0.649479 0.602083 0.201042 0.338889
5 0.924740 0.211806 0.093229 0.201389
