16 0.425000 0.890625 0.022917 0.029861
16 0.402604 0.831250 0.019792 0.031944
16 0.487240 0.790278 0.018229 0.034722
16 0.501823 0.788542 0.019271 0.032639
16 0.518229 0.784375 0.016667 0.035417
16 0.549740 0.796875 0.018229 0.034028
16 0.563021 0.768403 0.019792 0.032639
16 0.566406 0.795833 0.021354 0.030556
21 0.493490 0.830556 0.205729 0.147222
29 0.458333 0.711806 0.139583 0.077778
11 0.385677 0.581250 0.163021 0.173611
14 0.542188 0.443403 0.047917 0.161806
19 0.550000 0.495139 0.048958 0.102778
10 0.622656 0.436111 0.142187 0.226389
16 0.557031 0.286111 0.042188 0.059722
1 0.667969 0.358681 0.221354 0.257639
27 0.506771 0.333333 0.144792 0.213889
0 0.375521 0.458681 0.163542 0.318750
28 0.269271 0.444792 0.090625 0.118750
12 0.111719 0.587153 0.081771 0.096528
22 0.182292 0.580556 0.076042 0.152778
19 0.243229 0.601389 0.037500 0.055556
14 0.214583 0.566319 0.070833 0.100694
26 0.116146 0.655556 0.166667 0.226389
2 0.180208 0.798958 0.048958 0.106250
17 0.749219 0.249653 0.047396 0.054861
5 0.733594 0.329861 0.123438 0.166667
13 0.831510 0.332986 0.113021 0.147917
13 0.885938 0.469097 0.123958 0.175694
10 0.688542 0.637847 0.044792 0.128472
15 0.070052 0.519097 0.061979 0.059028
20 0.089583 0.531250 0.055208 0.047222
