34 0.014583 0.406250 0.029167 0.034722
26 0.247135 0.206250 0.125521 0.191667
2 0.266146 0.370833 0.052083 0.134722
3 0.317708 0.311111 0.047917 0.043056
4 0.348958 0.283333 0.038542 0.031944
5 0.383594 0.399306 0.145313 0.356944
13 0.448177 0.331597 0.081771 0.140972
12 0.360156 0.230208 0.111979 0.125694
28 0.439583 0.169097 0.081250 0.096528
30 0.526042 0.278472 0.065625 0.066667
19 0.556510 0.212500 0.039062 0.093056
14 0.558594 0.162153 0.035937 0.160417
17 0.688542 0.106250 0.047917 0.047222
27 0.665885 0.115278 0.123438 0.230556
16 0.771094 0.184375 0.014063 0.017361
11 0.652865 0.280208 0.138021 0.149306
16 0.736979 0.354167 0.014583 0.023611
16 0.736979 0.369792 0.017708 0.018750
16 0.725000 0.364583 0.015625 0.019444
16 0.701302 0.349653 0.015104 0.021528
16 0.689583 0.346181 0.015625 0.024306
16 0.678906 0.343403 0.017188 0.024306
16 0.605208 0.338194 0.015625 0.026389
16 0.602083 0.376042 0.014583 0.022917
16 0.592708 0.334375 0.013542 0.021528
16 0.580208 0.331944 0.014583 0.022222
16 0.566927 0.330556 0.016146 0.020833
16 0.554688 0.329861 0.013542 0.026389
16 0.550260 0.370486 0.017188 0.027083
21 0.638802 0.380903 0.213021 0.125694
17 0.616406 0.473611 0.084896 0.020833
17 0.616406 0.496875 0.086979 0.020139
17 0.616667 0.519444 0.088542 0.020833
17 0.616406 0.544097 0.089063 0.021528
17 0.615625 0.570139 0.080208 0.019444
17 0.615104 0.607986 0.082292 0.020139
18 0.606510 0.556250 0.088021 0.018056
18 0.610417 0.597222 0.089583 0.015278
22 0.613802 0.547917 0.097396 0.181944
0 0.314323 0.430556 0.225521 0.361111
23 0.803906 0.479167 0.097396 0.166667
19 0.769271 0.303472 0.057292 0.094444
14 0.789583 0.250694 0.066667 0.151389
24 0.855990 0.265625 0.085938 0.093750
10 0.846354 0.326389 0.125000 0.183333
10 0.933854 0.380208 0.109375 0.184028
13 0.927344 0.261806 0.090104 0.113889
29 0.967969 0.460417 0.039062 0.062500
1 0.613802 0.839236 0.216146 0.296528
