22 0.526823 0.342014 0.138021 0.236806
2 0.094271 0.293403 0.085417 0.249306
3 0.148698 0.251042 0.083854 0.254861
4 0.174479 0.232292 0.058333 0.306250
26 0.060677 0.084028 0.121354 0.168056
30 0.380729 0.039236 0.088542 0.078472
12 0.172917 0.063194 0.139583 0.126389
13 0.253906 0.135069 0.164062 0.217361
5 0.296354 0.309722 0.197917 0.390278
11 0.548438 0.037153 0.177083 0.074306
19 0.693229 0.032292 0.059375 0.064583
10 0.798698 0.071875 0.161979 0.143750
10 0.905990 0.103819 0.133854 0.207639
17 0.516667 0.244792 0.110417 0.028472
17 0.520312 0.275000 0.112500 0.030556
17 0.522917 0.304861 0.114583 0.031944
17 0.526042 0.336806 0.115625 0.033333
17 0.529167 0.368750 0.106250 0.030556
17 0.532813 0.418403 0.106250 0.031250
18 0.512240 0.336806 0.110937 0.048611
18 0.526302 0.404514 0.115104 0.031250
23 0.756510 0.220486 0.131771 0.197917
0 0.338021 0.480903 0.246875 0.374306
1 0.725260 0.468750 0.261979 0.387500
16 0.419271 0.079514 0.017708 0.035417
16 0.435677 0.078819 0.021354 0.035417
16 0.452604 0.078125 0.017708 0.034028
16 0.468229 0.078125 0.019792 0.034028
16 0.486719 0.078472 0.022396 0.034722
16 0.418750 0.133333 0.020833 0.031944
16 0.486198 0.130556 0.020313 0.033333
16 0.583854 0.065972 0.020833 0.031944
16 0.600521 0.066667 0.018750 0.033333
16 0.616667 0.069097 0.018750 0.032639
16 0.662240 0.071528 0.019271 0.029167
16 0.665625 0.091667 0.019792 0.026389
16 0.648177 0.089931 0.020313 0.032639
21 0.540104 0.123611 0.280208 0.122222
29 0.942969 0.201736 0.047396 0.067361
