22 0.464583 0.693750 0.133333 0.226389
23 0.675781 0.513542 0.058854 0.196528
26 0.067708 0.418750 0.135417 0.190278
3 0.329948 0.340625 0.115104 0.345139
0 0.255469 0.388889 0.266146 0.381944
1 0.643750 0.324653 0.288542 0.329861
16 0.390104 0.542361 0.016667 0.026389
16 0.385677 0.485417 0.015104 0.025000
16 0.400260 0.478472 0.017188 0.029167
16 0.415625 0.476736 0.015625 0.025694
16 0.430208 0.472222 0.015625 0.023611
16 0.445312 0.468750 0.016667 0.025000
16 0.466667 0.523264 0.016667 0.032639
16 0.535677 0.424653 0.018229 0.027083
16 0.551562 0.423958 0.015625 0.031250
16 0.566927 0.420833 0.017188 0.031944
16 0.599219 0.428125 0.019271 0.035417
16 0.611198 0.407986 0.019271 0.029861
16 0.616406 0.425000 0.018229 0.030556
21 0.509115 0.488542 0.264062 0.159028
12 0.165365 0.394097 0.096354 0.163194
14 0.222135 0.257639 0.048438 0.090278
28 0.231510 0.275694 0.066146 0.106944
13 0.279687 0.467014 0.087500 0.147917
5 0.285156 0.686806 0.104688 0.318056
30 0.390885 0.360417 0.082812 0.105556
11 0.506771 0.321181 0.186458 0.224306
17 0.487240 0.081250 0.078646 0.016667
16 0.623958 0.126389 0.018750 0.020833
27 0.478125 0.113542 0.178125 0.227083
14 0.654948 0.189236 0.046354 0.117361
10 0.744271 0.274306 0.154167 0.200000
10 0.860156 0.308333 0.138021 0.205556
13 0.826042 0.146181 0.114583 0.121528
24 0.743490 0.187500 0.115104 0.112500
29 0.911979 0.379167 0.047917 0.065278
