0 0.277344 0.344444 0.231771 0.431944
5 0.956510 0.094444 0.086979 0.188889
26 0.239063 0.126389 0.159375 0.219444
29 0.632031 0.240972 0.230729 0.075000
14 0.806510 0.062153 0.063021 0.124306
16 0.570833 0.237153 0.016667 0.046528
21 0.627344 0.384028 0.233854 0.133333
19 0.785156 0.093750 0.069271 0.116667
22 0.346615 0.076389 0.092188 0.140278
3 0.337760 0.315625 0.084896 0.411806
19 0.451562 0.104167 0.064583 0.112500
4 0.440365 0.378125 0.080729 0.357639
16 0.528385 0.404514 0.017188 0.034028
16 0.617708 0.412847 0.025000 0.025694
17 0.984115 0.022917 0.031771 0.045833
34 0.017188 0.325694 0.033333 0.059722
14 0.436719 0.067708 0.064062 0.134028
11 0.603125 0.094444 0.166667 0.179167
10 0.878906 0.098264 0.156771 0.196528
10 0.934115 0.312847 0.131771 0.252083
16 0.528646 0.340278 0.018750 0.033333
16 0.545833 0.343750 0.018750 0.031944
16 0.563281 0.342014 0.018229 0.031250
16 0.580469 0.343056 0.021354 0.027778
16 0.598698 0.343750 0.024479 0.027778
1 0.693490 0.282639 0.268229 0.316667
