3 0.206250 0.391319 0.054167 0.246528
4 0.237500 0.349653 0.055208 0.271528
2 0.168229 0.399653 0.071875 0.215972
26 0.116406 0.193056 0.145313 0.191667
27 0.555469 0.030556 0.141146 0.061111
28 0.304427 0.076736 0.090104 0.111806
30 0.441406 0.142708 0.081771 0.096528
5 0.365625 0.463194 0.118750 0.334722
0 0.322917 0.475694 0.206250 0.343056
12 0.230729 0.177083 0.116667 0.166667
13 0.293490 0.236111 0.147396 0.283333
14 0.306250 0.069097 0.080208 0.138194
19 0.332292 0.118056 0.065625 0.101389
19 0.689583 0.098264 0.056250 0.118750
14 0.704427 0.064931 0.046354 0.129861
11 0.564063 0.120486 0.160417 0.178472
10 0.790885 0.109028 0.153646 0.208333
10 0.909115 0.150347 0.136979 0.215972
13 0.886458 0.036806 0.113542 0.073611
24 0.799219 0.041319 0.107813 0.082639
29 0.959115 0.238889 0.048438 0.076389
22 0.526302 0.432292 0.123438 0.220139
23 0.755469 0.304514 0.133854 0.193750
17 0.514844 0.345486 0.098437 0.031250
17 0.518490 0.372222 0.091146 0.033333
17 0.520052 0.399306 0.102604 0.033333
17 0.522656 0.427778 0.104688 0.033333
17 0.524479 0.456597 0.106250 0.034028
17 0.528385 0.501736 0.097396 0.031250
18 0.513542 0.359375 0.095833 0.027083
18 0.528646 0.480208 0.104167 0.029861
1 0.698438 0.520833 0.220833 0.362500
16 0.432292 0.234028 0.018750 0.031944
16 0.446094 0.231597 0.019271 0.032639
16 0.460677 0.228819 0.016146 0.032639
16 0.475521 0.226389 0.017708 0.031944
16 0.490365 0.223611 0.017188 0.033333
16 0.431771 0.284375 0.017708 0.029861
16 0.491406 0.274306 0.018229 0.033333
16 0.579948 0.200000 0.019271 0.031944
16 0.595573 0.198264 0.017188 0.032639
16 0.610677 0.197917 0.017188 0.031944
16 0.655208 0.194097 0.019792 0.031250
16 0.657813 0.211458 0.019792 0.021528
16 0.639583 0.213194 0.018750 0.029167
21 0.548698 0.257639 0.258854 0.125000
