17 0.703125 0.059028 0.045833 0.045833
13 0.784375 0.130208 0.112500 0.139583
13 0.841927 0.254861 0.127604 0.170833
29 0.783594 0.322222 0.099479 0.223611
10 0.696615 0.385764 0.175521 0.227083
5 0.687240 0.151042 0.132812 0.189583
10 0.568229 0.217708 0.156250 0.218750
30 0.633594 0.193750 0.056771 0.093056
27 0.452344 0.141667 0.141146 0.195833
19 0.469531 0.296181 0.057813 0.106250
14 0.454167 0.238194 0.067708 0.173611
6 0.431250 0.209028 0.045833 0.037500
2 0.264844 0.104861 0.326562 0.209722
11 0.359115 0.350694 0.109896 0.187500
16 0.322135 0.452083 0.016146 0.029167
16 0.311719 0.453819 0.010937 0.020139
16 0.334375 0.502431 0.016667 0.029861
16 0.395573 0.414931 0.018229 0.028472
16 0.408854 0.411111 0.015625 0.030556
16 0.422396 0.408333 0.017708 0.031944
16 0.463021 0.391667 0.017708 0.025000
16 0.449740 0.416667 0.016146 0.029167
16 0.464583 0.411458 0.016667 0.027083
21 0.401562 0.462153 0.185417 0.142361
22 0.154688 0.412847 0.066667 0.135417
14 0.167187 0.360069 0.044792 0.095139
15 0.051302 0.381597 0.057813 0.054861
20 0.066146 0.390278 0.046875 0.037500
12 0.099740 0.423958 0.056771 0.078472
26 0.086458 0.503125 0.142708 0.179861
24 0.410938 0.643056 0.144792 0.162500
1 0.536458 0.711806 0.287500 0.319444
0 0.194531 0.239931 0.251563 0.479861
