0 0.552344 0.530208 0.146354 0.271528
1 0.710677 0.407639 0.225521 0.195833
29 0.643490 0.462847 0.146354 0.079861
24 0.287760 0.168750 0.106771 0.123611
22 0.482552 0.126736 0.090104 0.138194
28 0.526042 0.041667 0.087500 0.083333
30 0.567969 0.144792 0.076563 0.078472
14 0.675000 0.125347 0.055208 0.138194
19 0.663802 0.165625 0.055729 0.113194
16 0.780990 0.065625 0.036979 0.036806
27 0.786719 0.115625 0.154688 0.231250
10 0.911458 0.069097 0.123958 0.136806
13 0.973958 0.120486 0.052083 0.121528
17 0.937760 0.194097 0.054688 0.039583
17 0.934375 0.212153 0.042708 0.027083
11 0.835156 0.281597 0.176563 0.302083
10 0.936458 0.301389 0.126042 0.175000
2 0.947135 0.470833 0.059896 0.152778
19 0.978646 0.445833 0.042708 0.072222
16 0.489063 0.304861 0.023958 0.022222
16 0.518490 0.298264 0.017188 0.027083
16 0.533854 0.296181 0.017708 0.028472
16 0.489844 0.356944 0.017188 0.033333
16 0.521094 0.350694 0.019271 0.030556
16 0.586719 0.342708 0.024479 0.022917
16 0.564844 0.292708 0.024479 0.022917
16 0.593229 0.287153 0.018750 0.025694
16 0.625000 0.283333 0.018750 0.026389
16 0.680469 0.268056 0.021354 0.027778
31 0.707552 0.265625 0.018229 0.035417
16 0.613281 0.439583 0.025521 0.055556
21 0.600521 0.330903 0.255208 0.135417
16 0.724740 0.323958 0.019271 0.015972
14 0.986719 0.427083 0.026562 0.044444
