5 0.334635 0.351389 0.053646 0.073148
1 0.437240 0.250926 0.048438 0.090741
24 0.451562 0.458796 0.075000 0.089815
27 0.247917 0.587963 0.180208 0.161111
22 0.391927 0.743981 0.108854 0.189815
0 0.482812 0.312963 0.076042 0.081481
28 0.287240 0.865278 0.092188 0.158333
30 0.360156 0.682870 0.050521 0.076852
16 0.461719 0.620833 0.013021 0.017593
16 0.477344 0.589815 0.013021 0.018519
16 0.450000 0.606481 0.012500 0.018519
16 0.445052 0.599537 0.011979 0.017593
16 0.432812 0.590741 0.011458 0.016667
16 0.422917 0.581481 0.011458 0.016667
16 0.388021 0.561574 0.011458 0.013889
16 0.380208 0.553241 0.012500 0.015741
16 0.465625 0.576852 0.011458 0.018519
16 0.455990 0.568056 0.009896 0.015741
16 0.439844 0.553241 0.010937 0.019444
16 0.429948 0.544444 0.010937 0.014815
16 0.420573 0.535185 0.010937 0.014815
21 0.435417 0.593519 0.115625 0.146296
19 0.481771 0.516667 0.036458 0.088889
14 0.468229 0.485648 0.029167 0.102778
16 0.451823 0.280556 0.007812 0.014815
14 0.340885 0.372222 0.035937 0.083333
19 0.346354 0.388426 0.026042 0.054630
13 0.221875 0.407407 0.057292 0.094444
29 0.256771 0.469907 0.050000 0.063889
12 0.239844 0.434259 0.041146 0.094444
17 0.274479 0.500000 0.012500 0.031481
17 0.255469 0.512037 0.018229 0.029630
16 0.266927 0.525463 0.008854 0.021296
10 0.321094 0.431019 0.067187 0.104630
26 0.277344 0.397222 0.070312 0.140741
13 0.179427 0.505556 0.078646 0.072222
10 0.180990 0.569444 0.081771 0.133333
11 0.350521 0.485185 0.128125 0.131481
20 0.218750 0.737500 0.048958 0.075000
15 0.201823 0.714815 0.056771 0.088889
