0 0.483073 0.876042 0.175521 0.246528
24 0.608073 0.843056 0.158854 0.161111
1 0.704167 0.443403 0.142708 0.179861
27 0.626302 0.450347 0.123438 0.190972
11 0.667969 0.634722 0.156771 0.179167
16 0.501563 0.592014 0.019792 0.025694
16 0.526563 0.585417 0.013542 0.027778
16 0.483594 0.660069 0.015104 0.028472
16 0.458073 0.667361 0.020313 0.025000
16 0.427865 0.671181 0.013021 0.028472
16 0.424479 0.625347 0.017708 0.024306
16 0.398438 0.630208 0.019792 0.022917
16 0.386719 0.681250 0.020313 0.022222
16 0.371354 0.633333 0.013542 0.026389
16 0.357552 0.636111 0.013021 0.027778
16 0.331510 0.641667 0.018229 0.020833
16 0.358854 0.685069 0.014583 0.025694
16 0.333073 0.687847 0.014063 0.029861
14 0.519531 0.482986 0.038021 0.111806
19 0.516146 0.520486 0.041667 0.092361
30 0.429948 0.500694 0.066146 0.073611
21 0.439583 0.652431 0.230208 0.131250
22 0.361719 0.513542 0.083854 0.145139
28 0.395052 0.382986 0.076563 0.095139
15 0.542708 0.314931 0.017708 0.089583
20 0.539323 0.343750 0.017188 0.072222
10 0.747396 0.347569 0.106250 0.111806
13 0.828646 0.375000 0.081250 0.105556
13 0.918490 0.425694 0.102604 0.100000
12 0.905990 0.453472 0.092188 0.063889
26 0.901823 0.523264 0.121354 0.184028
29 0.836719 0.471528 0.038021 0.070833
22 0.782552 0.463889 0.043229 0.023611
3 0.797656 0.797222 0.074479 0.181944
14 0.914583 0.619444 0.042708 0.055556
5 0.958594 0.674653 0.082812 0.199306
34 0.014844 0.627083 0.029687 0.027778
