0 0.396875 0.736111 0.162500 0.266667
24 0.506771 0.681250 0.152083 0.151389
25 0.634896 0.639236 0.148958 0.154861
3 0.740365 0.634722 0.089063 0.273611
1 0.824219 0.276736 0.139063 0.206250
2 0.767708 0.256944 0.107292 0.254167
6 0.716146 0.382986 0.011458 0.017361
10 0.720052 0.417014 0.153646 0.178472
14 0.803385 0.510417 0.022396 0.048611
19 0.796875 0.521875 0.038542 0.072917
11 0.610156 0.462500 0.151562 0.172222
16 0.600521 0.287847 0.025000 0.038194
27 0.571094 0.262500 0.138021 0.279167
20 0.489583 0.245486 0.015625 0.072917
15 0.487240 0.216319 0.019271 0.089583
10 0.695312 0.227431 0.100000 0.103472
13 0.773958 0.247222 0.073958 0.098611
13 0.888281 0.285417 0.064062 0.093056
26 0.832812 0.375694 0.121875 0.180556
29 0.775260 0.325347 0.017188 0.047917
17 0.726302 0.324306 0.052604 0.012500
30 0.390365 0.392014 0.061979 0.072917
16 0.472917 0.449306 0.012500 0.025000
16 0.450781 0.455556 0.016146 0.023611
16 0.481510 0.499306 0.013021 0.025000
16 0.431771 0.513889 0.012500 0.027778
16 0.406771 0.523264 0.015625 0.022917
16 0.379948 0.490972 0.014063 0.020833
16 0.358333 0.497917 0.016667 0.022222
16 0.383073 0.530208 0.011979 0.018750
16 0.347917 0.540972 0.017708 0.022222
16 0.301302 0.514931 0.015104 0.020139
16 0.323698 0.505556 0.011979 0.025000
16 0.335156 0.503472 0.013021 0.026389
16 0.303385 0.545833 0.010937 0.012500
21 0.399219 0.510764 0.203646 0.124306
14 0.310937 0.578819 0.097917 0.127083
19 0.350781 0.615972 0.066146 0.100000
22 0.329167 0.410764 0.076042 0.134028
28 0.358333 0.296181 0.071875 0.088194
34 0.021094 0.584722 0.042188 0.043056
