24 0.183073 0.205556 0.093229 0.131944
22 0.354427 0.122569 0.088021 0.145139
28 0.389062 0.035069 0.087500 0.068750
30 0.432812 0.119097 0.076042 0.086806
14 0.518490 0.074306 0.045312 0.138889
19 0.526302 0.114583 0.048438 0.109722
27 0.618490 0.068056 0.096354 0.136111
16 0.361979 0.288194 0.022917 0.022222
16 0.388281 0.276042 0.017188 0.025694
16 0.403385 0.270486 0.017188 0.025694
16 0.364323 0.335069 0.017188 0.028472
16 0.392969 0.323958 0.017188 0.025694
16 0.432812 0.261111 0.023958 0.025000
16 0.451823 0.301042 0.017188 0.025694
16 0.458854 0.248958 0.016667 0.025694
16 0.488802 0.241319 0.017188 0.025694
16 0.543229 0.277083 0.016667 0.020833
16 0.544531 0.210417 0.024479 0.022222
16 0.572656 0.203125 0.017188 0.025694
16 0.588542 0.266319 0.023958 0.025694
21 0.479948 0.289236 0.251563 0.168750
7 0.634635 0.421875 0.024479 0.078472
16 0.621094 0.452083 0.034896 0.137500
29 0.587760 0.488889 0.334896 0.145833
0 0.430208 0.553125 0.187500 0.314583
11 0.699740 0.199653 0.171354 0.314583
3 0.687500 0.204167 0.119792 0.408333
1 0.772656 0.103472 0.269271 0.206944
13 0.897656 0.028125 0.045312 0.056250
13 0.959115 0.045833 0.080729 0.090278
26 0.947396 0.108681 0.105208 0.159028
16 0.533594 0.252778 0.016146 0.034722
34 0.029167 0.412500 0.056250 0.068056
