27 0.442448 0.266319 0.178646 0.293750
16 0.238542 0.632986 0.017708 0.020139
1 0.945573 0.267361 0.108854 0.275000
14 0.338281 0.401042 0.045312 0.111806
19 0.358854 0.429167 0.057292 0.095833
28 0.242969 0.358681 0.077604 0.097917
0 0.283594 0.811458 0.097396 0.235417
16 0.446615 0.303472 0.020313 0.054167
17 0.613802 0.283333 0.054688 0.045833
13 0.658073 0.183681 0.092188 0.102083
13 0.752865 0.190278 0.108854 0.091667
22 0.223177 0.464583 0.078646 0.148611
10 0.634635 0.388889 0.145313 0.188889
10 0.569010 0.188542 0.102604 0.122917
5 0.823438 0.392014 0.109375 0.161806
14 0.733594 0.408681 0.080729 0.163194
19 0.710156 0.465625 0.059896 0.099306
2 0.700260 0.597917 0.126562 0.258333
11 0.520052 0.461458 0.203646 0.318750
29 0.367708 0.697569 0.191667 0.153472
16 0.371354 0.683681 0.031250 0.065972
21 0.339583 0.603125 0.209375 0.200694
24 0.084115 0.561458 0.078646 0.129861
30 0.285677 0.450694 0.071354 0.093056
15 0.358854 0.237153 0.034375 0.089583
20 0.365625 0.262500 0.032292 0.081944
17 0.624219 0.311806 0.054688 0.023611
3 0.886979 0.252778 0.226042 0.245833
7 0.759896 0.381944 0.053125 0.044444
16 0.259635 0.615972 0.014063 0.025000
16 0.271615 0.606944 0.014063 0.026389
16 0.292708 0.593403 0.017708 0.025694
16 0.314063 0.577083 0.013542 0.027778
16 0.337500 0.562153 0.014583 0.025694
16 0.379948 0.517014 0.018229 0.025694
16 0.402604 0.502431 0.013542 0.027083
16 0.422396 0.556597 0.021875 0.020139
16 0.385677 0.582639 0.019271 0.025000
16 0.315365 0.629861 0.020313 0.022222
16 0.269531 0.659375 0.014063 0.027083
16 0.246875 0.677778 0.013542 0.027778
26 0.727083 0.311111 0.136458 0.212500
