27 0.608594 0.322685 0.105729 0.263889
29 0.501302 0.748611 0.108854 0.069444
34 0.098958 0.437963 0.078125 0.062963
24 0.285156 0.343981 0.081771 0.110185
28 0.444531 0.233796 0.057813 0.110185
22 0.417708 0.351852 0.051042 0.129630
30 0.466667 0.389352 0.041667 0.052778
15 0.562240 0.202778 0.016146 0.061111
20 0.556510 0.223148 0.015104 0.038889
16 0.601562 0.357870 0.008333 0.023148
14 0.519271 0.429167 0.022917 0.045370
19 0.517188 0.439815 0.026042 0.040741
10 0.735156 0.252778 0.098437 0.124074
13 0.811719 0.289352 0.070312 0.139815
13 0.859896 0.436111 0.104167 0.120370
12 0.828906 0.451389 0.091146 0.110185
17 0.718229 0.406944 0.046875 0.025000
17 0.714844 0.440278 0.043229 0.050926
5 0.809375 0.664352 0.057292 0.219444
26 0.761458 0.560185 0.101042 0.159259
10 0.676823 0.556481 0.085938 0.100000
11 0.601042 0.531481 0.096875 0.162963
16 0.533594 0.572222 0.007812 0.020370
16 0.533854 0.624074 0.009375 0.018519
16 0.512760 0.623148 0.008854 0.020370
16 0.461719 0.590278 0.009896 0.013889
16 0.476042 0.588426 0.008333 0.019444
16 0.490625 0.587500 0.008333 0.017593
16 0.447135 0.589815 0.008854 0.020370
16 0.439323 0.588426 0.007812 0.017593
16 0.424740 0.590741 0.008854 0.014815
16 0.425260 0.629167 0.007812 0.021296
16 0.440365 0.629167 0.008854 0.017593
21 0.480208 0.598611 0.122917 0.069444
16 0.524740 0.751389 0.014063 0.028704
7 0.552865 0.768981 0.028646 0.013889
3 0.622135 0.786111 0.126562 0.053704
2 0.661458 0.669444 0.036458 0.118519
14 0.716667 0.657407 0.067708 0.050000
19 0.690625 0.645370 0.035417 0.053704
1 0.654167 0.787037 0.085417 0.135185
0 0.457292 0.758333 0.075000 0.137037
16 0.496875 0.613889 0.011458 0.018519
16 0.520312 0.573611 0.009375 0.015741
