27 0.610677 0.324074 0.111979 0.268519
1 0.581250 0.862037 0.105208 0.146296
10 0.677344 0.554167 0.088021 0.102778
3 0.656771 0.704630 0.044792 0.209259
20 0.556771 0.224074 0.013542 0.044444
15 0.562240 0.203704 0.016146 0.061111
11 0.600781 0.533333 0.099479 0.185185
10 0.735156 0.252315 0.098437 0.125000
26 0.762240 0.539815 0.104688 0.159259
29 0.765885 0.432407 0.032813 0.085185
19 0.449740 0.617593 0.026562 0.046296
14 0.441146 0.631944 0.025000 0.049074
14 0.710417 0.650463 0.045833 0.054630
0 0.509635 0.847222 0.051562 0.138889
28 0.444271 0.233333 0.057292 0.109259
30 0.466406 0.389352 0.041146 0.052778
22 0.423438 0.387500 0.052083 0.128704
19 0.702344 0.636574 0.032813 0.049074
24 0.530990 0.674537 0.073438 0.095370
5 0.809635 0.664352 0.057813 0.221296
13 0.855469 0.442130 0.102604 0.117593
12 0.828906 0.454630 0.090104 0.109259
16 0.618750 0.382407 0.011458 0.020370
13 0.811458 0.288889 0.070833 0.140741
17 0.717969 0.406944 0.047396 0.025000
17 0.714844 0.441204 0.043229 0.050926
16 0.530729 0.817593 0.007292 0.018519
16 0.488802 0.550926 0.008854 0.022222
16 0.475521 0.551852 0.011458 0.014815
16 0.460417 0.552778 0.008333 0.022222
16 0.439063 0.552778 0.011458 0.014815
16 0.424479 0.551852 0.008333 0.022222
16 0.410938 0.552778 0.009375 0.020370
16 0.410417 0.517130 0.011458 0.017593
16 0.423958 0.514815 0.009375 0.020370
16 0.431250 0.514815 0.009375 0.022222
16 0.446615 0.513426 0.011979 0.019444
16 0.460938 0.514352 0.011458 0.019444
16 0.503906 0.498148 0.009896 0.016667
16 0.516927 0.498148 0.009896 0.022222
21 0.464844 0.525926 0.123438 0.072222
34 0.099479 0.437963 0.078125 0.062963
2 0.680469 0.704167 0.043229 0.202778
