11 0.527865 0.496759 0.096354 0.171296
24 0.505469 0.379167 0.064062 0.104630
27 0.658333 0.581481 0.208333 0.242593
1 0.425260 0.412037 0.129688 0.162963
10 0.499479 0.629167 0.136458 0.250926
34 0.753385 0.186574 0.011979 0.060185
14 0.578906 0.269444 0.030729 0.135185
19 0.568490 0.314815 0.024479 0.079630
16 0.611719 0.308796 0.007812 0.015741
16 0.605990 0.318981 0.009896 0.012037
16 0.629948 0.318981 0.006771 0.013889
16 0.625260 0.328241 0.007812 0.010185
16 0.621875 0.335185 0.008333 0.011111
16 0.616146 0.347685 0.008333 0.012037
16 0.609115 0.360185 0.008854 0.011111
16 0.597917 0.406944 0.008333 0.015741
16 0.591667 0.419907 0.011458 0.013889
16 0.564323 0.401852 0.009896 0.014815
16 0.577865 0.375463 0.009896 0.015741
16 0.584375 0.360648 0.008333 0.013889
16 0.590885 0.349537 0.010937 0.013889
16 0.600000 0.330556 0.008333 0.014815
21 0.597656 0.385648 0.085938 0.145370
22 0.692187 0.390278 0.089583 0.112037
30 0.673958 0.431944 0.046875 0.084259
28 0.781771 0.462037 0.077083 0.112963
15 0.771094 0.581481 0.045312 0.107407
20 0.761198 0.607870 0.034896 0.089815
25 0.461458 0.456481 0.081250 0.107407
0 0.523177 0.306944 0.067187 0.132407
2 0.465625 0.450000 0.055208 0.237037
6 0.483594 0.564815 0.007812 0.012963
16 0.606771 0.557870 0.025000 0.049074
14 0.373177 0.531944 0.031771 0.063889
26 0.389844 0.675926 0.133854 0.261111
17 0.496615 0.782407 0.060937 0.079630
17 0.519792 0.805556 0.045833 0.096296
10 0.636719 0.890278 0.150521 0.219444
29 0.412240 0.858796 0.148438 0.167593
13 0.353646 0.919907 0.172917 0.165741
5 0.259635 0.797685 0.161979 0.243519
