1 0.259375 0.464352 0.058333 0.162037
27 0.246354 0.588426 0.177083 0.160185
19 0.351823 0.599537 0.045312 0.087963
24 0.507292 0.948611 0.137500 0.106481
22 0.377083 0.786111 0.113542 0.203704
28 0.287240 0.864815 0.094271 0.159259
20 0.219531 0.736111 0.056771 0.075926
15 0.202604 0.713889 0.060417 0.088889
30 0.361979 0.686111 0.054167 0.085185
29 0.410938 0.646759 0.085417 0.115741
16 0.273438 0.523611 0.011458 0.017593
17 0.275521 0.498611 0.011458 0.034259
16 0.255208 0.566204 0.014583 0.045370
14 0.340365 0.574074 0.047396 0.105556
13 0.179167 0.511111 0.080208 0.083333
13 0.217708 0.409722 0.056250 0.099074
12 0.236458 0.437963 0.037500 0.098148
26 0.278125 0.391204 0.055208 0.147222
10 0.322917 0.446759 0.067708 0.067593
11 0.359115 0.487037 0.090104 0.148148
0 0.405990 0.422685 0.095312 0.082407
16 0.497917 0.523611 0.012500 0.019444
16 0.486458 0.515278 0.009375 0.023148
16 0.440365 0.491204 0.011979 0.017593
16 0.436458 0.478241 0.008333 0.019444
16 0.422396 0.468056 0.011458 0.021296
16 0.403646 0.498611 0.009375 0.021296
16 0.410938 0.503241 0.011458 0.013889
16 0.434375 0.511574 0.008333 0.017593
16 0.445052 0.517130 0.009896 0.015741
16 0.454167 0.526389 0.010417 0.015741
16 0.482812 0.548148 0.010417 0.018519
16 0.471354 0.540741 0.010417 0.016667
16 0.466406 0.534259 0.008854 0.020370
21 0.455729 0.532407 0.110417 0.127778
10 0.177604 0.561574 0.077083 0.121296
