22 0.509375 0.228125 0.125000 0.228472
5 0.600521 0.146181 0.294792 0.292361
0 0.380208 0.336458 0.201042 0.306250
3 0.956771 0.426389 0.032292 0.248611
14 0.964323 0.318056 0.071354 0.058333
19 0.954948 0.327778 0.077604 0.066667
26 0.944271 0.200347 0.111458 0.193750
11 0.929688 0.107292 0.108333 0.139583
13 0.943750 0.038194 0.047917 0.076389
10 0.878385 0.040972 0.099479 0.081944
13 0.836458 0.159722 0.068750 0.187500
16 0.536719 0.069792 0.011979 0.024306
16 0.495052 0.009375 0.026562 0.018750
16 0.459375 0.006597 0.018750 0.013194
16 0.424740 0.005556 0.017188 0.011111
16 0.453646 0.052431 0.018750 0.028472
16 0.433594 0.031250 0.019271 0.025000
16 0.363802 0.043750 0.022396 0.025000
16 0.324740 0.045139 0.019271 0.029167
21 0.437500 0.063889 0.255208 0.127778
17 0.513021 0.133681 0.094792 0.029861
17 0.503385 0.158681 0.089063 0.028472
17 0.476042 0.183333 0.036458 0.018056
17 0.513281 0.300000 0.104688 0.029167
18 0.361979 0.262847 0.114583 0.038194
18 0.492708 0.365972 0.113542 0.025000
9 0.525000 0.292708 0.093750 0.024306
1 0.688281 0.228819 0.298438 0.457639
29 0.031250 0.081597 0.062500 0.163194
