11 0.348438 0.486574 0.125000 0.126852
10 0.321615 0.429167 0.069271 0.100926
14 0.338281 0.367593 0.048438 0.094444
27 0.246875 0.589352 0.175000 0.156481
10 0.178646 0.562500 0.077083 0.119444
13 0.178906 0.505556 0.079687 0.072222
13 0.218490 0.409722 0.055729 0.095370
12 0.242448 0.438426 0.049479 0.099074
26 0.285417 0.386111 0.067708 0.129630
5 0.338021 0.347222 0.046875 0.066667
19 0.354167 0.395833 0.031250 0.071296
17 0.274479 0.500000 0.012500 0.029630
17 0.254688 0.512037 0.016667 0.027778
16 0.422656 0.467593 0.010937 0.016667
16 0.436198 0.476389 0.007812 0.015741
16 0.441146 0.489352 0.010417 0.013889
16 0.486458 0.513889 0.008333 0.018519
16 0.497656 0.522685 0.011979 0.017593
16 0.482552 0.549074 0.009896 0.016667
16 0.471094 0.540741 0.009896 0.014815
16 0.465625 0.534722 0.008333 0.015741
16 0.454688 0.526852 0.010417 0.012963
16 0.444531 0.518981 0.008854 0.015741
16 0.434375 0.510648 0.008333 0.013889
16 0.411198 0.503704 0.008854 0.012963
16 0.402344 0.497685 0.008854 0.015741
21 0.455469 0.532407 0.109896 0.127778
14 0.341406 0.572685 0.047396 0.100926
19 0.352083 0.600463 0.043750 0.086111
15 0.200260 0.714815 0.055729 0.088889
20 0.217708 0.737963 0.048958 0.074074
28 0.287240 0.864815 0.092188 0.157407
30 0.361979 0.687037 0.053125 0.083333
22 0.377083 0.786574 0.112500 0.200926
24 0.507292 0.949074 0.134375 0.103704
16 0.453125 0.353704 0.019792 0.018519
29 0.473958 0.372685 0.053125 0.045370
3 0.369792 0.204167 0.104167 0.173148
7 0.432031 0.306481 0.031771 0.053704
1 0.351042 0.171759 0.077083 0.115741
0 0.506510 0.392593 0.084896 0.096296
16 0.262760 0.567130 0.016146 0.045370
