14 0.897656 0.472569 0.119271 0.124306
2 0.809375 0.587153 0.058333 0.289583
11 0.689323 0.374306 0.164062 0.300000
3 0.905729 0.510417 0.188542 0.041667
14 0.550000 0.216319 0.045833 0.127083
19 0.541667 0.254167 0.047917 0.102778
28 0.436719 0.113889 0.077604 0.094444
0 0.400260 0.550000 0.183854 0.375000
16 0.663021 0.178125 0.030208 0.047917
17 0.817969 0.291319 0.055729 0.035417
26 0.933333 0.384722 0.133333 0.191667
13 0.881771 0.227083 0.085417 0.115278
10 0.807031 0.373958 0.154688 0.165972
10 0.804948 0.170833 0.113021 0.137500
19 0.852604 0.514583 0.063542 0.091667
29 0.551562 0.556597 0.205208 0.068750
16 0.457552 0.428125 0.051562 0.065972
21 0.470313 0.404167 0.235417 0.106944
24 0.210417 0.213889 0.102083 0.100000
7 0.771354 0.503819 0.115625 0.022917
16 0.363542 0.365972 0.016667 0.025000
16 0.391146 0.364931 0.015625 0.024306
16 0.405469 0.361458 0.015104 0.018750
16 0.434375 0.362500 0.016667 0.018056
16 0.461719 0.365625 0.018229 0.025694
16 0.491146 0.369792 0.021875 0.022917
16 0.573698 0.357292 0.020313 0.022917
16 0.577604 0.421181 0.023958 0.020139
16 0.531250 0.417708 0.018750 0.024306
16 0.501563 0.419097 0.018750 0.031250
5 0.967448 0.531944 0.065104 0.141667
12 0.908073 0.312847 0.039062 0.061806
15 0.598698 0.078125 0.023438 0.100694
20 0.589063 0.107639 0.028125 0.084722
22 0.384115 0.200694 0.091146 0.119444
30 0.457552 0.226389 0.067187 0.065278
27 0.661719 0.150694 0.143229 0.301389
5 0.958333 0.290278 0.083333 0.101389
16 0.546094 0.358681 0.021354 0.027083
34 0.027083 0.341667 0.054167 0.041667
