0 0.508594 0.589931 0.168229 0.242361
24 0.627083 0.574653 0.140625 0.125694
25 0.705990 0.538194 0.121354 0.143056
1 0.798698 0.555903 0.198437 0.213194
3 0.846354 0.531944 0.055208 0.126389
2 0.888281 0.557292 0.053646 0.114583
14 0.957552 0.492708 0.084896 0.095139
19 0.934635 0.520833 0.072396 0.091667
26 0.957031 0.380556 0.085938 0.202778
10 0.862760 0.389236 0.139063 0.196528
11 0.751302 0.394792 0.152604 0.165972
17 0.874479 0.312153 0.051042 0.018750
29 0.923438 0.330903 0.029167 0.043750
13 0.986979 0.282986 0.026042 0.038194
13 0.933594 0.255208 0.081771 0.104861
10 0.856510 0.205208 0.104688 0.127083
16 0.764323 0.229861 0.018229 0.045833
27 0.731771 0.188194 0.131250 0.272222
20 0.654948 0.156944 0.021354 0.077778
15 0.661979 0.123611 0.017708 0.087500
30 0.538281 0.262500 0.059896 0.058333
16 0.620833 0.339931 0.012500 0.025694
16 0.598437 0.339931 0.017708 0.022917
16 0.625521 0.391319 0.013542 0.024306
16 0.573698 0.389583 0.014063 0.026389
16 0.547396 0.389583 0.014583 0.023611
16 0.522656 0.350000 0.014063 0.022222
16 0.522917 0.389583 0.013542 0.022222
16 0.499740 0.350347 0.017188 0.021528
16 0.475781 0.348264 0.013021 0.024306
16 0.463021 0.347917 0.012500 0.023611
21 0.530729 0.381944 0.213542 0.087500
19 0.483073 0.458333 0.051562 0.115278
14 0.457031 0.413194 0.072396 0.156944
22 0.473438 0.263542 0.081250 0.111806
28 0.514583 0.161458 0.069792 0.085417
34 0.119531 0.362153 0.058854 0.035417
