2 0.775781 0.601736 0.058854 0.279861
19 0.825260 0.528819 0.076563 0.084028
14 0.860938 0.489236 0.114583 0.121528
13 0.926302 0.319097 0.098437 0.107639
16 0.340625 0.381250 0.017708 0.020833
1 0.593490 0.682292 0.177604 0.238194
14 0.524219 0.237847 0.049479 0.120139
19 0.515104 0.275694 0.050000 0.100000
28 0.413802 0.135417 0.077604 0.094444
0 0.446875 0.730208 0.150000 0.265972
27 0.632031 0.168056 0.138021 0.304167
13 0.844531 0.254514 0.081771 0.110417
10 0.775260 0.394444 0.147396 0.158333
10 0.770312 0.198958 0.110417 0.135417
5 0.935417 0.583333 0.079167 0.208333
29 0.460156 0.548611 0.222396 0.072222
16 0.447656 0.547917 0.018229 0.040278
21 0.441406 0.419792 0.239063 0.103472
24 0.187500 0.226736 0.103125 0.097917
30 0.433594 0.246875 0.066146 0.064583
15 0.573177 0.099306 0.030729 0.090278
20 0.567708 0.134028 0.029167 0.088889
17 0.783333 0.314583 0.053125 0.031944
16 0.366146 0.383333 0.015625 0.025000
16 0.380990 0.382639 0.014063 0.026389
16 0.408854 0.383333 0.016667 0.025000
16 0.436458 0.382292 0.014583 0.027083
16 0.418750 0.413542 0.014583 0.025694
16 0.545312 0.375694 0.018750 0.025000
16 0.663802 0.210417 0.020313 0.050000
16 0.548438 0.435069 0.023958 0.020139
16 0.505208 0.435417 0.016667 0.025000
16 0.363021 0.428819 0.018750 0.021528
16 0.333073 0.428125 0.014063 0.027083
16 0.465365 0.385069 0.021354 0.022917
12 0.869792 0.336458 0.037500 0.060417
16 0.518490 0.372917 0.022396 0.020833
22 0.360938 0.219792 0.090625 0.118750
26 0.915885 0.404861 0.168229 0.183333
11 0.661198 0.396528 0.160938 0.291667
3 0.603906 0.622569 0.226562 0.099306
34 0.013021 0.346528 0.026042 0.034722
