1 0.726302 0.605093 0.059896 0.219444
10 0.675781 0.507870 0.081771 0.186111
27 0.610417 0.331481 0.112500 0.281481
34 0.099219 0.437037 0.078646 0.062963
28 0.444531 0.233796 0.057813 0.110185
15 0.562240 0.201389 0.016146 0.056481
20 0.557813 0.220833 0.013542 0.043519
16 0.619010 0.382407 0.010937 0.018519
16 0.516667 0.499537 0.008333 0.021296
16 0.504167 0.499537 0.009375 0.015741
16 0.517188 0.549074 0.008333 0.022222
16 0.488802 0.551852 0.007812 0.020370
16 0.475260 0.552778 0.010937 0.014815
16 0.460156 0.516204 0.009896 0.017593
16 0.460677 0.552778 0.007812 0.020370
16 0.438281 0.553704 0.009896 0.014815
16 0.445833 0.515741 0.010417 0.016667
16 0.431510 0.515278 0.007812 0.021296
16 0.423698 0.513889 0.007812 0.020370
16 0.410938 0.516667 0.013542 0.016667
16 0.410677 0.551852 0.008854 0.020370
16 0.424479 0.551852 0.008333 0.020370
21 0.465365 0.526389 0.123438 0.069444
10 0.735156 0.252315 0.098437 0.125000
13 0.812240 0.289352 0.070312 0.139815
13 0.855990 0.442130 0.102604 0.117593
12 0.828906 0.454630 0.090104 0.111111
17 0.718490 0.406944 0.046354 0.025000
17 0.715625 0.440278 0.040625 0.050926
29 0.765885 0.432407 0.032813 0.085185
5 0.809635 0.663426 0.056771 0.221296
26 0.766406 0.543519 0.095312 0.174074
6 0.672135 0.525926 0.006771 0.011111
2 0.714844 0.529167 0.088021 0.086111
3 0.649740 0.696759 0.035937 0.213889
11 0.594531 0.537500 0.086979 0.110185
30 0.467187 0.389352 0.041667 0.052778
22 0.423698 0.387037 0.051562 0.127778
14 0.425000 0.625000 0.038542 0.046296
19 0.441667 0.611574 0.026042 0.045370
24 0.513802 0.676852 0.069271 0.088889
25 0.583594 0.671296 0.071354 0.088889
0 0.456250 0.704167 0.079167 0.180556
