12 0.890365 0.332986 0.033854 0.053472
34 0.027865 0.303125 0.055729 0.038194
24 0.220052 0.191319 0.104688 0.090972
22 0.393750 0.192361 0.089583 0.113889
28 0.446354 0.113194 0.073958 0.091667
30 0.465365 0.221875 0.064062 0.068750
14 0.555990 0.215972 0.048438 0.119444
19 0.545312 0.252083 0.048958 0.100000
16 0.668229 0.189583 0.029167 0.038889
15 0.602604 0.091319 0.028125 0.095139
20 0.594010 0.118750 0.030729 0.080556
27 0.664323 0.167014 0.133854 0.299306
10 0.795833 0.195139 0.107292 0.136111
13 0.868229 0.254514 0.081250 0.110417
13 0.947656 0.322222 0.094271 0.112500
17 0.806510 0.306250 0.052604 0.030556
26 0.922656 0.404861 0.144271 0.188889
14 0.877344 0.476736 0.118229 0.111806
19 0.839323 0.515625 0.078646 0.088194
5 0.950521 0.579514 0.073958 0.210417
2 0.757812 0.592014 0.057292 0.253472
11 0.681250 0.343403 0.157292 0.284028
16 0.574219 0.351042 0.016146 0.027083
16 0.548177 0.347222 0.021354 0.025000
16 0.494531 0.353819 0.016146 0.027083
16 0.465104 0.349306 0.016667 0.026389
16 0.441927 0.350694 0.019271 0.023611
16 0.451823 0.391667 0.021354 0.031944
16 0.413021 0.346875 0.014583 0.027083
16 0.397917 0.346528 0.015625 0.026389
16 0.371354 0.346528 0.019792 0.022222
16 0.365104 0.386806 0.016667 0.027778
16 0.392448 0.390972 0.020313 0.023611
16 0.530990 0.397569 0.016146 0.013194
21 0.468490 0.383333 0.230729 0.104167
16 0.515104 0.471528 0.038542 0.037500
29 0.494010 0.498264 0.134896 0.068750
3 0.591406 0.588194 0.218229 0.105556
1 0.605469 0.509028 0.216146 0.230556
0 0.405208 0.549653 0.148958 0.256250
10 0.803125 0.382292 0.132292 0.167361
