1 0.492188 0.319444 0.076042 0.100000
27 0.442708 0.361111 0.127083 0.242593
24 0.184896 0.897685 0.155208 0.210185
28 0.296094 0.541667 0.076563 0.120370
22 0.337500 0.631944 0.112500 0.149074
30 0.393750 0.571759 0.052083 0.095370
29 0.426563 0.620833 0.072917 0.176852
19 0.449479 0.512037 0.029167 0.083333
14 0.449740 0.481019 0.026562 0.112037
16 0.469010 0.359722 0.010937 0.023148
16 0.452083 0.354167 0.007292 0.019444
20 0.362240 0.409722 0.018229 0.086111
15 0.358073 0.378704 0.018229 0.098148
17 0.512240 0.343056 0.021354 0.045370
17 0.521875 0.359722 0.022917 0.026852
10 0.457292 0.287037 0.062500 0.116667
13 0.497656 0.248148 0.051562 0.051852
13 0.560937 0.221296 0.057292 0.061111
26 0.595833 0.263426 0.061458 0.047222
10 0.563802 0.412500 0.049479 0.089815
2 0.642708 0.465741 0.104167 0.079630
11 0.537240 0.464815 0.084896 0.161111
0 0.589063 0.501852 0.089583 0.157407
16 0.534115 0.537500 0.010937 0.021296
16 0.564844 0.556944 0.013021 0.025000
16 0.529167 0.556481 0.010417 0.027778
16 0.558073 0.582870 0.011979 0.019444
16 0.545312 0.595370 0.012500 0.018519
16 0.525521 0.595370 0.015625 0.014815
16 0.520052 0.617130 0.013021 0.019444
16 0.514062 0.638889 0.009375 0.024074
16 0.506510 0.666204 0.016146 0.017593
16 0.503385 0.676389 0.013021 0.023148
16 0.497135 0.703241 0.015104 0.019444
16 0.530208 0.695833 0.016667 0.019444
16 0.523958 0.722685 0.015625 0.019444
21 0.523177 0.650000 0.092188 0.225926
