21 0.560937 0.362500 0.078125 0.117593
14 0.632552 0.424537 0.034896 0.123148
1 0.577865 0.492593 0.123438 0.146296
17 0.496354 0.781944 0.061458 0.080556
17 0.519792 0.805093 0.046875 0.097222
13 0.358594 0.928241 0.165104 0.143519
5 0.258854 0.799074 0.161458 0.246296
14 0.374219 0.510185 0.045312 0.057407
26 0.396094 0.672222 0.142187 0.290741
10 0.467708 0.599537 0.088542 0.193519
11 0.532552 0.501852 0.069271 0.200000
16 0.570573 0.302315 0.009896 0.019444
16 0.564323 0.313426 0.013021 0.021296
16 0.542969 0.361574 0.010937 0.019444
16 0.528906 0.375000 0.009896 0.024074
16 0.588542 0.312500 0.010417 0.019444
16 0.551562 0.393981 0.008333 0.015741
16 0.546094 0.401852 0.007812 0.016667
16 0.558333 0.362500 0.008333 0.017593
16 0.565885 0.350463 0.011979 0.012037
16 0.572135 0.337500 0.009896 0.012037
16 0.579427 0.325926 0.008854 0.012963
16 0.582812 0.318056 0.008333 0.013889
0 0.490104 0.356944 0.062500 0.078704
16 0.638021 0.544907 0.012500 0.019444
27 0.658594 0.580093 0.210938 0.250926
19 0.629427 0.450463 0.028646 0.087963
29 0.636198 0.387500 0.053646 0.113889
30 0.675000 0.430556 0.044792 0.085185
22 0.715625 0.397222 0.089583 0.114815
24 0.755990 0.292130 0.052604 0.089815
28 0.782031 0.462037 0.077604 0.114815
20 0.758073 0.617130 0.041146 0.093519
15 0.770052 0.586111 0.047396 0.118519
10 0.636458 0.888889 0.153125 0.224074
34 0.753125 0.186111 0.011458 0.061111
