27 0.578125 0.555208 0.161458 0.339583
1 0.639062 0.562847 0.157292 0.163194
28 0.338021 0.564583 0.083333 0.105556
22 0.307292 0.711458 0.088542 0.163194
30 0.374479 0.693403 0.073958 0.086806
16 0.277865 0.851042 0.021354 0.020139
16 0.301823 0.845139 0.015104 0.029167
16 0.314323 0.840972 0.015104 0.029167
16 0.340625 0.836111 0.019792 0.026389
16 0.365885 0.829861 0.021354 0.026389
16 0.279167 0.898958 0.017708 0.028472
16 0.302865 0.896181 0.017188 0.029861
16 0.329167 0.892361 0.021875 0.022222
16 0.369531 0.881597 0.017188 0.031250
16 0.397656 0.875347 0.021354 0.025694
16 0.425260 0.865972 0.018229 0.031944
16 0.443750 0.789236 0.019792 0.025694
16 0.469010 0.781597 0.016146 0.029861
21 0.388802 0.851389 0.231771 0.151389
14 0.329167 0.970833 0.083333 0.056944
19 0.363802 0.979514 0.055729 0.039583
15 0.477865 0.482292 0.024479 0.107639
20 0.479687 0.503472 0.019792 0.080556
16 0.563542 0.592014 0.027083 0.045139
17 0.742969 0.580903 0.056771 0.027083
10 0.703125 0.466667 0.111458 0.127778
13 0.791927 0.472222 0.090104 0.118056
13 0.891406 0.510417 0.113021 0.104167
29 0.801302 0.578819 0.036979 0.072917
26 0.866927 0.636458 0.140104 0.222917
5 0.954688 0.764931 0.090625 0.200694
14 0.873698 0.776389 0.058854 0.079167
11 0.616927 0.825347 0.147396 0.210417
