22 0.508594 0.293056 0.133854 0.240278
29 0.052604 0.135417 0.094792 0.241667
16 0.356250 0.062500 0.020833 0.034722
16 0.391406 0.061806 0.022396 0.029167
16 0.409896 0.059028 0.019792 0.031944
16 0.346615 0.118056 0.020313 0.034722
16 0.384635 0.116319 0.024479 0.028472
16 0.447135 0.065278 0.022396 0.036111
16 0.457292 0.097917 0.020833 0.027778
16 0.483333 0.063542 0.021875 0.031250
16 0.516406 0.071181 0.021354 0.031250
16 0.496615 0.122917 0.019271 0.031944
16 0.569531 0.131250 0.022396 0.031944
16 0.589063 0.065278 0.029167 0.031944
16 0.623698 0.073958 0.024479 0.031250
16 0.623698 0.145139 0.028646 0.030556
21 0.484896 0.118750 0.301042 0.145833
12 0.721615 0.103125 0.161979 0.206250
23 0.748177 0.250694 0.153646 0.186111
17 0.517448 0.193056 0.116146 0.030556
17 0.515625 0.222569 0.115625 0.029861
17 0.513802 0.254167 0.118229 0.029167
17 0.511719 0.289931 0.119271 0.036806
17 0.510938 0.319097 0.119792 0.029861
17 0.506510 0.371181 0.113021 0.042361
0 0.376823 0.424653 0.183854 0.281250
1 0.638542 0.432986 0.172917 0.263194
4 0.718750 0.417014 0.214583 0.321528
5 0.885938 0.435069 0.079167 0.374306
13 0.873437 0.123264 0.127083 0.246528
10 0.907813 0.055903 0.141667 0.111806
11 0.962240 0.136111 0.075521 0.150000
26 0.969792 0.263194 0.060417 0.155556
19 0.983854 0.382292 0.032292 0.061806
18 0.511198 0.360764 0.101562 0.022917
