10 0.557031 0.600000 0.076563 0.188889
27 0.540365 0.375926 0.115104 0.224074
14 0.315625 0.418056 0.042708 0.125000
34 0.223177 0.248611 0.052604 0.025000
19 0.328385 0.460185 0.034896 0.075926
22 0.403646 0.351389 0.070833 0.099074
28 0.460938 0.293056 0.047917 0.080556
30 0.430469 0.375000 0.042188 0.064815
16 0.534896 0.409259 0.008333 0.009259
2 0.561979 0.399537 0.035417 0.062037
6 0.544531 0.559259 0.007812 0.016667
1 0.532031 0.496759 0.095312 0.171296
10 0.673438 0.457407 0.094792 0.159259
13 0.742448 0.536574 0.073438 0.123148
13 0.752083 0.653704 0.119792 0.187037
12 0.728385 0.724537 0.102604 0.145370
26 0.617969 0.648611 0.099479 0.241667
29 0.656510 0.676389 0.052604 0.186111
14 0.536979 0.697222 0.031250 0.101852
19 0.534375 0.728704 0.032292 0.081481
11 0.460677 0.515278 0.072396 0.121296
16 0.335156 0.407870 0.009896 0.013889
16 0.343750 0.413889 0.008333 0.012963
16 0.352604 0.426852 0.008333 0.016667
16 0.349219 0.387500 0.007812 0.013889
16 0.357292 0.395370 0.007292 0.012963
16 0.362500 0.399074 0.008333 0.012963
16 0.371875 0.407870 0.009375 0.012037
16 0.381250 0.417130 0.009375 0.012037
16 0.416146 0.437963 0.012500 0.012963
16 0.426042 0.446759 0.011458 0.013889
16 0.408073 0.474074 0.008854 0.014815
16 0.377865 0.447222 0.009896 0.014815
21 0.383854 0.446296 0.106250 0.125926
24 0.353385 0.581944 0.089063 0.126852
25 0.397656 0.632870 0.066146 0.113889
0 0.297917 0.543981 0.115625 0.117593
5 0.647135 0.881019 0.114062 0.241667
16 0.365885 0.441204 0.009896 0.017593
15 0.542969 0.312963 0.014063 0.077778
