29 0.064062 0.595833 0.104167 0.269444
24 0.193229 0.376736 0.132292 0.115972
17 0.498698 0.253125 0.070312 0.034028
28 0.497396 0.304861 0.102083 0.126389
0 0.421875 0.242361 0.125000 0.147222
1 0.567708 0.223958 0.120833 0.129861
10 0.911458 0.420139 0.127083 0.129167
10 0.920573 0.521875 0.130729 0.156250
27 0.792188 0.301042 0.132292 0.168750
11 0.966406 0.626389 0.067187 0.140278
13 0.983333 0.497569 0.033333 0.125694
16 0.443229 0.394792 0.021875 0.022917
16 0.391927 0.703472 0.020313 0.038889
16 0.382552 0.776042 0.022396 0.042361
16 0.429688 0.711458 0.020833 0.038194
16 0.448958 0.711806 0.018750 0.038889
16 0.485938 0.719792 0.023958 0.034028
16 0.496094 0.771181 0.020313 0.038194
16 0.422135 0.780556 0.022396 0.037500
16 0.516146 0.796875 0.019792 0.039583
16 0.523177 0.725000 0.020313 0.038889
16 0.560937 0.732986 0.027083 0.025694
16 0.605990 0.807986 0.021354 0.036806
16 0.626563 0.715278 0.021875 0.025000
16 0.653906 0.812847 0.020313 0.029861
21 0.514844 0.748611 0.298438 0.161111
30 0.516146 0.493056 0.088542 0.093056
17 0.575521 0.861806 0.110417 0.019444
17 0.574479 0.895139 0.110417 0.018056
17 0.573438 0.928472 0.112500 0.018056
17 0.571354 0.961111 0.112500 0.018056
17 0.569010 0.992014 0.114062 0.015972
22 0.567187 0.915625 0.125000 0.168750
