16 0.410417 0.738194 0.019792 0.026389
24 0.080469 0.557986 0.090104 0.120139
22 0.244010 0.520486 0.082812 0.146528
30 0.319271 0.534028 0.069792 0.081944
28 0.286719 0.411458 0.079687 0.100694
14 0.394010 0.515972 0.042188 0.116667
19 0.403385 0.550000 0.047396 0.093056
16 0.546094 0.404167 0.014063 0.018056
27 0.511719 0.396181 0.160938 0.315972
15 0.429688 0.330556 0.018750 0.093056
19 0.432812 0.362500 0.019792 0.086111
10 0.655208 0.345139 0.103125 0.111111
13 0.738021 0.367708 0.085417 0.110417
13 0.830208 0.405556 0.106250 0.088889
12 0.777083 0.451042 0.035417 0.081250
26 0.825260 0.520139 0.143229 0.194444
5 0.891667 0.676042 0.108333 0.193750
14 0.816406 0.609375 0.045312 0.068750
2 0.678646 0.769792 0.077083 0.167361
11 0.557292 0.597917 0.179167 0.305556
16 0.443490 0.655556 0.016146 0.030556
16 0.415885 0.664583 0.023438 0.026389
16 0.455729 0.723958 0.019792 0.025694
16 0.362500 0.693403 0.015625 0.029861
16 0.334896 0.701389 0.014583 0.026389
16 0.309896 0.707986 0.020833 0.025694
16 0.326302 0.756944 0.018229 0.027778
16 0.282813 0.713889 0.015625 0.031944
16 0.267188 0.717708 0.016667 0.025694
16 0.242969 0.723958 0.022396 0.021528
16 0.244010 0.776389 0.017188 0.030556
16 0.269792 0.771875 0.021875 0.024306
29 0.389062 0.846181 0.219792 0.107639
21 0.355990 0.728819 0.235937 0.147917
3 0.504948 0.888194 0.223438 0.191667
16 0.537500 0.375694 0.025000 0.045833
1 0.604688 0.382292 0.134375 0.150694
