34 0.139323 0.346875 0.070312 0.054861
28 0.538542 0.093056 0.081250 0.100000
22 0.497135 0.206250 0.089063 0.134722
30 0.568229 0.199306 0.070833 0.070833
16 0.462240 0.302431 0.019271 0.018750
16 0.487500 0.298958 0.015625 0.025694
16 0.501563 0.296875 0.015625 0.024306
16 0.527083 0.295486 0.020833 0.021528
16 0.553125 0.294792 0.020833 0.021528
16 0.458333 0.340625 0.017708 0.024306
16 0.482812 0.338194 0.014583 0.019444
16 0.552865 0.337153 0.016146 0.028472
16 0.580729 0.336458 0.017708 0.022917
16 0.609115 0.335069 0.016146 0.025694
16 0.665365 0.332639 0.016146 0.025000
16 0.659115 0.278472 0.016146 0.025000
16 0.634635 0.278819 0.019271 0.021528
21 0.564583 0.330903 0.234375 0.103472
14 0.508333 0.392014 0.060417 0.135417
19 0.520573 0.431250 0.060937 0.106944
6 0.642708 0.541319 0.070833 0.056250
24 0.657813 0.561806 0.170833 0.173611
0 0.528385 0.599306 0.194271 0.320833
15 0.696354 0.048958 0.020833 0.097917
20 0.691406 0.070486 0.021354 0.086806
16 0.816406 0.150694 0.024479 0.052778
27 0.779427 0.131250 0.149479 0.261111
10 0.914844 0.120833 0.119271 0.144444
13 0.976562 0.175000 0.046875 0.119444
11 0.784115 0.331250 0.131771 0.180556
2 0.829167 0.376042 0.341667 0.334028
1 0.890625 0.426042 0.218750 0.434028
