27 0.539583 0.392130 0.111458 0.258333
29 0.302083 0.537963 0.058333 0.174074
7 0.330729 0.520833 0.017708 0.041667
34 0.223438 0.249074 0.054167 0.027778
24 0.340625 0.270370 0.065625 0.068519
28 0.460938 0.293519 0.047917 0.079630
22 0.418229 0.321296 0.056250 0.068519
30 0.428125 0.375000 0.023958 0.064815
14 0.446615 0.387963 0.022396 0.088889
19 0.450521 0.416204 0.025000 0.075000
16 0.329688 0.436111 0.011458 0.014815
16 0.338802 0.443981 0.007812 0.013889
16 0.344010 0.450463 0.007812 0.017593
16 0.313802 0.457407 0.011979 0.018519
16 0.322396 0.467130 0.008333 0.019444
16 0.403385 0.492130 0.006771 0.012037
16 0.410677 0.501852 0.009896 0.016667
21 0.365625 0.481481 0.111458 0.105556
3 0.369531 0.410648 0.073438 0.206481
16 0.319531 0.551389 0.024479 0.047222
1 0.384896 0.432407 0.075000 0.225926
0 0.269010 0.506944 0.097396 0.117593
16 0.528125 0.385648 0.009375 0.019444
11 0.473958 0.520833 0.112500 0.239815
10 0.673438 0.456944 0.094792 0.160185
13 0.742448 0.538426 0.073438 0.125000
13 0.758854 0.652778 0.120833 0.188889
12 0.728646 0.716667 0.101042 0.159259
10 0.528385 0.603704 0.083854 0.185185
26 0.616927 0.643056 0.109896 0.213889
14 0.534635 0.688889 0.052604 0.100000
19 0.520833 0.720833 0.033333 0.080556
2 0.454167 0.759259 0.113542 0.209259
5 0.646875 0.881481 0.115625 0.240741
15 0.542708 0.312500 0.013542 0.080556
