11 0.534635 0.443981 0.102604 0.210185
27 0.442969 0.361574 0.126562 0.237963
2 0.644010 0.461574 0.106771 0.091667
13 0.560937 0.234259 0.057292 0.085185
13 0.497656 0.262037 0.051562 0.077778
10 0.457292 0.287500 0.061458 0.113889
17 0.511458 0.337963 0.019792 0.035185
17 0.535677 0.352778 0.013021 0.022222
26 0.590885 0.314815 0.070312 0.151852
10 0.569531 0.379167 0.061979 0.115741
12 0.547135 0.289352 0.027604 0.056481
14 0.622917 0.359722 0.028125 0.130556
19 0.616927 0.404167 0.029687 0.069444
3 0.669271 0.281944 0.032292 0.289815
1 0.674740 0.224074 0.072396 0.209259
7 0.654948 0.454630 0.008854 0.081481
16 0.639323 0.541667 0.018229 0.042593
0 0.627083 0.675463 0.097917 0.202778
16 0.446615 0.377315 0.021354 0.043519
15 0.357292 0.377315 0.014583 0.093519
20 0.362760 0.406019 0.018229 0.082407
14 0.450000 0.483796 0.026042 0.115741
19 0.449740 0.512037 0.028646 0.087037
16 0.533854 0.538426 0.013542 0.019444
16 0.564844 0.553704 0.009896 0.020370
16 0.528906 0.551852 0.008854 0.016667
16 0.545312 0.593981 0.011458 0.017593
16 0.524219 0.597222 0.011979 0.016667
16 0.520052 0.616667 0.010937 0.014815
16 0.514062 0.639352 0.009375 0.021296
16 0.506771 0.663889 0.013542 0.014815
16 0.503385 0.676389 0.010937 0.021296
16 0.496875 0.704167 0.010417 0.021296
16 0.530208 0.695370 0.015625 0.016667
16 0.524219 0.722685 0.015104 0.021296
21 0.523438 0.651389 0.091667 0.221296
30 0.394271 0.572685 0.052083 0.095370
28 0.296094 0.542130 0.075521 0.119444
22 0.337240 0.631019 0.111979 0.149074
24 0.184896 0.898148 0.153125 0.207407
29 0.630208 0.593056 0.065625 0.113889
5 0.636198 0.340741 0.047396 0.048148
