29 0.040625 0.104167 0.081250 0.208333
16 0.347656 0.025347 0.019271 0.035417
16 0.382812 0.028125 0.021875 0.034028
16 0.402344 0.027083 0.019271 0.036111
16 0.336719 0.081944 0.020313 0.036111
16 0.375781 0.079514 0.023438 0.029861
16 0.440365 0.033681 0.021354 0.036806
16 0.450260 0.070486 0.022396 0.038194
16 0.474479 0.038542 0.021875 0.039583
16 0.508854 0.043056 0.020833 0.031944
16 0.580729 0.043403 0.026042 0.029861
16 0.614844 0.052431 0.023438 0.027083
16 0.612500 0.123958 0.029167 0.031250
16 0.560417 0.107986 0.022917 0.035417
21 0.472396 0.090278 0.300000 0.155556
17 0.508333 0.161111 0.114583 0.033333
17 0.505208 0.190972 0.117708 0.036111
17 0.504948 0.220833 0.119271 0.036111
17 0.503385 0.251389 0.120313 0.034722
17 0.500521 0.285764 0.121875 0.034028
17 0.497396 0.337500 0.110417 0.034722
18 0.499219 0.411458 0.117188 0.025694
16 0.327344 0.302431 0.070312 0.103472
22 0.498698 0.259375 0.134896 0.240972
12 0.710938 0.090625 0.160417 0.181250
18 0.730208 0.234375 0.146875 0.189583
13 0.843229 0.086458 0.089583 0.172917
4 0.788542 0.232639 0.422917 0.169444
1 0.908333 0.249653 0.183333 0.421528
8 0.563281 0.314931 0.046354 0.028472
0 0.263281 0.442708 0.195312 0.353472
10 0.897917 0.043056 0.128125 0.086111
