27 0.540365 0.390278 0.113021 0.256481
22 0.411719 0.333796 0.070312 0.097222
29 0.398958 0.403241 0.075000 0.086111
5 0.646875 0.880093 0.117708 0.243519
26 0.617188 0.643056 0.112500 0.217593
12 0.729427 0.715741 0.104688 0.164815
13 0.758854 0.652315 0.121875 0.191667
13 0.742448 0.538426 0.074479 0.126852
10 0.673177 0.456944 0.096354 0.160185
14 0.534375 0.688426 0.054167 0.102778
19 0.520052 0.715278 0.033854 0.093519
2 0.453906 0.758796 0.115104 0.210185
10 0.535417 0.616667 0.071875 0.164815
1 0.538802 0.387963 0.045312 0.074074
11 0.451302 0.507407 0.059896 0.118519
0 0.392708 0.535648 0.112500 0.117593
16 0.313281 0.457407 0.011979 0.018519
16 0.322396 0.468519 0.008333 0.020370
16 0.329688 0.437037 0.011458 0.020370
16 0.353125 0.457407 0.010417 0.018519
16 0.363542 0.466667 0.010417 0.018519
16 0.373958 0.475926 0.010417 0.016667
16 0.368490 0.498611 0.011979 0.017593
16 0.372917 0.517593 0.009375 0.016667
16 0.400000 0.490278 0.012500 0.013889
16 0.411198 0.500000 0.007812 0.009259
16 0.338542 0.443981 0.012500 0.012037
16 0.342969 0.448611 0.006771 0.015741
21 0.360156 0.484259 0.101562 0.111111
30 0.425521 0.374537 0.031250 0.063889
19 0.450781 0.415741 0.025521 0.077778
14 0.446354 0.389352 0.023958 0.091667
24 0.340625 0.269444 0.066667 0.068519
28 0.460938 0.293519 0.047917 0.079630
34 0.229948 0.250463 0.040104 0.021296
