34 0.030729 0.199306 0.061458 0.043056
29 0.125260 0.215625 0.085938 0.178472
24 0.228385 0.072569 0.103646 0.089583
16 0.419010 0.047569 0.018229 0.020139
28 0.457813 0.020486 0.073958 0.040972
30 0.471094 0.097569 0.064062 0.061806
14 0.566406 0.089236 0.050521 0.120139
19 0.555469 0.127778 0.049479 0.101389
17 0.688021 0.035764 0.060417 0.020139
27 0.672917 0.077431 0.134375 0.154861
12 0.661198 0.192708 0.121354 0.154861
10 0.813281 0.073611 0.108854 0.093056
10 0.815625 0.147222 0.119792 0.151389
13 0.774219 0.254167 0.114062 0.243056
13 0.892969 0.154167 0.064062 0.094444
11 0.885938 0.234375 0.094792 0.120139
26 0.928646 0.306250 0.142708 0.191667
14 0.949219 0.400694 0.086979 0.083333
19 0.928125 0.422222 0.072917 0.075000
3 0.941667 0.530903 0.041667 0.202083
5 0.776302 0.490625 0.097396 0.117361
23 0.687500 0.329514 0.123958 0.145139
22 0.517708 0.369792 0.092708 0.177083
17 0.517708 0.294792 0.087500 0.022917
17 0.518490 0.315625 0.088021 0.022917
17 0.531250 0.379167 0.055208 0.054167
16 0.380990 0.195486 0.014063 0.027083
16 0.407031 0.195486 0.016146 0.022917
16 0.421615 0.194792 0.013021 0.024306
16 0.448698 0.199306 0.016146 0.025000
16 0.474479 0.201042 0.013542 0.025694
16 0.501563 0.205208 0.020833 0.022917
16 0.554167 0.201389 0.020833 0.023611
16 0.579948 0.206944 0.019271 0.023611
16 0.578646 0.257639 0.022917 0.025000
16 0.537500 0.250347 0.016667 0.024306
16 0.469271 0.238542 0.015625 0.024306
16 0.454688 0.223611 0.015625 0.022222
16 0.401042 0.234028 0.016667 0.025000
16 0.372396 0.233333 0.015625 0.026389
21 0.475260 0.240278 0.229687 0.112500
0 0.414583 0.445833 0.240625 0.272222
1 0.646354 0.474306 0.223958 0.302778
4 0.767969 0.423611 0.113021 0.037500
2 0.955990 0.526042 0.032813 0.211806
