27 0.658594 0.578241 0.210938 0.252778
34 0.753385 0.186574 0.011979 0.060185
24 0.756510 0.291204 0.053646 0.089815
22 0.716146 0.397685 0.089583 0.115741
28 0.782292 0.462963 0.077083 0.114815
30 0.674219 0.431019 0.046354 0.086111
15 0.769792 0.581944 0.048958 0.110185
20 0.759635 0.610185 0.036979 0.092593
16 0.638542 0.529630 0.016667 0.020370
14 0.632812 0.421759 0.033333 0.115741
19 0.625781 0.452778 0.034896 0.090741
16 0.570312 0.300463 0.011458 0.017593
16 0.564063 0.313426 0.010417 0.019444
16 0.588542 0.310185 0.007292 0.022222
16 0.581510 0.317130 0.009896 0.013889
16 0.579167 0.327778 0.009375 0.014815
16 0.571615 0.338889 0.008854 0.012963
16 0.566406 0.350000 0.008854 0.014815
16 0.559375 0.362500 0.009375 0.015741
16 0.542708 0.361111 0.009375 0.014815
16 0.551042 0.395370 0.009375 0.014815
16 0.544792 0.409722 0.010417 0.013889
16 0.529948 0.372222 0.010937 0.016667
16 0.517969 0.391667 0.008854 0.016667
21 0.554427 0.373611 0.090104 0.137963
29 0.487240 0.280093 0.081771 0.130556
16 0.471615 0.280556 0.008854 0.014815
0 0.511458 0.246759 0.052083 0.082407
3 0.424479 0.141667 0.063542 0.201852
1 0.407031 0.144907 0.084896 0.189815
7 0.457813 0.249537 0.009375 0.028704
11 0.534635 0.497685 0.126562 0.189815
10 0.466927 0.586574 0.089063 0.221296
14 0.374740 0.511111 0.045312 0.051852
26 0.395313 0.673148 0.140625 0.285185
17 0.496615 0.781944 0.060937 0.078704
17 0.519792 0.805556 0.046875 0.096296
10 0.636719 0.890278 0.150521 0.219444
13 0.358594 0.929630 0.163021 0.144444
5 0.259375 0.799537 0.160417 0.243519
