29 0.036979 0.095833 0.073958 0.191667
16 0.323437 0.278125 0.069792 0.113194
0 0.259635 0.428819 0.201563 0.368750
18 0.514583 0.403819 0.121875 0.025694
17 0.527344 0.140625 0.122396 0.038194
17 0.525521 0.171528 0.123958 0.038889
17 0.522656 0.204861 0.126562 0.038889
17 0.520052 0.236806 0.127604 0.038889
17 0.518229 0.272569 0.128125 0.038194
17 0.514062 0.326736 0.116667 0.035417
8 0.551823 0.319444 0.039062 0.030556
4 0.782031 0.158681 0.435937 0.317361
1 0.891406 0.217014 0.217188 0.434028
23 0.735938 0.217014 0.111458 0.193750
22 0.515365 0.243403 0.145313 0.256250
5 0.899740 0.558333 0.032813 0.080556
3 0.995833 0.498264 0.008333 0.214583
19 0.982812 0.375000 0.034375 0.061111
26 0.978646 0.290278 0.042708 0.095833
12 0.735417 0.081250 0.164583 0.162500
16 0.638281 0.028472 0.026562 0.036111
16 0.636719 0.102778 0.029687 0.033333
16 0.582292 0.086806 0.028125 0.041667
16 0.603385 0.017708 0.028646 0.035417
16 0.530208 0.018403 0.032292 0.036806
16 0.490365 0.015278 0.022396 0.030556
16 0.453125 0.012153 0.023958 0.024306
16 0.464323 0.044097 0.024479 0.040972
16 0.386198 0.055903 0.025521 0.038194
16 0.413281 0.010069 0.016146 0.020139
16 0.395573 0.009722 0.021354 0.019444
16 0.357292 0.009028 0.019792 0.018056
16 0.344531 0.055903 0.023438 0.040972
21 0.487760 0.074653 0.317188 0.149306
11 0.987500 0.123958 0.025000 0.057639
