22 0.504687 0.350694 0.126042 0.236111
29 0.023698 0.141667 0.047396 0.231944
16 0.318229 0.087500 0.019792 0.033333
16 0.352083 0.088194 0.021875 0.029167
16 0.372656 0.080208 0.018229 0.022917
16 0.307812 0.149306 0.019792 0.038889
21 0.446354 0.145486 0.303125 0.149306
9 0.517448 0.206250 0.127604 0.073611
5 0.546094 0.102083 0.184896 0.204167
17 0.505990 0.252431 0.102604 0.024306
17 0.505990 0.286111 0.116146 0.029167
17 0.506250 0.315972 0.117708 0.023611
17 0.506771 0.349306 0.119792 0.023611
17 0.507292 0.384028 0.119792 0.022222
17 0.506771 0.436806 0.109375 0.020833
18 0.487500 0.477431 0.113542 0.021528
18 0.382812 0.382639 0.047917 0.023611
12 0.670833 0.082986 0.111458 0.165972
23 0.667969 0.254167 0.065104 0.165278
4 0.672135 0.381944 0.067187 0.109722
26 0.966406 0.260417 0.067187 0.188889
19 0.971354 0.384028 0.047917 0.050000
1 0.785677 0.064583 0.195312 0.129167
0 0.380469 0.232292 0.207813 0.328472
11 0.967708 0.155903 0.046875 0.100694
13 0.943229 0.060069 0.061458 0.115972
