27 0.443750 0.361574 0.126042 0.243519
1 0.712240 0.431481 0.093229 0.116667
20 0.363021 0.408796 0.016667 0.075000
15 0.358594 0.376389 0.017188 0.093519
11 0.535677 0.447685 0.110937 0.212037
10 0.570573 0.375926 0.067187 0.109259
10 0.457031 0.287037 0.061979 0.114815
2 0.640625 0.431019 0.109375 0.075000
3 0.642448 0.447222 0.104688 0.057407
26 0.586198 0.293056 0.078646 0.115741
29 0.538281 0.316204 0.035937 0.047222
19 0.617448 0.390741 0.022396 0.053704
14 0.621615 0.368056 0.027604 0.095370
14 0.536198 0.652315 0.030729 0.121296
0 0.702604 0.571296 0.094792 0.183333
28 0.295573 0.542593 0.075521 0.120370
30 0.393750 0.563426 0.051042 0.078704
22 0.362760 0.656944 0.110937 0.189815
16 0.462760 0.712037 0.013021 0.022222
19 0.528125 0.688889 0.036458 0.098148
24 0.591927 0.603704 0.070312 0.140741
16 0.680729 0.486574 0.013542 0.030556
5 0.649740 0.345370 0.092188 0.055556
13 0.563021 0.232870 0.057292 0.078704
12 0.546094 0.279630 0.021354 0.035185
17 0.527344 0.356944 0.028646 0.030556
17 0.511979 0.337963 0.020833 0.037037
16 0.469010 0.358796 0.008854 0.021296
13 0.497917 0.261111 0.052083 0.079630
16 0.470573 0.685185 0.013021 0.027778
16 0.479427 0.660648 0.011979 0.025000
16 0.492448 0.630093 0.014063 0.019444
16 0.498177 0.603704 0.011979 0.024074
16 0.436198 0.694907 0.010937 0.030556
16 0.444792 0.670370 0.015625 0.020370
16 0.449219 0.656019 0.014063 0.023148
16 0.457813 0.631481 0.011458 0.025926
16 0.465104 0.612037 0.011458 0.025926
16 0.478906 0.547685 0.010937 0.021296
16 0.484896 0.529167 0.012500 0.019444
21 0.469792 0.643519 0.102083 0.222222
