20 0.549479 0.054861 0.018750 0.090278
29 0.551302 0.559722 0.289062 0.152778
24 0.199479 0.272917 0.090625 0.126389
28 0.403125 0.105208 0.084375 0.099306
30 0.442188 0.207292 0.072917 0.086806
22 0.365885 0.205903 0.082812 0.140972
15 0.549479 0.037847 0.015625 0.074306
14 0.523958 0.169444 0.041667 0.130556
19 0.530469 0.206944 0.045312 0.109722
16 0.642969 0.073264 0.014063 0.027083
27 0.643750 0.119792 0.163542 0.239583
10 0.777083 0.057986 0.117708 0.115972
17 0.809896 0.170139 0.058333 0.029167
13 0.852604 0.088889 0.067708 0.112500
11 0.696094 0.261806 0.176563 0.297222
10 0.827604 0.273611 0.158333 0.168056
7 0.708594 0.458333 0.086979 0.111111
3 0.860938 0.268056 0.264583 0.336111
1 0.937500 0.195139 0.122917 0.390278
2 0.832031 0.454167 0.063021 0.188889
16 0.375781 0.419444 0.023438 0.026389
16 0.402083 0.409375 0.017708 0.028472
16 0.417187 0.405208 0.017708 0.027083
16 0.376563 0.474306 0.016667 0.029167
16 0.406250 0.464236 0.020833 0.027083
16 0.446875 0.397569 0.021875 0.025694
16 0.474219 0.386806 0.017188 0.030556
16 0.504167 0.379167 0.018750 0.026389
16 0.523438 0.409375 0.021875 0.025694
16 0.554948 0.421875 0.024479 0.024306
16 0.601562 0.409722 0.019792 0.029167
16 0.560156 0.349653 0.021354 0.024306
16 0.587240 0.344097 0.018229 0.035417
21 0.492969 0.423264 0.250521 0.161806
16 0.615365 0.545486 0.040104 0.115972
0 0.434635 0.612847 0.151562 0.295139
17 0.808073 0.188542 0.042188 0.020139
