11 0.674740 0.429514 0.167187 0.281250
34 0.034375 0.479167 0.068750 0.050000
28 0.416927 0.229514 0.077604 0.093750
22 0.376823 0.344444 0.086979 0.134722
30 0.443229 0.335417 0.066667 0.073611
16 0.341406 0.447569 0.021354 0.020139
16 0.364583 0.443056 0.015625 0.027778
16 0.378125 0.439931 0.015625 0.025694
16 0.402344 0.436458 0.019271 0.025694
16 0.427344 0.433681 0.021354 0.024306
16 0.503906 0.410764 0.021354 0.021528
16 0.527344 0.407639 0.017188 0.025000
16 0.533854 0.460764 0.019792 0.024306
16 0.481771 0.467708 0.018750 0.027083
16 0.454427 0.472222 0.017188 0.029167
16 0.427604 0.475694 0.016667 0.027778
16 0.388542 0.482639 0.020833 0.022222
16 0.361979 0.484028 0.016667 0.027778
16 0.339062 0.487847 0.018750 0.025694
21 0.440365 0.463194 0.222396 0.113889
14 0.360677 0.554167 0.059896 0.118056
19 0.383333 0.585764 0.067708 0.100694
24 0.530990 0.637500 0.148438 0.137500
25 0.672135 0.633333 0.148438 0.147222
0 0.355208 0.795486 0.110417 0.249306
2 0.784115 0.589236 0.055729 0.163194
7 0.661198 0.493750 0.011979 0.025000
3 0.745573 0.326389 0.163021 0.304167
1 0.798177 0.383333 0.164062 0.313889
15 0.563281 0.173611 0.019271 0.100000
20 0.559635 0.198958 0.020313 0.075694
16 0.669271 0.245139 0.018750 0.016667
27 0.643750 0.244444 0.139583 0.312500
10 0.764583 0.218403 0.094792 0.114583
13 0.858854 0.262847 0.079167 0.107639
13 0.946875 0.321528 0.101042 0.118056
26 0.913802 0.392361 0.116146 0.208333
5 0.962240 0.569792 0.075521 0.232639
10 0.801562 0.440972 0.147917 0.166667
