29 0.044271 0.090625 0.088542 0.181250
16 0.447396 0.334722 0.109375 0.080556
0 0.364844 0.460764 0.221354 0.378472
18 0.554167 0.450347 0.127083 0.035417
17 0.559115 0.371875 0.123438 0.046528
8 0.583594 0.317014 0.071354 0.018750
17 0.570833 0.273958 0.134375 0.049306
17 0.566406 0.313194 0.134896 0.048611
17 0.574479 0.237153 0.132292 0.049306
17 0.577604 0.201736 0.131250 0.050694
17 0.581250 0.166319 0.130208 0.050694
22 0.564844 0.276042 0.164062 0.288194
4 0.803385 0.336111 0.393229 0.108333
1 0.927083 0.405208 0.145833 0.346528
23 0.812760 0.268403 0.156771 0.222917
13 0.948958 0.134375 0.102083 0.268750
10 0.958594 0.063542 0.082812 0.127083
12 0.812500 0.111111 0.194792 0.222222
16 0.703906 0.050347 0.031771 0.036806
16 0.667969 0.035417 0.031771 0.040278
16 0.700521 0.134028 0.031250 0.036111
16 0.641927 0.113194 0.027604 0.043056
16 0.589844 0.030556 0.033854 0.040278
16 0.547656 0.018403 0.024479 0.036806
16 0.385417 0.057639 0.023958 0.045833
16 0.431510 0.062847 0.027604 0.043750
16 0.516667 0.050000 0.026042 0.030556
16 0.443229 0.009375 0.021875 0.018750
16 0.463021 0.011111 0.018750 0.022222
16 0.506250 0.014583 0.027083 0.029167
21 0.538802 0.090278 0.343229 0.180556
