1 0.462240 0.184259 0.052604 0.079630
0 0.520052 0.256944 0.074479 0.084259
34 0.687500 0.810185 0.032292 0.194444
29 0.395313 0.650000 0.082292 0.155556
30 0.505990 0.504167 0.049479 0.082407
16 0.390104 0.411574 0.019792 0.041667
28 0.338021 0.400926 0.052083 0.087037
27 0.354427 0.440741 0.153646 0.190741
24 0.224219 0.306019 0.049479 0.073148
26 0.292969 0.306019 0.084896 0.158333
32 0.464062 0.178704 0.011458 0.031481
33 0.489063 0.239352 0.015625 0.021296
11 0.373958 0.263889 0.064583 0.103704
10 0.334115 0.223611 0.048438 0.102778
12 0.262240 0.221296 0.043229 0.077778
13 0.284375 0.180556 0.037500 0.064815
13 0.304688 0.205093 0.033333 0.067593
5 0.349740 0.167593 0.078646 0.027778
16 0.442969 0.288426 0.008854 0.013889
16 0.468750 0.312500 0.008333 0.015741
16 0.411719 0.288426 0.006771 0.013889
16 0.416146 0.290741 0.006250 0.012963
16 0.418229 0.294444 0.008333 0.011111
16 0.466927 0.343056 0.007812 0.012037
16 0.462760 0.339352 0.006771 0.012037
16 0.458594 0.335648 0.007812 0.013889
16 0.453646 0.330093 0.008333 0.010185
16 0.447396 0.322222 0.006250 0.011111
16 0.444010 0.316667 0.006771 0.011111
16 0.439844 0.315278 0.005729 0.010185
16 0.435417 0.309259 0.006250 0.012963
14 0.436979 0.368519 0.031250 0.114815
14 0.468229 0.408333 0.023958 0.101852
19 0.448437 0.402315 0.028125 0.082407
19 0.472917 0.443056 0.026042 0.080556
21 0.449479 0.321296 0.084375 0.090741
17 0.295833 0.426852 0.012500 0.031481
4 0.378906 0.188426 0.061979 0.032407
