16 0.598177 0.598958 0.026562 0.034028
16 0.670052 0.488889 0.023438 0.036111
3 0.792708 0.820486 0.414583 0.359028
11 0.832031 0.443750 0.181771 0.186111
14 0.209375 0.244097 0.144792 0.206250
19 0.154427 0.290278 0.105729 0.116667
26 0.763802 0.094444 0.258854 0.188889
12 0.976042 0.247569 0.047917 0.131250
16 0.370573 0.501042 0.028646 0.039583
21 0.512500 0.549306 0.321875 0.154167
30 0.063802 0.330556 0.098437 0.105556
22 0.896094 0.199306 0.091146 0.191667
27 0.300781 0.102083 0.235937 0.204167
0 0.589844 0.883681 0.334896 0.231250
1 0.864844 0.836806 0.263021 0.326389
14 0.105469 0.261806 0.118229 0.129167
19 0.253646 0.310764 0.102083 0.121528
13 0.980729 0.327431 0.038542 0.040972
24 0.898958 0.073611 0.082292 0.125000
28 0.521094 0.065278 0.148438 0.130556
10 0.936198 0.389931 0.127604 0.157639
5 0.984896 0.622569 0.030208 0.127083
2 0.877604 0.606597 0.046875 0.181250
4 0.963021 0.593056 0.045833 0.259722
7 0.571094 0.632639 0.057813 0.056944
16 0.394792 0.499653 0.025000 0.036806
16 0.414062 0.500000 0.025000 0.045833
16 0.433854 0.498611 0.022917 0.045833
16 0.475781 0.498611 0.021354 0.047222
16 0.517188 0.494097 0.021875 0.045139
16 0.633854 0.491667 0.018750 0.045833
16 0.651302 0.493403 0.022396 0.032639
16 0.542448 0.494792 0.025521 0.042361
16 0.479948 0.610069 0.023438 0.042361
31 0.544531 0.602778 0.026562 0.040278
29 0.066406 0.022569 0.126562 0.045139
16 0.496354 0.496875 0.022917 0.046528
