29 0.201823 0.045139 0.152604 0.086111
30 0.166927 0.280903 0.083854 0.096528
16 0.353125 0.012500 0.016667 0.025000
16 0.430729 0.212153 0.020833 0.028472
16 0.445312 0.210764 0.015625 0.029861
16 0.460938 0.210764 0.015625 0.028472
16 0.504687 0.209375 0.015625 0.028472
16 0.521094 0.210069 0.017188 0.027083
16 0.536458 0.209722 0.014583 0.027778
16 0.550260 0.206944 0.015104 0.027778
16 0.616927 0.211806 0.015104 0.027778
16 0.630990 0.213889 0.017188 0.027778
16 0.644792 0.213542 0.015625 0.027083
16 0.432031 0.282986 0.022396 0.027083
16 0.541406 0.278125 0.017188 0.029861
16 0.600260 0.275694 0.017188 0.030556
31 0.565365 0.204514 0.016146 0.029861
21 0.537500 0.263542 0.244792 0.109028
27 0.367708 0.103472 0.167708 0.206944
28 0.520052 0.094097 0.105729 0.132639
17 0.555990 0.032639 0.067187 0.036111
26 0.686198 0.095833 0.203646 0.191667
22 0.832552 0.194097 0.082812 0.135417
12 0.942969 0.240972 0.088021 0.130556
13 0.984896 0.357292 0.030208 0.127083
13 0.951042 0.346875 0.078125 0.136806
11 0.880990 0.339236 0.081771 0.172917
5 0.980729 0.520139 0.038542 0.233333
4 0.939323 0.538889 0.035937 0.256944
3 0.833073 0.581597 0.027604 0.274306
10 0.725521 0.262847 0.075000 0.154861
24 0.573698 0.501736 0.160938 0.147917
25 0.429427 0.506597 0.165104 0.154861
0 0.423177 0.525694 0.207813 0.279167
2 0.731771 0.319792 0.314583 0.293750
1 0.803385 0.371181 0.216146 0.374306
6 0.559375 0.470833 0.066667 0.056944
14 0.238021 0.219444 0.083333 0.119444
14 0.333854 0.214236 0.065625 0.139583
19 0.259635 0.256597 0.075521 0.109028
19 0.351042 0.254167 0.063542 0.109722
