0 0.546354 0.533681 0.144792 0.268750
18 0.630990 0.404514 0.065104 0.065972
17 0.669271 0.441319 0.026042 0.114583
17 0.699479 0.451736 0.026042 0.113194
17 0.718750 0.456944 0.025000 0.111111
17 0.737760 0.464931 0.024479 0.111806
17 0.755990 0.470833 0.023438 0.111111
17 0.774479 0.478472 0.023958 0.111111
22 0.715625 0.461111 0.152083 0.175000
18 0.765625 0.370833 0.075000 0.037500
18 0.810156 0.391319 0.026562 0.102083
18 0.813281 0.387153 0.019271 0.102083
18 0.825781 0.409375 0.034896 0.102083
18 0.847656 0.405556 0.033854 0.101389
1 0.888021 0.673958 0.106250 0.292361
5 0.954948 0.578472 0.052604 0.312500
4 0.987760 0.636111 0.024479 0.195833
13 0.945573 0.304167 0.108854 0.165278
16 0.825521 0.224653 0.018750 0.029861
16 0.840625 0.229167 0.018750 0.027778
16 0.848437 0.233681 0.022917 0.029861
16 0.790885 0.272222 0.017188 0.027778
16 0.725000 0.250000 0.022917 0.023611
31 0.766406 0.259028 0.022396 0.030556
16 0.766667 0.198611 0.016667 0.033333
16 0.753646 0.194792 0.018750 0.031250
16 0.738802 0.189583 0.018229 0.031944
16 0.727083 0.186111 0.018750 0.029167
16 0.699740 0.175000 0.018229 0.033333
16 0.686458 0.171875 0.017708 0.031250
16 0.673958 0.167708 0.017708 0.029861
16 0.659635 0.164236 0.020313 0.028472
21 0.740885 0.244792 0.223438 0.167361
26 0.915885 0.110417 0.168229 0.220833
28 0.765104 0.072569 0.104167 0.134028
27 0.622396 0.060417 0.158333 0.120833
14 0.577604 0.090972 0.048958 0.140278
19 0.572656 0.131250 0.052604 0.113889
19 0.511458 0.115625 0.051042 0.111806
14 0.502604 0.075694 0.048958 0.136111
30 0.412240 0.114931 0.080729 0.084028
34 0.167708 0.099653 0.026042 0.084028
