34 0.310937 0.909722 0.083333 0.050926
29 0.358854 0.485185 0.081250 0.129630
30 0.484896 0.556481 0.046875 0.092593
17 0.485156 0.313426 0.021354 0.036111
16 0.487500 0.364815 0.016667 0.044444
27 0.457292 0.346759 0.127083 0.230556
19 0.514844 0.478704 0.028646 0.090741
19 0.541146 0.433796 0.026042 0.084259
14 0.517188 0.449537 0.027083 0.115741
14 0.540365 0.388426 0.031771 0.128704
28 0.512240 0.335185 0.049479 0.079630
26 0.548177 0.245370 0.071354 0.142593
22 0.597396 0.238426 0.050000 0.060185
12 0.623698 0.190278 0.051562 0.073148
13 0.672656 0.172685 0.051562 0.047222
13 0.659896 0.199074 0.053125 0.048148
10 0.652083 0.221759 0.056250 0.067593
11 0.635938 0.293981 0.065625 0.110185
32 0.668750 0.268981 0.009375 0.030556
1 0.695833 0.292130 0.088542 0.136111
3 0.682292 0.313889 0.029167 0.029630
5 0.723698 0.220833 0.085938 0.069444
33 0.657813 0.350000 0.013542 0.020370
0 0.697917 0.408796 0.097917 0.113889
16 0.632031 0.340278 0.009896 0.008333
16 0.631771 0.345833 0.011458 0.008333
16 0.629427 0.351852 0.011979 0.011111
16 0.619792 0.377315 0.011458 0.010185
16 0.618490 0.381481 0.011979 0.009259
16 0.617448 0.388426 0.010937 0.010185
16 0.615885 0.394907 0.010937 0.013889
16 0.610677 0.406481 0.011979 0.011111
16 0.609115 0.412500 0.009896 0.012037
16 0.608073 0.418519 0.010937 0.011111
16 0.604948 0.425000 0.008854 0.014815
21 0.625781 0.411111 0.057813 0.127778
4 0.726302 0.254167 0.086979 0.054630
