2 0.711458 0.657870 0.035417 0.217593
27 0.426042 0.194907 0.116667 0.317593
4 0.807292 0.629167 0.034375 0.236111
5 0.861458 0.618056 0.056250 0.226852
3 0.666406 0.656944 0.035937 0.217593
11 0.671615 0.481019 0.096354 0.112037
10 0.763281 0.465278 0.100521 0.115741
13 0.840365 0.453704 0.091146 0.131481
12 0.857552 0.337037 0.105729 0.129630
13 0.925781 0.455093 0.097396 0.139815
26 0.625521 0.239815 0.125000 0.205556
28 0.525260 0.257870 0.060937 0.113889
16 0.436719 0.216667 0.009896 0.027778
17 0.552865 0.174537 0.048438 0.026852
30 0.323958 0.393519 0.050000 0.059259
24 0.769792 0.178241 0.085417 0.119444
22 0.743750 0.315741 0.063542 0.140741
29 0.316406 0.152315 0.115104 0.050926
14 0.367448 0.380093 0.027604 0.045370
19 0.383594 0.394444 0.027604 0.050000
14 0.414583 0.393519 0.031250 0.066667
19 0.424479 0.414352 0.027083 0.050926
16 0.508073 0.511574 0.007812 0.023148
16 0.474219 0.507870 0.007812 0.019444
16 0.482552 0.507870 0.007812 0.021296
16 0.498437 0.562963 0.009375 0.020370
16 0.460156 0.509259 0.007812 0.020370
16 0.541927 0.562500 0.011979 0.017593
16 0.467448 0.507870 0.007812 0.019444
16 0.575000 0.514815 0.010417 0.022222
16 0.559635 0.514352 0.006771 0.025000
16 0.567708 0.515278 0.009375 0.021296
21 0.517188 0.537500 0.130208 0.078704
0 0.460417 0.647222 0.061458 0.181481
1 0.574479 0.663426 0.059375 0.182407
34 0.108073 0.351852 0.061979 0.112963
16 0.515365 0.512500 0.007812 0.023148
16 0.522917 0.511111 0.008333 0.022222
32 0.543229 0.577778 0.018750 0.018519
33 0.480208 0.578704 0.017708 0.020370
