34 0.069271 0.454514 0.025000 0.110417
29 0.372396 0.337153 0.146875 0.072917
30 0.326823 0.558681 0.081771 0.084028
19 0.419531 0.582639 0.046354 0.080556
19 0.514062 0.608333 0.056250 0.084722
14 0.422656 0.547917 0.045312 0.101389
14 0.527083 0.580208 0.060417 0.100694
16 0.530469 0.380903 0.016146 0.024306
16 0.538802 0.396528 0.017188 0.052778
27 0.516667 0.379861 0.141667 0.334722
17 0.670052 0.427431 0.055729 0.036806
28 0.666406 0.462153 0.045312 0.070139
1 0.603906 0.436458 0.141146 0.229861
26 0.777344 0.482639 0.154688 0.204167
24 0.869271 0.493750 0.057292 0.090278
22 0.869531 0.586458 0.069271 0.124306
11 0.828385 0.670486 0.094271 0.129861
12 0.948438 0.610764 0.076042 0.106250
13 0.983333 0.701736 0.033333 0.107639
13 0.957292 0.700000 0.063542 0.112500
10 0.908594 0.705903 0.107813 0.125694
5 0.979948 0.844444 0.040104 0.201389
4 0.944792 0.864931 0.027083 0.220139
2 0.871875 0.805903 0.022917 0.072917
0 0.563802 0.900694 0.147396 0.198611
16 0.582031 0.590278 0.018229 0.022222
16 0.593490 0.593056 0.015104 0.025000
16 0.605469 0.594444 0.015104 0.023611
16 0.616927 0.596181 0.014063 0.025694
21 0.606771 0.638542 0.098958 0.104861
