30 0.085677 0.210069 0.102604 0.132639
14 0.151302 0.117361 0.125521 0.168056
14 0.252344 0.090625 0.109896 0.181250
19 0.185677 0.159028 0.106771 0.138889
19 0.279687 0.138889 0.096875 0.150000
27 0.348177 0.044444 0.190104 0.088889
16 0.408854 0.141319 0.029167 0.038194
16 0.431250 0.138889 0.026042 0.040278
16 0.451302 0.137500 0.026562 0.038889
16 0.472396 0.136111 0.022917 0.040278
16 0.511458 0.137153 0.022917 0.039583
16 0.532292 0.137500 0.020833 0.040278
16 0.553125 0.137847 0.020833 0.039583
16 0.570833 0.136111 0.025000 0.037500
16 0.660417 0.149306 0.021875 0.038889
16 0.679427 0.150694 0.025521 0.034722
16 0.694010 0.151042 0.025521 0.032639
16 0.520573 0.239236 0.032813 0.032639
31 0.582031 0.231250 0.025521 0.041667
21 0.546094 0.209028 0.319271 0.148611
26 0.764323 0.046875 0.167187 0.093750
24 0.898698 0.036111 0.085938 0.072222
17 0.505208 0.517708 0.015625 0.153472
17 0.546615 0.507639 0.016146 0.148611
17 0.573177 0.509375 0.016146 0.153472
17 0.598958 0.510764 0.016667 0.153472
17 0.623698 0.512500 0.018229 0.155556
17 0.648438 0.507986 0.017708 0.145139
18 0.433854 0.496875 0.043750 0.149306
22 0.569531 0.515278 0.181771 0.177778
16 0.498698 0.680556 0.068229 0.047222
23 0.921094 0.130903 0.070312 0.179861
11 0.974479 0.163542 0.050000 0.140972
10 0.971354 0.300347 0.055208 0.150694
13 0.922917 0.305903 0.115625 0.165972
12 0.826042 0.359028 0.168750 0.169444
3 0.986979 0.498611 0.026042 0.183333
4 0.759896 0.598611 0.480208 0.261111
8 0.513802 0.587153 0.026562 0.013194
1 0.838021 0.634722 0.323958 0.336111
0 0.435677 0.751736 0.158854 0.325694
5 0.894531 0.448958 0.056771 0.072917
