27 0.427344 0.158333 0.091146 0.212963
34 0.288802 0.097222 0.024479 0.044444
30 0.327865 0.193519 0.028646 0.053704
29 0.413802 0.125926 0.042188 0.066667
16 0.427083 0.169907 0.016667 0.036111
16 0.329688 0.288889 0.010417 0.009259
16 0.330990 0.293519 0.007812 0.007407
16 0.334375 0.298611 0.010417 0.010185
16 0.337240 0.305093 0.008854 0.012037
16 0.342187 0.315741 0.009375 0.009259
16 0.344531 0.323148 0.010937 0.011111
16 0.346875 0.328704 0.010417 0.011111
16 0.350521 0.334259 0.011458 0.012963
16 0.365104 0.364815 0.011458 0.012963
16 0.366927 0.370833 0.007812 0.013889
16 0.370833 0.377315 0.008333 0.015741
33 0.298958 0.274074 0.015625 0.042593
32 0.319010 0.307870 0.010937 0.023148
1 0.287240 0.373611 0.097396 0.137963
0 0.266146 0.288889 0.097917 0.125926
21 0.344792 0.363889 0.071875 0.135185
28 0.452865 0.268519 0.040104 0.085185
26 0.501563 0.287963 0.080208 0.174074
11 0.435156 0.465741 0.085938 0.172222
10 0.495573 0.535185 0.089063 0.194444
22 0.560937 0.474537 0.090625 0.130556
13 0.566146 0.648611 0.089583 0.176852
13 0.648698 0.794444 0.103646 0.203704
12 0.640625 0.607870 0.102083 0.184259
24 0.636979 0.443981 0.082292 0.121296
5 0.491146 0.861574 0.162500 0.276852
4 0.443750 0.746296 0.159375 0.198148
2 0.364844 0.612037 0.139063 0.146296
3 0.345573 0.568981 0.123438 0.167593
14 0.340885 0.180556 0.023438 0.083333
14 0.350000 0.198148 0.025000 0.120370
19 0.355729 0.237963 0.028125 0.074074
19 0.343750 0.211574 0.016667 0.065741
