21 0.600000 0.481944 0.207292 0.108333
1 0.699479 0.584722 0.133333 0.320833
0 0.427083 0.608333 0.140625 0.305556
34 0.069010 0.263194 0.025521 0.087500
30 0.290625 0.284375 0.078125 0.077083
19 0.373958 0.281597 0.058333 0.097917
14 0.361979 0.248958 0.061458 0.117361
29 0.335938 0.078472 0.143750 0.056944
16 0.485938 0.081944 0.021875 0.019444
27 0.488802 0.128125 0.153646 0.256250
19 0.484635 0.309028 0.047396 0.093056
14 0.483333 0.246181 0.045833 0.172917
17 0.656250 0.129514 0.064583 0.040972
28 0.620052 0.181250 0.098437 0.123611
26 0.771875 0.174653 0.181250 0.232639
24 0.895052 0.219444 0.077604 0.115278
12 0.974219 0.358681 0.051562 0.115972
22 0.893750 0.315278 0.079167 0.143056
13 0.982031 0.463194 0.035937 0.133333
10 0.934375 0.450000 0.115625 0.155556
11 0.831771 0.420486 0.142708 0.182639
5 0.994531 0.703819 0.010937 0.084028
4 0.973177 0.645139 0.029687 0.248611
2 0.875000 0.676042 0.041667 0.259028
3 0.830469 0.687847 0.045312 0.275694
33 0.466927 0.488889 0.024479 0.068056
32 0.624219 0.464931 0.049479 0.032639
16 0.631771 0.436458 0.015625 0.029861
16 0.619010 0.438194 0.016146 0.029167
16 0.603646 0.435069 0.018750 0.029861
16 0.589063 0.435417 0.018750 0.029167
16 0.560937 0.430208 0.015625 0.029861
16 0.546615 0.430208 0.018229 0.028472
16 0.533333 0.428819 0.020833 0.025694
16 0.518229 0.428472 0.021875 0.026389
16 0.575000 0.508333 0.018750 0.031944
16 0.719792 0.446875 0.019792 0.024306
