34 0.107813 0.350926 0.064583 0.112963
29 0.315885 0.152778 0.117188 0.051852
16 0.430729 0.262037 0.014583 0.016667
27 0.428125 0.199074 0.113542 0.316667
30 0.325000 0.392130 0.052083 0.060185
19 0.384375 0.400926 0.028125 0.050000
19 0.434635 0.410185 0.028646 0.051852
14 0.425260 0.387963 0.033854 0.074074
14 0.370052 0.387500 0.030729 0.045370
28 0.525260 0.257870 0.061979 0.113889
17 0.553385 0.175463 0.048438 0.026852
26 0.625260 0.239815 0.126562 0.205556
33 0.470833 0.604167 0.016667 0.041667
32 0.512500 0.596296 0.019792 0.020370
0 0.449479 0.675926 0.069792 0.185185
1 0.551823 0.640741 0.069271 0.175926
16 0.467448 0.510185 0.010937 0.020370
16 0.476042 0.509722 0.010417 0.023148
16 0.483333 0.509259 0.010417 0.022222
16 0.490885 0.508333 0.009896 0.024074
16 0.505990 0.508796 0.008854 0.023148
16 0.513021 0.509259 0.008333 0.024074
16 0.520312 0.506944 0.009375 0.023148
16 0.527865 0.506944 0.008854 0.025000
16 0.498698 0.563889 0.009896 0.020370
16 0.565365 0.506019 0.008854 0.025000
16 0.574479 0.504630 0.011458 0.018519
16 0.581510 0.505093 0.010937 0.019444
21 0.523438 0.534259 0.129167 0.075926
11 0.660677 0.480556 0.100521 0.124074
22 0.744010 0.314815 0.064062 0.140741
12 0.857812 0.336111 0.107292 0.131481
10 0.759375 0.466204 0.103125 0.121296
13 0.840625 0.453241 0.092708 0.134259
13 0.925260 0.456019 0.098437 0.141667
5 0.861458 0.618519 0.056250 0.224074
4 0.808073 0.629630 0.035937 0.237037
2 0.711719 0.627315 0.032813 0.215741
3 0.671615 0.656019 0.034896 0.219444
24 0.770052 0.177315 0.086979 0.121296
