29 0.040885 0.187847 0.081771 0.085417
30 0.021354 0.400000 0.042708 0.093056
16 0.082292 0.107986 0.012500 0.020139
17 0.126302 0.171181 0.073438 0.046528
16 0.200000 0.303125 0.016667 0.024306
16 0.213021 0.298611 0.013542 0.026389
16 0.225000 0.294792 0.013542 0.027083
16 0.236719 0.289583 0.014063 0.023611
16 0.261198 0.281597 0.014063 0.025694
16 0.274740 0.277431 0.013021 0.024306
16 0.286979 0.274306 0.013542 0.025000
16 0.299219 0.269097 0.015104 0.022917
16 0.361979 0.252431 0.014583 0.025694
16 0.373958 0.249653 0.018750 0.020139
16 0.385677 0.245833 0.019271 0.022222
16 0.270833 0.339931 0.017708 0.022917
16 0.347917 0.313889 0.020833 0.022222
31 0.308854 0.322222 0.015625 0.023611
21 0.303125 0.322569 0.220833 0.149306
17 0.255208 0.526042 0.023958 0.115972
17 0.283594 0.515625 0.025521 0.115972
17 0.302865 0.509375 0.026562 0.115972
17 0.321354 0.502431 0.027083 0.113194
17 0.340104 0.495833 0.027083 0.112500
17 0.359896 0.489236 0.029167 0.111806
22 0.310156 0.514931 0.148438 0.165972
14 0.048438 0.325347 0.079167 0.111806
14 0.106510 0.295139 0.075521 0.115278
19 0.070573 0.353125 0.071354 0.095139
19 0.125000 0.326736 0.069792 0.099306
27 0.132031 0.148958 0.185938 0.297917
28 0.284375 0.157986 0.088542 0.113194
26 0.411979 0.089236 0.164583 0.178472
24 0.572135 0.072569 0.091146 0.071528
23 0.607031 0.152083 0.079687 0.109722
2 0.779167 0.382986 0.080208 0.185417
3 0.754687 0.415278 0.072917 0.205556
5 0.641406 0.474306 0.096354 0.276389
4 0.819010 0.551736 0.333854 0.113194
8 0.638802 0.497569 0.047396 0.020139
1 0.875260 0.613542 0.233854 0.231250
11 0.692448 0.138194 0.105729 0.104167
13 0.785156 0.233681 0.071354 0.110417
10 0.709635 0.229861 0.121354 0.133333
13 0.622396 0.266667 0.118750 0.113889
12 0.546094 0.434722 0.164062 0.190278
0 0.441667 0.512153 0.157292 0.286806
