18 0.245052 0.492708 0.023438 0.103472
18 0.371094 0.399306 0.073438 0.045833
17 0.282031 0.482986 0.013021 0.106250
17 0.310677 0.479861 0.014063 0.105556
17 0.329688 0.475694 0.015625 0.116667
17 0.349219 0.473611 0.015104 0.116667
17 0.368750 0.471181 0.016667 0.117361
17 0.388021 0.468750 0.016667 0.119444
22 0.339062 0.481597 0.139583 0.140972
0 0.478646 0.471528 0.139583 0.276389
13 0.547135 0.413194 0.103646 0.145833
5 0.631250 0.406944 0.240625 0.137500
1 0.650521 0.398264 0.209375 0.172917
12 0.649479 0.285764 0.134375 0.117361
10 0.772656 0.275347 0.126562 0.150694
13 0.855729 0.292708 0.070833 0.125694
11 0.765365 0.173958 0.109896 0.117361
23 0.673438 0.173958 0.075000 0.127083
3 0.790625 0.406250 0.042708 0.073611
2 0.821875 0.425000 0.053125 0.152778
24 0.646875 0.085069 0.092708 0.088194
26 0.471875 0.086111 0.173958 0.172222
28 0.334896 0.128819 0.091667 0.115972
17 0.176823 0.123264 0.072396 0.035417
16 0.149479 0.049306 0.011458 0.020833
27 0.187240 0.123611 0.173437 0.247222
16 0.231771 0.266319 0.017708 0.029861
16 0.244531 0.263542 0.016146 0.029861
16 0.257292 0.260764 0.016667 0.029861
16 0.269271 0.258333 0.014583 0.027778
16 0.293750 0.253819 0.015625 0.028472
16 0.305990 0.251736 0.015104 0.028472
16 0.319010 0.250347 0.015104 0.028472
16 0.332031 0.246528 0.015104 0.027778
16 0.296094 0.313194 0.022396 0.022222
31 0.333594 0.301736 0.018229 0.031250
16 0.360156 0.302083 0.016146 0.022222
16 0.395573 0.238542 0.014063 0.029861
16 0.408594 0.237847 0.019271 0.028472
16 0.421354 0.235764 0.019792 0.027083
21 0.333594 0.298264 0.221354 0.120139
19 0.163281 0.274653 0.067187 0.099306
19 0.111979 0.285764 0.069792 0.096528
14 0.090625 0.255903 0.077083 0.104861
14 0.142187 0.243403 0.075000 0.117361
29 0.081771 0.126042 0.122917 0.084028
30 0.048177 0.318750 0.067187 0.093056
4 0.689063 0.581597 0.044792 0.235417
