16 0.599740 0.446875 0.016146 0.027083
16 0.516667 0.440278 0.018750 0.026389
16 0.543490 0.441667 0.015104 0.029167
16 0.571615 0.447569 0.018229 0.027083
16 0.585417 0.447917 0.015625 0.027778
16 0.611979 0.447917 0.014583 0.027778
21 0.580729 0.493056 0.197917 0.105556
29 0.332292 0.105556 0.137500 0.055556
4 0.964323 0.644444 0.030729 0.250000
11 0.811458 0.453125 0.143750 0.174306
2 0.873958 0.641319 0.040625 0.256250
1 0.686719 0.585417 0.128646 0.320833
5 0.992188 0.635417 0.015625 0.219444
10 0.924740 0.448264 0.108854 0.157639
13 0.976302 0.461806 0.047396 0.136111
26 0.750000 0.184722 0.177083 0.227778
28 0.604167 0.197917 0.093750 0.119444
27 0.472396 0.137847 0.144792 0.275694
16 0.466146 0.158681 0.021875 0.057639
0 0.456250 0.652083 0.161458 0.298611
14 0.439583 0.257639 0.046875 0.162500
34 0.075000 0.281944 0.023958 0.084722
16 0.530729 0.441667 0.016667 0.026389
17 0.639844 0.147222 0.063021 0.037500
14 0.354167 0.266667 0.059375 0.116667
19 0.450260 0.317708 0.047396 0.089583
19 0.366927 0.296875 0.057813 0.096528
12 0.967448 0.363542 0.065104 0.125694
16 0.502083 0.439583 0.019792 0.025000
30 0.286719 0.301042 0.076563 0.075694
32 0.612500 0.467361 0.047917 0.044444
22 0.878906 0.317708 0.078646 0.136806
24 0.878385 0.225347 0.080729 0.110417
3 0.828646 0.675694 0.043750 0.273611
16 0.557292 0.516319 0.015625 0.028472
33 0.509896 0.528125 0.021875 0.079861
