30 0.159375 0.081944 0.113542 0.123611
14 0.268490 0.045833 0.072396 0.091667
14 0.372396 0.046181 0.054167 0.092361
19 0.278906 0.061458 0.089063 0.122917
19 0.379948 0.062500 0.067187 0.125000
16 0.500260 0.080903 0.028646 0.031250
16 0.520312 0.084375 0.026042 0.032639
16 0.540104 0.088542 0.021875 0.034028
16 0.558333 0.090972 0.019792 0.037500
16 0.592708 0.099653 0.020833 0.035417
16 0.611979 0.104861 0.017708 0.038889
16 0.630208 0.108681 0.018750 0.035417
16 0.645833 0.111458 0.020833 0.035417
16 0.720573 0.142014 0.019271 0.038194
16 0.737240 0.147222 0.021354 0.034722
16 0.749479 0.150000 0.021875 0.033333
16 0.594010 0.193056 0.029687 0.030556
31 0.649219 0.200694 0.023438 0.031944
21 0.608594 0.173958 0.283854 0.184028
26 0.843490 0.061458 0.203646 0.122917
24 0.932552 0.075694 0.073438 0.106944
23 0.943490 0.179167 0.056771 0.172222
17 0.554688 0.449306 0.026042 0.145833
17 0.592448 0.453819 0.026562 0.160417
17 0.616927 0.458681 0.026562 0.157639
17 0.638802 0.462500 0.026562 0.156944
17 0.661458 0.466319 0.027083 0.153472
17 0.681771 0.472222 0.026042 0.150000
18 0.489583 0.419792 0.052083 0.138194
16 0.538802 0.569444 0.073438 0.051389
13 0.935937 0.313194 0.101042 0.113889
12 0.845313 0.354167 0.141667 0.147222
4 0.798438 0.493403 0.403125 0.138194
8 0.586198 0.443056 0.041146 0.015278
1 0.883854 0.521528 0.232292 0.329167
0 0.470052 0.667361 0.170313 0.291667
22 0.609375 0.453819 0.176042 0.186806
