0 0.507031 0.275926 0.077604 0.077778
33 0.479687 0.250463 0.005208 0.008333
13 0.284635 0.181019 0.036979 0.065741
12 0.262240 0.219444 0.042188 0.075926
13 0.304948 0.205093 0.032813 0.067593
10 0.332031 0.223148 0.049479 0.100000
11 0.370573 0.259722 0.066146 0.100926
26 0.292969 0.307870 0.083854 0.158333
24 0.224479 0.306019 0.048958 0.071296
28 0.337760 0.400000 0.051562 0.087037
16 0.359115 0.424537 0.016146 0.039815
27 0.353906 0.444444 0.151562 0.187037
29 0.394792 0.648611 0.081250 0.152778
34 0.687240 0.810185 0.030729 0.194444
30 0.505729 0.505093 0.048958 0.080556
5 0.351562 0.167593 0.073958 0.027778
16 0.417708 0.287500 0.006250 0.012037
16 0.421615 0.290741 0.005729 0.011111
16 0.448437 0.289352 0.006250 0.012037
16 0.467969 0.310648 0.008854 0.012037
16 0.439583 0.311574 0.006250 0.012037
16 0.443750 0.316667 0.005208 0.012963
16 0.447135 0.318519 0.004687 0.011111
16 0.450781 0.324074 0.005729 0.009259
16 0.457292 0.331481 0.006250 0.011111
16 0.460156 0.337037 0.004687 0.011111
16 0.464583 0.341667 0.005208 0.012963
16 0.468490 0.346296 0.005729 0.011111
32 0.447917 0.236111 0.010417 0.027778
21 0.453906 0.324537 0.080729 0.093519
14 0.444271 0.374074 0.029167 0.114815
14 0.466146 0.409259 0.022917 0.101852
19 0.451302 0.409259 0.020313 0.074074
19 0.470573 0.445833 0.025521 0.080556
1 0.461198 0.209259 0.063021 0.066667
17 0.293750 0.421759 0.019792 0.045370
