2 0.644792 0.595833 0.096875 0.251389
5 0.807552 0.448264 0.104688 0.204861
29 0.058854 0.358681 0.104167 0.088194
11 0.524740 0.394792 0.144271 0.150694
3 0.616406 0.335417 0.224479 0.088889
14 0.125000 0.466667 0.087500 0.126389
19 0.151823 0.505903 0.065104 0.084028
26 0.388802 0.219444 0.144271 0.197222
12 0.697656 0.239931 0.103646 0.095139
16 0.215885 0.580208 0.015104 0.025694
21 0.319531 0.585069 0.215104 0.164583
17 0.303646 0.250694 0.043750 0.029167
30 0.052083 0.551042 0.059375 0.082639
22 0.576562 0.250000 0.096875 0.086111
27 0.153385 0.307986 0.165104 0.293750
0 0.487240 0.501389 0.120313 0.258333
1 0.613021 0.359722 0.181250 0.170833
14 0.073958 0.490278 0.065625 0.084722
19 0.100521 0.512500 0.067708 0.079167
13 0.791667 0.305903 0.090625 0.110417
13 0.722135 0.326389 0.099479 0.112500
24 0.563802 0.179861 0.092188 0.063889
16 0.168750 0.323958 0.033333 0.038194
28 0.281510 0.315278 0.084896 0.111111
10 0.652344 0.358681 0.118229 0.146528
16 0.227344 0.575694 0.015104 0.027778
16 0.238802 0.570139 0.013021 0.029167
16 0.249740 0.565278 0.014063 0.023611
16 0.273958 0.556250 0.017708 0.025000
16 0.285677 0.550347 0.015104 0.028472
16 0.297396 0.546875 0.014583 0.028472
16 0.367448 0.514236 0.014063 0.027083
16 0.380469 0.511458 0.019271 0.022917
16 0.392708 0.503819 0.017708 0.024306
16 0.357031 0.586806 0.015104 0.029167
16 0.284375 0.618403 0.014583 0.029861
31 0.316927 0.598611 0.020313 0.030556
16 0.308594 0.538542 0.013021 0.025694
