0 0.250521 0.822917 0.118750 0.240278
18 0.415365 0.543750 0.032813 0.100000
17 0.461719 0.556944 0.014063 0.105556
17 0.490625 0.553472 0.015625 0.118056
17 0.509375 0.553125 0.016667 0.117361
17 0.528646 0.552083 0.016667 0.115278
17 0.546875 0.551736 0.017708 0.114583
17 0.565625 0.550347 0.017708 0.114583
22 0.512500 0.558333 0.137500 0.129167
16 0.399479 0.317014 0.019792 0.027083
16 0.414844 0.315972 0.016146 0.027778
16 0.428125 0.314236 0.021875 0.029861
16 0.439323 0.313542 0.015104 0.028472
16 0.463542 0.312153 0.015625 0.028472
16 0.476562 0.312153 0.014583 0.029861
16 0.489844 0.311111 0.014063 0.027778
16 0.502344 0.310069 0.016146 0.028472
31 0.507292 0.365625 0.017708 0.025694
16 0.563021 0.309028 0.014583 0.025000
16 0.575521 0.310069 0.018750 0.027083
16 0.586719 0.309375 0.019271 0.027083
21 0.495312 0.357986 0.217708 0.100694
12 0.694010 0.434722 0.115104 0.140278
10 0.898438 0.367708 0.079167 0.139583
13 0.949219 0.382986 0.060937 0.118750
11 0.889844 0.275694 0.063021 0.104167
3 0.903385 0.566319 0.027604 0.217361
2 0.921875 0.537500 0.053125 0.202778
23 0.769010 0.253472 0.025521 0.108333
24 0.753646 0.167014 0.063542 0.081250
4 0.810677 0.076042 0.234896 0.060417
1 0.847135 0.171181 0.145313 0.299306
26 0.629427 0.150000 0.172396 0.213889
28 0.491146 0.190972 0.089583 0.113889
17 0.342708 0.164583 0.078125 0.034722
16 0.289583 0.081250 0.012500 0.022222
27 0.344271 0.144097 0.168750 0.288194
19 0.322656 0.315278 0.057813 0.097222
19 0.266406 0.317708 0.063021 0.097917
14 0.309115 0.281944 0.058854 0.118056
14 0.249740 0.287500 0.060937 0.113889
30 0.187760 0.339931 0.072396 0.090972
29 0.216927 0.146528 0.136979 0.072222
