13 0.672656 0.172222 0.050521 0.046296
12 0.623698 0.190741 0.050521 0.068519
10 0.652604 0.223611 0.054167 0.075000
5 0.723958 0.223611 0.085417 0.073148
4 0.722135 0.251389 0.093229 0.050926
11 0.638802 0.288889 0.061979 0.105556
22 0.597396 0.238426 0.048958 0.058333
26 0.548438 0.245833 0.069792 0.139815
28 0.512240 0.337037 0.047396 0.077778
17 0.485156 0.312500 0.020313 0.034259
16 0.467969 0.336111 0.009896 0.016667
16 0.635417 0.346296 0.010417 0.009259
16 0.634115 0.351389 0.010937 0.008333
16 0.631250 0.357407 0.011458 0.011111
16 0.620052 0.381019 0.009896 0.008333
16 0.619792 0.386574 0.010417 0.008333
16 0.617448 0.391667 0.009896 0.011111
16 0.615104 0.399074 0.008333 0.012963
16 0.608854 0.411111 0.011458 0.011111
16 0.607031 0.417130 0.008854 0.012037
16 0.604688 0.422685 0.008333 0.013889
16 0.602083 0.430093 0.008333 0.013889
33 0.649740 0.359722 0.008854 0.013889
21 0.624219 0.417130 0.060937 0.126852
0 0.676823 0.424537 0.088021 0.136111
32 0.661198 0.323611 0.009896 0.032407
1 0.708333 0.324074 0.089583 0.118519
27 0.455208 0.346759 0.126042 0.228704
14 0.538281 0.398148 0.029687 0.129630
14 0.513542 0.448148 0.023958 0.112963
19 0.538021 0.446759 0.026042 0.080556
19 0.511458 0.480556 0.028125 0.085185
30 0.484375 0.556019 0.045833 0.089815
29 0.359115 0.484722 0.079687 0.126852
34 0.311719 0.909259 0.082812 0.048148
13 0.659635 0.203704 0.052604 0.055556
