34 0.708854 0.060648 0.050000 0.017593
30 0.647396 0.151852 0.022917 0.053704
14 0.634896 0.143519 0.020833 0.096296
14 0.616146 0.152315 0.032292 0.110185
19 0.627604 0.170833 0.025000 0.069444
19 0.606250 0.191204 0.023958 0.071296
16 0.683073 0.210648 0.011979 0.041667
16 0.555729 0.192593 0.006250 0.012963
16 0.552344 0.197222 0.005729 0.012963
16 0.548958 0.200000 0.006250 0.012963
16 0.546354 0.205556 0.007292 0.011111
16 0.539323 0.215741 0.005729 0.011111
16 0.535156 0.219444 0.006771 0.011111
16 0.532292 0.223148 0.006250 0.011111
16 0.529427 0.231019 0.008854 0.010185
16 0.519531 0.204167 0.008854 0.013889
16 0.499219 0.233333 0.009896 0.012963
16 0.504427 0.270370 0.006771 0.012963
16 0.507812 0.262037 0.007292 0.009259
16 0.511979 0.256019 0.006250 0.008333
21 0.518750 0.243056 0.083333 0.119444
32 0.498698 0.167593 0.010937 0.022222
33 0.524479 0.136574 0.010417 0.037963
1 0.458073 0.180093 0.075521 0.082407
0 0.509635 0.125000 0.060937 0.075926
27 0.694792 0.203704 0.144792 0.198148
17 0.673177 0.378704 0.021354 0.048148
26 0.602083 0.360185 0.109375 0.192593
11 0.470052 0.374537 0.088021 0.160185
10 0.420052 0.455093 0.097396 0.184259
4 0.316406 0.484722 0.098437 0.121296
5 0.260937 0.559722 0.118750 0.145370
13 0.286719 0.726852 0.118229 0.192593
13 0.368229 0.583796 0.105208 0.169444
12 0.410156 0.686111 0.117188 0.207407
22 0.505729 0.542593 0.100000 0.153704
24 0.569531 0.668519 0.104688 0.183333
3 0.394010 0.337500 0.096354 0.071296
2 0.373698 0.366667 0.084896 0.094444
28 0.650000 0.313426 0.032292 0.091667
29 0.739844 0.197222 0.032813 0.077778
