21 0.522135 0.506250 0.289062 0.143056
16 0.461198 0.630903 0.047396 0.040972
0 0.410156 0.732292 0.151562 0.259028
31 0.535937 0.545833 0.026042 0.037500
16 0.396354 0.462500 0.026042 0.034722
16 0.416146 0.460417 0.025000 0.037500
16 0.433854 0.457292 0.022917 0.036806
16 0.452604 0.455903 0.019792 0.039583
16 0.488802 0.455903 0.021354 0.039583
16 0.508594 0.452778 0.020313 0.040278
16 0.527083 0.456250 0.023958 0.036111
16 0.545833 0.449653 0.018750 0.039583
16 0.600781 0.542014 0.019271 0.034028
16 0.625781 0.444097 0.018229 0.036806
16 0.641667 0.447222 0.019792 0.034722
16 0.658333 0.442361 0.020833 0.033333
7 0.592448 0.575347 0.080729 0.024306
2 0.842187 0.465972 0.042708 0.111111
4 0.937240 0.462153 0.029687 0.122917
5 0.980990 0.461458 0.038021 0.135417
1 0.876042 0.647222 0.247917 0.280556
3 0.809375 0.631944 0.381250 0.129167
11 0.765104 0.313194 0.179167 0.184722
10 0.896094 0.330208 0.132812 0.167361
13 0.957292 0.335069 0.070833 0.145139
13 0.985417 0.344097 0.029167 0.128472
12 0.945573 0.222222 0.093229 0.137500
22 0.842708 0.176389 0.093750 0.166667
24 0.836458 0.063889 0.089583 0.122222
26 0.696615 0.080208 0.225521 0.160417
28 0.503125 0.063889 0.120833 0.127778
27 0.315625 0.089236 0.194792 0.178472
29 0.131771 0.029861 0.150000 0.059722
30 0.107292 0.285069 0.089583 0.111806
14 0.167187 0.221181 0.106250 0.134028
19 0.196094 0.255556 0.092188 0.118056
14 0.295312 0.208333 0.085417 0.150000
19 0.317708 0.250000 0.075000 0.119444
