16 0.609896 0.460764 0.019792 0.024306
16 0.525781 0.453472 0.016146 0.030556
21 0.551302 0.429861 0.232813 0.113889
29 0.265885 0.050694 0.145313 0.068056
30 0.228906 0.255556 0.078646 0.080556
16 0.423438 0.029861 0.015625 0.027778
16 0.452083 0.373958 0.021875 0.025694
16 0.468490 0.376042 0.019271 0.027083
16 0.481771 0.376389 0.017708 0.027778
16 0.496875 0.375694 0.015625 0.029167
16 0.526823 0.381597 0.021354 0.022917
16 0.542448 0.381250 0.015104 0.029167
16 0.556771 0.382986 0.013542 0.028472
16 0.570573 0.382292 0.014063 0.028472
16 0.634896 0.390625 0.014583 0.029861
16 0.649479 0.394444 0.016667 0.027778
16 0.661458 0.393403 0.018750 0.027083
33 0.492188 0.433333 0.033333 0.038889
32 0.629427 0.430556 0.041146 0.029167
27 0.417969 0.103819 0.150521 0.207639
28 0.557813 0.120833 0.094792 0.119444
17 0.591406 0.069792 0.064062 0.035417
26 0.706771 0.106944 0.181250 0.213889
24 0.836458 0.141667 0.081250 0.106944
14 0.295833 0.202778 0.061458 0.122222
14 0.370312 0.196181 0.055208 0.174306
19 0.311198 0.235764 0.063021 0.102083
19 0.382552 0.257639 0.052604 0.097222
12 0.938802 0.275694 0.086979 0.122222
13 0.983333 0.387500 0.033333 0.122222
13 0.951302 0.371181 0.065104 0.132639
10 0.898438 0.360069 0.106250 0.150694
22 0.840365 0.232986 0.080729 0.136806
11 0.792708 0.370833 0.146875 0.159722
5 0.976302 0.536458 0.047396 0.224306
4 0.932552 0.550694 0.030729 0.244444
2 0.847656 0.588889 0.039062 0.255556
3 0.798958 0.590972 0.051042 0.268056
1 0.694010 0.572917 0.114062 0.294444
0 0.447135 0.554167 0.140104 0.318056
34 0.009896 0.275347 0.019792 0.078472
