26 0.292448 0.305093 0.084896 0.154630
21 0.453125 0.309259 0.078125 0.114815
34 0.686979 0.810185 0.031250 0.194444
17 0.283333 0.418519 0.012500 0.027778
30 0.506250 0.505093 0.050000 0.080556
19 0.472396 0.442130 0.026042 0.080556
14 0.468750 0.408333 0.023958 0.101852
16 0.448177 0.322222 0.004687 0.009259
16 0.444531 0.315741 0.004687 0.007407
16 0.441406 0.313426 0.004687 0.008333
16 0.455469 0.330093 0.005729 0.010185
16 0.459375 0.333333 0.006250 0.011111
16 0.463802 0.337963 0.006771 0.011111
16 0.466927 0.341204 0.006771 0.010185
16 0.469271 0.311574 0.008333 0.013889
31 0.448177 0.131944 0.019271 0.034259
0 0.517969 0.311111 0.076563 0.061111
1 0.418750 0.115278 0.057292 0.095370
11 0.366927 0.273611 0.067187 0.104630
10 0.334375 0.225000 0.047917 0.101852
14 0.438021 0.368981 0.022917 0.106481
24 0.223958 0.306019 0.048958 0.073148
12 0.261979 0.219907 0.041667 0.075000
13 0.304948 0.205556 0.032813 0.068519
13 0.284896 0.181019 0.037500 0.065741
5 0.350521 0.168056 0.078125 0.028704
16 0.444271 0.288426 0.008333 0.015741
16 0.436719 0.309722 0.005729 0.010185
16 0.386979 0.430093 0.019792 0.037963
28 0.339062 0.400926 0.052083 0.087037
27 0.357552 0.456944 0.142187 0.180556
29 0.394792 0.648611 0.081250 0.152778
19 0.444531 0.397222 0.026562 0.083333
16 0.413542 0.287500 0.006250 0.013889
