29 0.399479 0.170486 0.137500 0.063194
11 0.845313 0.549306 0.127083 0.154167
14 0.501302 0.353819 0.046354 0.152083
19 0.431771 0.370139 0.043750 0.087500
26 0.798177 0.320139 0.160938 0.213889
12 0.973958 0.496528 0.052083 0.115278
21 0.625781 0.602083 0.214062 0.137500
17 0.692969 0.262847 0.055729 0.040972
30 0.346354 0.361458 0.076042 0.074306
22 0.899740 0.451736 0.067187 0.135417
27 0.537240 0.202083 0.141146 0.322222
0 0.463542 0.657639 0.125000 0.290278
1 0.615104 0.635417 0.151042 0.298611
14 0.425000 0.335764 0.040625 0.109028
19 0.491667 0.404514 0.043750 0.095139
13 0.981250 0.592708 0.037500 0.127083
24 0.902865 0.359375 0.067187 0.107639
16 0.561198 0.219792 0.018229 0.017361
28 0.659635 0.310764 0.090104 0.115972
10 0.933333 0.578819 0.109375 0.138194
4 0.965104 0.762153 0.029167 0.232639
16 0.681771 0.643056 0.015625 0.023611
16 0.708073 0.580556 0.014063 0.027778
16 0.719531 0.586458 0.014063 0.027083
16 0.731771 0.587153 0.016667 0.024306
16 0.611458 0.558333 0.012500 0.018056
34 0.120313 0.292361 0.020833 0.090278
5 0.989844 0.813889 0.020313 0.087500
32 0.535677 0.510069 0.022396 0.032639
33 0.516667 0.526389 0.041667 0.043056
2 0.882552 0.789583 0.042188 0.243056
3 0.839063 0.758333 0.039583 0.251389
