3 0.684896 0.625694 0.268750 0.333333
11 0.769792 0.362500 0.138542 0.161111
14 0.378906 0.107292 0.051562 0.186806
19 0.308333 0.144097 0.055208 0.109028
26 0.703906 0.095139 0.173437 0.190278
12 0.903646 0.282292 0.078125 0.118750
16 0.446354 0.291319 0.021875 0.022917
21 0.536979 0.360069 0.231250 0.124306
17 0.591927 0.036111 0.060937 0.041667
30 0.216667 0.158681 0.083333 0.082639
22 0.815365 0.227083 0.071354 0.133333
16 0.564583 0.652431 0.026042 0.027083
27 0.425260 0.069792 0.151562 0.139583
0 0.488281 0.700000 0.182812 0.225000
1 0.691927 0.694444 0.240104 0.216667
14 0.295052 0.105208 0.046354 0.134028
19 0.378906 0.175000 0.050521 0.104167
13 0.955990 0.394444 0.055729 0.118056
13 0.915365 0.370139 0.053646 0.126389
24 0.814844 0.145486 0.073438 0.109028
16 0.408594 0.026042 0.013021 0.020139
28 0.557031 0.077778 0.097396 0.119444
10 0.861719 0.348958 0.104688 0.150694
5 0.931510 0.526389 0.039062 0.213889
4 0.891667 0.536111 0.027083 0.230556
2 0.810156 0.547917 0.036979 0.223611
7 0.831510 0.435069 0.048438 0.063194
16 0.461458 0.295139 0.019792 0.023611
16 0.476042 0.297917 0.017708 0.029167
16 0.489844 0.298264 0.016146 0.029861
16 0.518229 0.304861 0.019792 0.023611
16 0.547917 0.310069 0.015625 0.028472
16 0.561979 0.310764 0.014583 0.028472
16 0.622917 0.323958 0.013542 0.027083
16 0.634896 0.329861 0.014583 0.027778
16 0.647656 0.329861 0.016146 0.027778
16 0.600000 0.388194 0.015625 0.029167
16 0.516927 0.377083 0.022396 0.022222
31 0.559896 0.381597 0.016667 0.024306
