21 0.547396 0.545833 0.338542 0.161111
16 0.398698 0.496528 0.029687 0.047222
16 0.423438 0.494792 0.029167 0.046528
16 0.446354 0.493750 0.025000 0.048611
16 0.468229 0.491319 0.025000 0.050694
16 0.513281 0.493056 0.027604 0.047222
16 0.535677 0.491667 0.023438 0.050000
16 0.557292 0.488542 0.026042 0.047917
16 0.579167 0.486458 0.022917 0.049306
16 0.677344 0.483333 0.022396 0.047222
16 0.696875 0.485069 0.023958 0.040972
16 0.717448 0.481597 0.021354 0.039583
16 0.639844 0.597222 0.023438 0.045833
16 0.496094 0.611111 0.024479 0.047222
31 0.561719 0.602431 0.031771 0.043750
3 0.745313 0.725694 0.231250 0.176389
7 0.606510 0.634375 0.084896 0.060417
14 0.123177 0.240625 0.153646 0.139583
14 0.245573 0.193403 0.152604 0.245139
19 0.163542 0.273264 0.115625 0.127083
19 0.292448 0.276389 0.103646 0.134722
27 0.314063 0.083333 0.248958 0.166667
28 0.551823 0.057639 0.157812 0.115278
26 0.809635 0.095139 0.263021 0.190278
24 0.938281 0.085764 0.082812 0.120139
22 0.935677 0.210069 0.091146 0.203472
11 0.854427 0.425347 0.195312 0.211806
10 0.953646 0.409028 0.092708 0.173611
30 0.069792 0.304861 0.100000 0.105556
0 0.382031 0.754167 0.174479 0.384722
1 0.880208 0.815625 0.239583 0.347917
