16 0.429948 0.637847 0.038021 0.065972
7 0.532813 0.549306 0.055208 0.022222
31 0.506771 0.552431 0.019792 0.034028
0 0.387760 0.719792 0.133854 0.311806
16 0.373437 0.484375 0.023958 0.034028
16 0.391146 0.481944 0.022917 0.036111
16 0.408073 0.478125 0.020313 0.036806
16 0.425781 0.475694 0.019271 0.037500
16 0.459896 0.472569 0.019792 0.036806
16 0.478385 0.468403 0.020313 0.038194
16 0.495833 0.469792 0.023958 0.034028
16 0.512240 0.463194 0.019271 0.037500
16 0.590104 0.452083 0.016667 0.034722
16 0.605469 0.452778 0.020313 0.031944
16 0.620573 0.447569 0.021354 0.031250
16 0.571094 0.544792 0.017188 0.034028
21 0.496875 0.518056 0.279167 0.154167
4 0.902344 0.513194 0.035937 0.259722
3 0.727865 0.453125 0.357812 0.202083
5 0.947917 0.488889 0.052083 0.234722
11 0.719271 0.323611 0.173958 0.177778
10 0.852344 0.316319 0.131771 0.147917
13 0.913021 0.321875 0.078125 0.138194
13 0.960677 0.326736 0.070312 0.125694
12 0.894531 0.214931 0.097396 0.125694
22 0.789583 0.184722 0.096875 0.147222
24 0.778125 0.079514 0.091667 0.113194
26 0.632031 0.090972 0.214062 0.181944
17 0.496094 0.035417 0.074479 0.033333
28 0.460938 0.102778 0.109375 0.140278
16 0.303646 0.066667 0.041667 0.058333
27 0.273958 0.115625 0.212500 0.231250
29 0.126042 0.080556 0.156250 0.101389
14 0.158594 0.274653 0.096354 0.127083
14 0.275000 0.255208 0.079167 0.140972
19 0.184115 0.306250 0.083854 0.111111
19 0.295312 0.294097 0.071875 0.115972
30 0.100000 0.338542 0.084375 0.107639
1 0.818750 0.536111 0.259375 0.344444
