13 0.946354 0.525347 0.061458 0.107639
16 0.546615 0.623264 0.015104 0.024306
0 0.442448 0.721181 0.120313 0.264583
16 0.491406 0.556250 0.019271 0.022222
16 0.505208 0.556250 0.017708 0.023611
16 0.517708 0.556597 0.015625 0.025694
16 0.530208 0.556597 0.014583 0.027083
16 0.554948 0.559028 0.014063 0.025000
16 0.567969 0.557986 0.013021 0.027083
16 0.580729 0.561111 0.015625 0.026389
16 0.592187 0.558333 0.013542 0.027778
16 0.645833 0.560069 0.012500 0.025694
16 0.656771 0.561458 0.014583 0.022917
16 0.668229 0.559722 0.016667 0.022222
21 0.574219 0.599306 0.203646 0.093056
5 0.935937 0.660764 0.047917 0.202083
11 0.708594 0.512847 0.053646 0.124306
13 0.902344 0.519444 0.066146 0.112500
12 0.890625 0.435417 0.079167 0.104167
22 0.808594 0.369792 0.033854 0.029861
24 0.801823 0.324306 0.066146 0.091667
26 0.707292 0.297222 0.128125 0.183333
28 0.566146 0.321181 0.084375 0.104861
16 0.422396 0.259722 0.029167 0.043056
27 0.428906 0.229167 0.156771 0.305556
29 0.302083 0.221181 0.136458 0.050694
14 0.342969 0.387500 0.041146 0.105556
14 0.445573 0.403125 0.040104 0.107639
19 0.352865 0.419444 0.047396 0.087500
19 0.439323 0.437153 0.042188 0.082639
30 0.268229 0.417708 0.072917 0.071528
1 0.673177 0.310417 0.268229 0.270833
34 0.031771 0.380903 0.028125 0.092361
31 0.554167 0.314236 0.050000 0.110417
