11 0.891927 0.586111 0.068229 0.123611
14 0.462760 0.452431 0.050521 0.152083
19 0.390625 0.470139 0.057292 0.087500
26 0.799219 0.348958 0.180729 0.232639
12 0.979427 0.496528 0.041146 0.105556
16 0.602865 0.740972 0.015104 0.031944
21 0.621875 0.700000 0.231250 0.116667
17 0.694792 0.293403 0.029167 0.028472
30 0.314323 0.465972 0.051562 0.076389
22 0.909896 0.471181 0.075000 0.143750
27 0.504167 0.262500 0.161458 0.355556
0 0.348177 0.251736 0.174479 0.247917
1 0.640104 0.262153 0.138542 0.275694
14 0.376823 0.438889 0.055729 0.104167
19 0.464323 0.503472 0.049479 0.091667
13 0.984896 0.559722 0.030208 0.029167
24 0.911979 0.361806 0.065625 0.111111
16 0.496094 0.255208 0.015104 0.028472
28 0.625000 0.365972 0.060417 0.109722
10 0.957812 0.611458 0.084375 0.131250
4 0.983854 0.789236 0.026042 0.240972
16 0.534635 0.649306 0.023438 0.025000
16 0.550000 0.652778 0.019792 0.027778
16 0.564063 0.652778 0.018750 0.027778
16 0.577865 0.654861 0.016146 0.030556
16 0.619792 0.661458 0.015625 0.031250
16 0.650521 0.664583 0.016667 0.027778
16 0.711458 0.670833 0.014583 0.030556
16 0.723177 0.671528 0.010937 0.029167
16 0.634115 0.661458 0.016146 0.031250
16 0.684375 0.744792 0.017708 0.027083
29 0.344010 0.226736 0.151562 0.057639
34 0.060417 0.402083 0.026042 0.104167
16 0.605469 0.660417 0.014063 0.031944
31 0.519792 0.313542 0.023958 0.064583
