3 0.779948 0.537153 0.314063 0.128472
11 0.744010 0.370139 0.155729 0.180556
14 0.289583 0.226389 0.077083 0.165278
19 0.245052 0.269792 0.069271 0.097917
26 0.639583 0.094792 0.188542 0.189583
12 0.917188 0.232639 0.097917 0.127778
16 0.384896 0.390625 0.021875 0.025694
21 0.497135 0.431597 0.247396 0.117361
17 0.522917 0.062847 0.061458 0.028472
30 0.175000 0.298264 0.072917 0.085417
22 0.804167 0.198611 0.092708 0.138889
27 0.342969 0.114931 0.165104 0.229861
0 0.407552 0.543403 0.135937 0.240972
1 0.840625 0.616319 0.233333 0.271528
14 0.219010 0.240625 0.063021 0.111806
19 0.310156 0.282292 0.066146 0.097917
13 0.975260 0.346528 0.049479 0.131944
13 0.930469 0.334375 0.081771 0.139583
24 0.798177 0.102431 0.092188 0.104861
16 0.361458 0.085417 0.035417 0.048611
28 0.488021 0.119792 0.093750 0.121528
10 0.859115 0.328125 0.140104 0.160417
5 0.971875 0.508333 0.053125 0.247222
4 0.916927 0.529167 0.038021 0.262500
2 0.811979 0.474306 0.046875 0.069444
7 0.596875 0.576736 0.075000 0.014583
16 0.400260 0.390278 0.019271 0.026389
16 0.414583 0.388889 0.017708 0.029167
16 0.429427 0.387153 0.017188 0.029861
16 0.459375 0.386111 0.019792 0.025000
16 0.475000 0.384028 0.015625 0.029167
16 0.504687 0.380208 0.014583 0.028472
16 0.573438 0.377431 0.014583 0.029861
16 0.589063 0.378819 0.019792 0.027083
16 0.603125 0.375694 0.019792 0.027778
16 0.552865 0.454167 0.016146 0.030556
16 0.454688 0.455903 0.017708 0.028472
31 0.508854 0.450000 0.014583 0.030556
29 0.208333 0.090625 0.131250 0.078472
16 0.490365 0.384375 0.017188 0.029861
