30 0.126042 0.364931 0.068750 0.086806
29 0.149219 0.176736 0.126562 0.075694
17 0.263802 0.174653 0.071354 0.032639
14 0.178646 0.301389 0.063542 0.109722
14 0.237240 0.284375 0.059896 0.114583
19 0.195573 0.330208 0.060937 0.093750
19 0.251563 0.317014 0.055208 0.096528
16 0.324479 0.307292 0.016667 0.022917
16 0.336979 0.305556 0.014583 0.023611
16 0.349479 0.303819 0.013542 0.022917
16 0.361198 0.301736 0.013021 0.024306
16 0.383594 0.297917 0.013021 0.023611
16 0.396615 0.296528 0.013021 0.023611
16 0.409115 0.294444 0.013021 0.023611
16 0.419792 0.291319 0.014583 0.021528
16 0.479167 0.286458 0.013542 0.022917
16 0.490885 0.285069 0.017188 0.020139
16 0.501302 0.282986 0.018229 0.020139
16 0.389323 0.353125 0.016146 0.021528
16 0.464844 0.340278 0.015104 0.020833
31 0.426823 0.340278 0.014063 0.026389
21 0.418490 0.341667 0.207813 0.109722
17 0.361979 0.522222 0.016667 0.111111
17 0.389583 0.518056 0.017708 0.109722
17 0.408333 0.514931 0.017708 0.109028
17 0.426823 0.512153 0.019271 0.109028
17 0.445573 0.508681 0.019271 0.109028
17 0.463281 0.505208 0.020313 0.107639
22 0.414583 0.521181 0.136458 0.138194
16 0.216146 0.106944 0.010417 0.018056
27 0.266667 0.145486 0.163542 0.290972
28 0.407552 0.186458 0.080729 0.104861
26 0.533594 0.129167 0.158854 0.193056
24 0.675781 0.142708 0.084896 0.077083
23 0.705729 0.222222 0.071875 0.111111
11 0.785937 0.215625 0.098958 0.099306
10 0.799479 0.307986 0.114583 0.132639
13 0.870573 0.318403 0.064062 0.111806
13 0.717187 0.333681 0.109375 0.115972
12 0.627083 0.385069 0.138542 0.145139
2 0.856510 0.464931 0.068229 0.188194
3 0.831510 0.493403 0.058854 0.204861
5 0.706510 0.423264 0.046354 0.049306
4 0.663021 0.487500 0.263542 0.111111
8 0.802083 0.444792 0.028125 0.013194
1 0.690365 0.573611 0.199479 0.280556
0 0.498437 0.628819 0.180208 0.310417
