30 0.141927 0.418403 0.070312 0.082639
29 0.165885 0.213194 0.129688 0.073611
16 0.291146 0.185764 0.013542 0.025694
27 0.295833 0.188194 0.163542 0.320833
14 0.203906 0.364931 0.069271 0.097917
14 0.294271 0.361458 0.058333 0.111806
19 0.221875 0.395833 0.062500 0.093056
19 0.308594 0.393750 0.054688 0.090278
28 0.432292 0.240972 0.085417 0.112500
17 0.461458 0.182986 0.055208 0.025694
26 0.565365 0.189931 0.166146 0.211806
7 0.632552 0.134375 0.034896 0.032639
3 0.752604 0.066319 0.226042 0.132639
22 0.692969 0.270486 0.035937 0.093750
12 0.830469 0.295486 0.076563 0.106250
13 0.893750 0.384722 0.073958 0.113889
13 0.844010 0.386458 0.075521 0.118750
5 0.891406 0.531944 0.065104 0.216667
4 0.851042 0.557292 0.055208 0.228472
2 0.671615 0.525000 0.031771 0.112500
10 0.643229 0.370486 0.114583 0.161806
1 0.782292 0.152778 0.162500 0.305556
24 0.502083 0.577083 0.141667 0.143056
16 0.360417 0.351389 0.016667 0.025000
16 0.372917 0.349306 0.012500 0.026389
16 0.385156 0.347222 0.013021 0.025000
16 0.421354 0.341319 0.013542 0.025694
16 0.435156 0.339583 0.013021 0.023611
16 0.447917 0.337847 0.012500 0.024306
16 0.458854 0.334375 0.012500 0.022917
16 0.366406 0.406944 0.014063 0.025000
16 0.454688 0.394097 0.014583 0.025694
16 0.502865 0.386458 0.017188 0.020139
16 0.515885 0.328819 0.011979 0.022917
16 0.528125 0.328819 0.015625 0.021528
16 0.540104 0.326736 0.012500 0.022917
31 0.471354 0.332292 0.013542 0.027083
21 0.454688 0.384722 0.210417 0.109722
0 0.399219 0.618403 0.166146 0.220139
