34 0.127344 0.341319 0.028646 0.096528
29 0.421094 0.193403 0.145313 0.060417
30 0.411458 0.399653 0.034375 0.074306
0 0.365625 0.388194 0.150000 0.309722
14 0.494531 0.339931 0.043229 0.167361
14 0.572656 0.403819 0.031771 0.095139
19 0.489323 0.407292 0.045312 0.089583
19 0.567448 0.427778 0.048438 0.090278
17 0.721354 0.269097 0.054167 0.038194
28 0.700781 0.318403 0.081771 0.109028
26 0.829948 0.320139 0.156771 0.211111
12 0.983073 0.460417 0.033854 0.093056
22 0.924479 0.431250 0.069792 0.120833
11 0.940104 0.551736 0.104167 0.147917
10 0.878125 0.506597 0.122917 0.161806
4 0.993229 0.672917 0.013542 0.118056
3 0.914323 0.752083 0.032813 0.238889
16 0.772656 0.434028 0.013021 0.023611
16 0.783594 0.437847 0.013021 0.022917
16 0.792969 0.438194 0.010937 0.020833
21 0.779167 0.462847 0.036458 0.061806
27 0.581250 0.226389 0.136458 0.313889
2 0.538021 0.187153 0.085417 0.320139
6 0.499219 0.343056 0.016146 0.026389
1 0.584896 0.211111 0.164583 0.376389
24 0.664062 0.660764 0.042708 0.102083
