18 0.259375 0.482292 0.028125 0.110417
18 0.389844 0.377431 0.076563 0.053472
18 0.439063 0.346875 0.077083 0.045139
17 0.294531 0.481944 0.018229 0.113889
17 0.325260 0.476736 0.018229 0.113194
17 0.345833 0.471875 0.019792 0.111806
17 0.366146 0.467014 0.020833 0.125694
17 0.387500 0.463542 0.020833 0.124306
17 0.407552 0.460069 0.021354 0.124306
22 0.352604 0.476389 0.148958 0.156944
16 0.235417 0.240278 0.018750 0.031944
16 0.248698 0.236806 0.016146 0.031944
16 0.262240 0.232639 0.016146 0.031944
16 0.276562 0.230903 0.015625 0.032639
16 0.302344 0.223958 0.017188 0.031250
16 0.316146 0.221528 0.015625 0.030556
16 0.330729 0.219097 0.015625 0.029861
16 0.343750 0.215278 0.017708 0.029167
16 0.307292 0.288194 0.022917 0.023611
31 0.348438 0.275000 0.017708 0.030556
16 0.377604 0.273611 0.020833 0.025000
16 0.412500 0.204861 0.015625 0.030556
16 0.424219 0.204514 0.017188 0.028472
16 0.438802 0.202431 0.021354 0.028472
21 0.345573 0.272222 0.236979 0.134722
16 0.135417 0.013889 0.012500 0.019444
17 0.170052 0.088194 0.079687 0.041667
29 0.065365 0.097917 0.130729 0.094444
19 0.159375 0.252431 0.073958 0.106250
19 0.103906 0.267014 0.076563 0.102083
14 0.137760 0.219097 0.080729 0.122917
14 0.080729 0.236806 0.083333 0.112500
30 0.036198 0.307292 0.072396 0.103472
28 0.340625 0.089931 0.097917 0.122917
26 0.487500 0.067361 0.185417 0.134722
24 0.660937 0.044792 0.095833 0.089583
23 0.689323 0.124653 0.076563 0.107639
11 0.782552 0.139236 0.110937 0.121528
13 0.870052 0.254167 0.063021 0.112500
10 0.797917 0.243056 0.116667 0.152778
12 0.684896 0.208333 0.129167 0.125000
13 0.646615 0.329861 0.140104 0.206944
0 0.537760 0.384028 0.136979 0.361111
9 0.678385 0.357986 0.049479 0.132639
5 0.830208 0.347222 0.279167 0.188889
1 0.898698 0.395833 0.202604 0.345833
4 0.713021 0.502431 0.038542 0.235417
3 0.817187 0.418403 0.030208 0.122917
27 0.182292 0.110764 0.187500 0.221528
