0 0.417969 0.520833 0.193229 0.251389
29 0.266667 0.031250 0.145833 0.062500
30 0.218229 0.238194 0.082292 0.081944
16 0.412760 0.015972 0.015104 0.027778
16 0.470833 0.209028 0.019792 0.026389
16 0.484635 0.208681 0.014063 0.027083
16 0.498437 0.210069 0.014583 0.027083
16 0.538802 0.213542 0.015104 0.027083
16 0.553906 0.215972 0.016146 0.023611
16 0.567187 0.218056 0.013542 0.025000
16 0.580729 0.218056 0.013542 0.026389
16 0.467969 0.270139 0.021354 0.020833
16 0.568750 0.277778 0.014583 0.027778
16 0.641406 0.229514 0.014063 0.025694
16 0.654687 0.232639 0.015625 0.025000
16 0.667188 0.234375 0.013542 0.024306
16 0.621875 0.285417 0.015625 0.025000
31 0.594271 0.217708 0.014583 0.029861
21 0.564063 0.268750 0.226042 0.115278
27 0.419271 0.098611 0.154167 0.197222
28 0.558073 0.114236 0.099479 0.122917
17 0.595313 0.063194 0.060417 0.038889
26 0.714323 0.111458 0.188021 0.222917
12 0.949479 0.294792 0.086458 0.125694
22 0.850260 0.242014 0.080729 0.136806
13 0.963021 0.394444 0.059375 0.134722
10 0.773698 0.313889 0.147396 0.169444
5 0.980208 0.564236 0.039583 0.232639
24 0.557292 0.514583 0.144792 0.133333
25 0.428906 0.514931 0.149479 0.138194
2 0.806510 0.379514 0.343229 0.177083
1 0.876042 0.455556 0.243750 0.316667
6 0.607031 0.463542 0.093229 0.035417
14 0.292448 0.184028 0.067187 0.122222
14 0.373958 0.184375 0.047917 0.131250
19 0.308854 0.219444 0.062500 0.105556
19 0.387760 0.223264 0.053646 0.102083
13 0.990104 0.407292 0.019792 0.117361
34 0.006771 0.255556 0.013542 0.063889
4 0.938802 0.590278 0.030729 0.230556
