34 0.110937 0.300694 0.022917 0.087500
30 0.336458 0.350347 0.065625 0.072917
29 0.383073 0.177083 0.133854 0.059722
17 0.518490 0.237153 0.071354 0.049306
14 0.420052 0.324653 0.038021 0.107639
14 0.481250 0.338542 0.038542 0.111806
19 0.425000 0.359028 0.041667 0.086111
19 0.476302 0.374306 0.042188 0.084722
16 0.549740 0.392708 0.018229 0.021528
16 0.561458 0.395486 0.014583 0.022917
16 0.573177 0.397222 0.013021 0.023611
16 0.584635 0.398264 0.011979 0.021528
17 0.598177 0.637847 0.024479 0.093750
17 0.614323 0.643056 0.023438 0.093056
17 0.630729 0.650347 0.022917 0.093750
17 0.646875 0.655903 0.021875 0.092361
17 0.662760 0.663194 0.021354 0.094444
18 0.646875 0.557292 0.063542 0.028472
18 0.687760 0.586111 0.022396 0.051389
18 0.692969 0.588889 0.024479 0.052778
18 0.696615 0.588542 0.021354 0.047917
17 0.578385 0.442708 0.111979 0.028472
21 0.584115 0.441319 0.115104 0.099306
16 0.460156 0.137847 0.007812 0.017361
27 0.516406 0.201389 0.131771 0.304167
28 0.640104 0.301736 0.083333 0.107639
26 0.767708 0.301389 0.155208 0.202778
24 0.871354 0.337847 0.067708 0.099306
23 0.886979 0.423264 0.052083 0.117361
22 0.611979 0.647569 0.133333 0.153472
2 0.973958 0.711458 0.028125 0.195139
3 0.953125 0.733333 0.025000 0.206944
4 0.872656 0.614583 0.032813 0.087500
11 0.954688 0.451736 0.086458 0.117361
10 0.953906 0.544792 0.092188 0.132639
12 0.880729 0.510764 0.095833 0.143750
13 0.803646 0.470139 0.105208 0.125000
1 0.687240 0.493056 0.239063 0.283333
0 0.443750 0.657986 0.145833 0.367361
