5 0.653906 0.226389 0.038021 0.056481
0 0.564063 0.523148 0.048958 0.114815
29 0.579948 0.485185 0.023438 0.040741
26 0.518750 0.286574 0.053125 0.126852
24 0.520573 0.726389 0.109896 0.160185
30 0.486458 0.593519 0.032292 0.083333
14 0.407292 0.625463 0.033333 0.119444
19 0.414062 0.664815 0.035417 0.098148
22 0.404427 0.584722 0.098437 0.126852
17 0.425000 0.408796 0.010417 0.047222
28 0.464062 0.438889 0.054167 0.092593
27 0.490885 0.331481 0.110937 0.205556
16 0.515104 0.326389 0.009375 0.013889
19 0.565104 0.401852 0.023958 0.077778
14 0.569531 0.377315 0.021354 0.100926
13 0.548438 0.222685 0.040625 0.062037
10 0.589063 0.262037 0.053125 0.088889
11 0.589844 0.339352 0.061979 0.102778
3 0.602083 0.399074 0.077083 0.153704
2 0.664062 0.296759 0.088542 0.034259
4 0.680208 0.289352 0.091667 0.041667
12 0.692969 0.260185 0.049479 0.070370
13 0.655469 0.251852 0.045312 0.053704
1 0.606771 0.428704 0.073958 0.100000
16 0.573698 0.476852 0.009896 0.016667
21 0.619271 0.500000 0.065625 0.135185
16 0.594010 0.506019 0.009896 0.013889
16 0.595573 0.499074 0.009896 0.014815
16 0.602344 0.479630 0.009896 0.012963
16 0.622396 0.466667 0.010417 0.012963
16 0.618229 0.481019 0.011458 0.013889
16 0.613281 0.494907 0.011979 0.013889
16 0.610156 0.507870 0.010937 0.013889
16 0.606771 0.523611 0.012500 0.015741
16 0.621094 0.530556 0.009896 0.014815
7 0.643750 0.312500 0.009375 0.019444
