17 0.288021 0.240625 0.035417 0.060417
16 0.360156 0.191667 0.014063 0.023611
27 0.351562 0.202778 0.169792 0.295833
28 0.267708 0.322917 0.087500 0.113889
16 0.264323 0.478472 0.018229 0.027778
16 0.266406 0.506597 0.018229 0.025694
16 0.273698 0.448264 0.018229 0.024306
16 0.284115 0.441667 0.016146 0.027778
16 0.287500 0.468403 0.018750 0.027083
16 0.300521 0.490972 0.013542 0.029167
16 0.309375 0.459375 0.014583 0.028472
16 0.316927 0.430208 0.017188 0.022917
16 0.333073 0.450347 0.018229 0.027083
16 0.356771 0.441667 0.016667 0.027778
31 0.434115 0.379167 0.017188 0.034722
16 0.415625 0.419097 0.021875 0.029861
16 0.439844 0.405903 0.020313 0.020139
16 0.443229 0.423611 0.019792 0.026389
21 0.362500 0.457639 0.207292 0.158333
29 0.328646 0.393750 0.164583 0.095833
22 0.111979 0.448264 0.070833 0.154861
30 0.138542 0.556944 0.066667 0.080556
19 0.188281 0.539931 0.071354 0.086806
14 0.165885 0.516319 0.082812 0.090972
25 0.215365 0.690278 0.125521 0.163889
24 0.426823 0.650347 0.156771 0.170139
0 0.336719 0.703472 0.141146 0.220833
34 0.659896 0.463542 0.054167 0.156250
11 0.576562 0.554167 0.112500 0.269444
14 0.508333 0.319792 0.051042 0.159028
19 0.511458 0.376042 0.042708 0.090972
6 0.538542 0.289236 0.067708 0.053472
2 0.685677 0.169792 0.246354 0.217361
1 0.752604 0.189931 0.166667 0.206250
13 0.690625 0.109028 0.085417 0.081944
11 0.664583 0.298264 0.080208 0.149306
4 0.827344 0.393056 0.097396 0.191667
5 0.832031 0.268403 0.116146 0.095139
12 0.874219 0.366667 0.110937 0.113889
13 0.826823 0.291667 0.101562 0.108333
26 0.485677 0.192708 0.146354 0.202083
10 0.589844 0.324653 0.142187 0.184028
