2 0.457552 0.213426 0.088021 0.067593
28 0.674219 0.372222 0.050521 0.066667
27 0.700781 0.406481 0.121354 0.196296
5 0.339583 0.683796 0.154167 0.252778
12 0.290104 0.657870 0.111458 0.180556
13 0.345313 0.713889 0.111458 0.172222
4 0.354948 0.618056 0.116146 0.108333
11 0.489323 0.623148 0.105729 0.196296
10 0.510938 0.464352 0.079167 0.152778
1 0.359635 0.407870 0.075521 0.089815
34 0.379948 0.404630 0.022396 0.018519
0 0.466406 0.217130 0.040104 0.062037
24 0.514844 0.338426 0.058854 0.075000
25 0.591667 0.283796 0.047917 0.058333
21 0.578125 0.372685 0.079167 0.102778
16 0.592708 0.318056 0.009375 0.015741
16 0.602604 0.324074 0.008333 0.018519
16 0.609896 0.332870 0.009375 0.017593
16 0.608854 0.337037 0.008333 0.016667
16 0.587500 0.325926 0.010417 0.016667
16 0.591667 0.337963 0.008333 0.012963
16 0.598698 0.329630 0.007812 0.014815
16 0.598958 0.349074 0.008333 0.014815
16 0.586719 0.346759 0.009896 0.013889
16 0.579948 0.356944 0.008854 0.012037
16 0.551562 0.386574 0.008333 0.013889
14 0.564583 0.399537 0.021875 0.097222
19 0.560937 0.426389 0.025000 0.080556
19 0.627344 0.298611 0.023438 0.067593
14 0.632031 0.275926 0.023438 0.088889
30 0.641667 0.287963 0.014583 0.046296
29 0.619531 0.352315 0.031771 0.036111
26 0.613802 0.458333 0.088021 0.185185
16 0.666146 0.374074 0.009375 0.020370
22 0.691406 0.298148 0.065104 0.070370
13 0.551823 0.901852 0.117188 0.200000
3 0.471615 0.393519 0.063021 0.053704
