14 0.145833 0.301389 0.067708 0.109722
19 0.165365 0.331597 0.063021 0.093750
22 0.245833 0.263542 0.088542 0.140972
30 0.277865 0.369444 0.084896 0.108333
24 0.185417 0.512153 0.096875 0.174306
17 0.455990 0.132639 0.047396 0.037500
28 0.442708 0.203125 0.083333 0.107639
16 0.591146 0.162153 0.012500 0.013194
27 0.563021 0.148264 0.135417 0.296528
14 0.608594 0.293750 0.058854 0.111111
19 0.594531 0.327083 0.055729 0.094444
26 0.679427 0.148264 0.121354 0.182639
13 0.834635 0.169097 0.079687 0.079861
10 0.826562 0.253125 0.112500 0.131250
13 0.928125 0.376042 0.081250 0.084028
5 0.939323 0.355556 0.085938 0.076389
12 0.957031 0.452778 0.083854 0.100000
4 0.908594 0.456597 0.069271 0.204861
2 0.883333 0.431250 0.080208 0.193056
11 0.725781 0.322917 0.140104 0.140278
34 0.701042 0.487847 0.113542 0.034028
31 0.633333 0.444097 0.017708 0.029861
16 0.641406 0.480556 0.017188 0.018056
16 0.492448 0.501389 0.019271 0.027778
16 0.465104 0.505903 0.015625 0.028472
16 0.463281 0.472917 0.015104 0.020833
16 0.449479 0.473264 0.017708 0.025694
16 0.435677 0.511111 0.016146 0.029167
16 0.439323 0.550347 0.024479 0.022917
21 0.528646 0.511111 0.222917 0.127778
7 0.714323 0.382639 0.072396 0.012500
3 0.556510 0.396181 0.265104 0.064583
1 0.495573 0.420833 0.111979 0.170833
0 0.391927 0.436458 0.118229 0.131250
