27 0.491406 0.331944 0.113021 0.200926
21 0.564323 0.584259 0.089063 0.175926
22 0.658854 0.495833 0.051042 0.075000
13 0.549219 0.227315 0.045312 0.063889
10 0.609896 0.235185 0.050000 0.085185
11 0.582292 0.271296 0.057292 0.077778
13 0.629948 0.307870 0.048438 0.080556
12 0.594271 0.334259 0.039583 0.088889
14 0.570573 0.339815 0.019271 0.088889
19 0.566667 0.365741 0.021875 0.068519
26 0.520312 0.284259 0.052083 0.127778
17 0.505208 0.321759 0.037500 0.015741
28 0.464583 0.438889 0.053125 0.090741
16 0.422917 0.378704 0.009375 0.014815
14 0.408594 0.624537 0.031771 0.117593
19 0.414583 0.659722 0.034375 0.102778
29 0.472917 0.578241 0.067708 0.145370
30 0.532292 0.473611 0.039583 0.071296
34 0.617708 0.412963 0.019792 0.055556
3 0.689583 0.318056 0.080208 0.050926
4 0.682813 0.351852 0.106250 0.053704
5 0.691406 0.312963 0.079687 0.229630
9 0.669792 0.419444 0.044792 0.051852
17 0.662760 0.466204 0.044271 0.021296
17 0.662240 0.475463 0.044271 0.021296
17 0.661979 0.485185 0.044792 0.022222
17 0.664062 0.495833 0.039583 0.019444
17 0.668490 0.508333 0.024479 0.016667
17 0.658854 0.518056 0.042708 0.019444
1 0.721354 0.258333 0.064583 0.125926
0 0.661458 0.542130 0.081250 0.128704
18 0.594271 0.482870 0.037500 0.026852
18 0.593750 0.496759 0.030208 0.017593
16 0.528385 0.613889 0.010937 0.020370
16 0.536458 0.593519 0.010417 0.022222
16 0.545573 0.566204 0.011979 0.013889
16 0.558333 0.583333 0.010417 0.016667
16 0.563802 0.566667 0.011979 0.014815
16 0.545052 0.620370 0.009896 0.016667
16 0.552083 0.601852 0.012500 0.014815
16 0.560417 0.632407 0.009375 0.016667
16 0.586198 0.560648 0.013021 0.017593
16 0.584635 0.511111 0.008854 0.012963
16 0.588542 0.498148 0.008333 0.014815
16 0.596615 0.502778 0.007812 0.016667
31 0.575781 0.488889 0.011979 0.024074
24 0.520573 0.727315 0.108854 0.158333
23 0.617188 0.650463 0.083333 0.150926
16 0.567708 0.618981 0.013542 0.028704
