23 0.278646 0.388194 0.166667 0.159722
24 0.145052 0.245139 0.117188 0.198611
31 0.457292 0.161458 0.018750 0.042361
16 0.453385 0.202778 0.028646 0.025000
16 0.453125 0.227431 0.029167 0.032639
16 0.420052 0.205556 0.028646 0.031944
16 0.304167 0.202431 0.021875 0.036806
16 0.293229 0.166319 0.021875 0.035417
16 0.248958 0.170139 0.020833 0.034722
16 0.274740 0.206250 0.022396 0.034722
16 0.244010 0.207986 0.023438 0.035417
16 0.219010 0.175347 0.025521 0.029861
16 0.215104 0.212500 0.026042 0.031944
16 0.238542 0.247917 0.021875 0.034722
16 0.208854 0.252431 0.027083 0.031250
21 0.340365 0.223264 0.274479 0.122917
18 0.518490 0.215278 0.029687 0.102778
29 0.274219 0.058333 0.204687 0.091667
19 0.136979 0.050000 0.077083 0.100000
14 0.115104 0.036111 0.072917 0.072222
30 0.484115 0.064583 0.089063 0.091667
27 0.629427 0.028819 0.148438 0.057639
19 0.723437 0.075694 0.078125 0.112500
14 0.747396 0.053472 0.087500 0.106944
12 0.803906 0.099306 0.109896 0.126389
13 0.943750 0.042014 0.088542 0.084028
11 0.904948 0.080556 0.125521 0.116667
10 0.977865 0.157639 0.044271 0.155556
13 0.942187 0.230208 0.046875 0.129861
4 0.727865 0.232292 0.467187 0.379861
1 0.861458 0.248611 0.261458 0.363889
5 0.916667 0.453125 0.062500 0.257639
3 0.941667 0.419097 0.043750 0.252083
2 0.959896 0.361111 0.031250 0.176389
8 0.494271 0.417708 0.028125 0.028472
16 0.475521 0.414931 0.059375 0.075694
0 0.421094 0.500347 0.153646 0.240972
17 0.639323 0.392014 0.015104 0.118750
17 0.617448 0.380556 0.015104 0.137500
17 0.595573 0.378472 0.014063 0.138889
17 0.572656 0.377083 0.014063 0.140278
17 0.550000 0.375000 0.014583 0.140278
17 0.514062 0.373958 0.014583 0.127083
22 0.572396 0.381597 0.158333 0.159028
