24 0.421094 0.461806 0.185938 0.205556
25 0.189844 0.455208 0.147396 0.190972
0 0.312240 0.518056 0.169271 0.263889
3 0.589063 0.343750 0.216667 0.213889
1 0.582552 0.367708 0.134896 0.220139
34 0.723698 0.370833 0.024479 0.183333
2 0.761719 0.306944 0.106771 0.258333
4 0.847396 0.248611 0.103125 0.231944
12 0.906771 0.241319 0.106250 0.118750
13 0.868490 0.156597 0.101562 0.102083
5 0.878646 0.128819 0.113542 0.089583
11 0.737760 0.107986 0.122396 0.154861
10 0.637760 0.110417 0.153646 0.169444
14 0.557813 0.085069 0.055208 0.170139
19 0.545312 0.137500 0.059375 0.113889
27 0.384896 0.049306 0.154167 0.098611
28 0.263542 0.061111 0.102083 0.122222
29 0.332031 0.135764 0.196354 0.092361
31 0.458073 0.132986 0.017188 0.042361
16 0.319271 0.172222 0.025000 0.027778
16 0.279687 0.180903 0.020833 0.031250
16 0.265104 0.188194 0.020833 0.030556
16 0.251563 0.219444 0.018750 0.031944
16 0.278385 0.206250 0.017188 0.023611
16 0.251823 0.250000 0.016146 0.026389
16 0.296354 0.234375 0.016667 0.028472
16 0.307552 0.196875 0.016146 0.025694
16 0.334375 0.187847 0.016667 0.025694
16 0.363542 0.179861 0.015625 0.025000
16 0.435937 0.165625 0.017708 0.021528
16 0.463021 0.158681 0.022917 0.017361
16 0.466406 0.179167 0.024479 0.027778
21 0.366146 0.213194 0.241667 0.152778
22 0.074740 0.198264 0.085938 0.174306
30 0.103125 0.308333 0.080208 0.104167
19 0.164844 0.293403 0.081771 0.107639
14 0.140104 0.262500 0.094792 0.122222
26 0.504427 0.031250 0.076563 0.062500
