34 0.048698 0.832639 0.014063 0.136111
28 0.342708 0.488542 0.075000 0.115972
30 0.329688 0.596181 0.076042 0.099306
19 0.318229 0.671528 0.047917 0.086111
14 0.446875 0.568056 0.064583 0.115278
19 0.462240 0.601389 0.059896 0.095833
16 0.398177 0.327778 0.031771 0.038889
16 0.422396 0.385417 0.017708 0.051389
16 0.364323 0.831250 0.016146 0.033333
16 0.377865 0.824306 0.016146 0.034722
16 0.391927 0.817014 0.016146 0.035417
16 0.418229 0.805208 0.017708 0.031250
16 0.433073 0.794792 0.017188 0.029861
16 0.463281 0.782986 0.018229 0.032639
16 0.477083 0.772569 0.016667 0.032639
16 0.546094 0.734028 0.017188 0.033333
16 0.561458 0.724653 0.016667 0.031250
16 0.373437 0.869444 0.016667 0.031944
16 0.483333 0.860417 0.018750 0.034722
16 0.574740 0.719097 0.025521 0.022917
31 0.451302 0.872569 0.019271 0.032639
21 0.490885 0.818403 0.259896 0.218750
27 0.423958 0.351736 0.187500 0.292361
0 0.334635 0.350347 0.147396 0.170139
26 0.569010 0.325347 0.135937 0.207639
29 0.758594 0.294792 0.113021 0.070139
13 0.804688 0.331597 0.110417 0.109028
12 0.923698 0.372569 0.103646 0.106250
13 0.950521 0.467361 0.098958 0.118056
10 0.853646 0.414236 0.141667 0.172917
34 0.924219 0.601042 0.056771 0.160417
11 0.686719 0.471181 0.185938 0.304861
3 0.725000 0.760069 0.186458 0.246528
1 0.731771 0.949653 0.116667 0.100694
