2 0.727083 0.343056 0.088542 0.175000
5 0.653906 0.226852 0.039062 0.057407
27 0.471875 0.327778 0.110417 0.203704
22 0.404167 0.584722 0.097917 0.126852
30 0.486719 0.593056 0.032813 0.082407
25 0.552083 0.620833 0.072917 0.132407
19 0.502083 0.527315 0.028125 0.086111
14 0.502865 0.498148 0.025521 0.111111
17 0.425260 0.406019 0.021354 0.041667
28 0.462760 0.436574 0.052604 0.091667
29 0.529167 0.441204 0.039583 0.100926
16 0.482552 0.347222 0.010937 0.038889
26 0.531510 0.298611 0.057813 0.141667
19 0.567969 0.367130 0.022396 0.069444
14 0.572396 0.342593 0.021875 0.088889
13 0.548177 0.218056 0.041146 0.054630
11 0.595052 0.269907 0.055729 0.069444
10 0.603906 0.330556 0.057813 0.111111
12 0.692969 0.260185 0.049479 0.070370
13 0.655469 0.252315 0.044271 0.052778
4 0.676302 0.287963 0.083854 0.038889
3 0.658594 0.415741 0.103646 0.064815
24 0.641146 0.500000 0.061458 0.101852
0 0.727865 0.354630 0.069271 0.107407
1 0.736979 0.309259 0.063542 0.053704
34 0.702865 0.295370 0.022396 0.062963
31 0.568229 0.389815 0.010417 0.024074
21 0.556510 0.457407 0.078646 0.125926
16 0.579688 0.397685 0.007292 0.019444
16 0.585938 0.399537 0.007292 0.019444
16 0.575000 0.403704 0.010417 0.011111
16 0.560677 0.428704 0.008854 0.012963
16 0.541667 0.441667 0.008333 0.014815
16 0.555208 0.440741 0.009375 0.012963
16 0.550260 0.452778 0.008854 0.012963
16 0.530990 0.455556 0.008854 0.016667
16 0.528125 0.464815 0.009375 0.016667
16 0.543229 0.463426 0.007292 0.012037
16 0.537760 0.479167 0.008854 0.013889
16 0.551302 0.486574 0.008854 0.015741
16 0.555990 0.472685 0.011979 0.013889
