0 0.526823 0.291667 0.047396 0.068519
1 0.499479 0.212963 0.058333 0.101852
28 0.674740 0.371759 0.049479 0.067593
27 0.701042 0.406944 0.120833 0.195370
21 0.578125 0.372685 0.078125 0.102778
13 0.551562 0.900926 0.117708 0.198148
5 0.338802 0.681944 0.153646 0.254630
4 0.354948 0.618519 0.116146 0.109259
13 0.345313 0.714352 0.111458 0.175000
12 0.289062 0.657407 0.109375 0.179630
11 0.489323 0.623611 0.106771 0.197222
10 0.510938 0.463889 0.079167 0.153704
34 0.386979 0.469444 0.032292 0.075926
16 0.551042 0.385185 0.007292 0.012963
16 0.556250 0.388889 0.007292 0.012963
16 0.561979 0.376389 0.007292 0.010185
16 0.585938 0.346296 0.007292 0.012963
16 0.597917 0.348611 0.007292 0.012037
16 0.590625 0.337500 0.007292 0.012037
16 0.607812 0.336574 0.007292 0.012037
16 0.610938 0.331944 0.007292 0.012037
16 0.597396 0.328241 0.007292 0.012037
16 0.602344 0.324074 0.007812 0.014815
16 0.592448 0.317593 0.007812 0.014815
16 0.586719 0.325000 0.007812 0.014815
14 0.571615 0.394907 0.023438 0.104630
19 0.566667 0.423148 0.025000 0.079630
26 0.613542 0.458333 0.087500 0.185185
16 0.666146 0.374537 0.008333 0.017593
29 0.619271 0.353704 0.031250 0.038889
25 0.591667 0.283796 0.047917 0.058333
19 0.627604 0.298611 0.022917 0.065741
14 0.632292 0.276389 0.022917 0.087963
30 0.642188 0.287963 0.014583 0.046296
22 0.691146 0.298148 0.064583 0.070370
6 0.522656 0.283796 0.005729 0.021296
24 0.510677 0.330093 0.057813 0.058333
2 0.513281 0.219907 0.031771 0.113889
