21 0.312500 0.355556 0.056250 0.103704
27 0.464323 0.312963 0.096354 0.216667
14 0.326302 0.217593 0.024479 0.072222
19 0.332031 0.241667 0.023438 0.061111
29 0.348438 0.294907 0.039583 0.073148
24 0.281510 0.296759 0.063021 0.058333
5 0.273177 0.351852 0.053646 0.079630
1 0.255990 0.369444 0.074479 0.105556
16 0.305469 0.306481 0.009896 0.009259
16 0.295052 0.311111 0.007812 0.009259
16 0.297917 0.319907 0.006250 0.010185
16 0.311719 0.317593 0.008854 0.009259
16 0.301563 0.329167 0.006250 0.010185
16 0.295573 0.344444 0.005729 0.009259
16 0.315885 0.359259 0.007812 0.009259
16 0.321354 0.368519 0.007292 0.009259
16 0.314844 0.373611 0.006771 0.010185
31 0.332031 0.360648 0.007812 0.017593
17 0.276302 0.433333 0.034896 0.035185
17 0.283073 0.443981 0.034896 0.036111
17 0.286979 0.450000 0.038542 0.037037
17 0.291146 0.457407 0.039583 0.038889
17 0.295833 0.464815 0.039583 0.040741
17 0.300260 0.472222 0.039062 0.040741
22 0.291667 0.463889 0.070833 0.096296
0 0.275781 0.431944 0.053646 0.075000
18 0.342448 0.411574 0.031771 0.028704
18 0.345833 0.419907 0.032292 0.030556
34 0.378385 0.488889 0.038021 0.074074
30 0.376823 0.359259 0.035937 0.059259
28 0.427344 0.309722 0.042188 0.069444
17 0.463802 0.322222 0.016146 0.048148
14 0.428385 0.400000 0.024479 0.090741
19 0.430469 0.425926 0.018229 0.068519
12 0.462500 0.477778 0.075000 0.112963
13 0.471615 0.587037 0.084896 0.153704
26 0.519531 0.372222 0.089063 0.157407
11 0.551302 0.554630 0.093229 0.170370
10 0.616927 0.654167 0.101562 0.202778
13 0.680990 0.557870 0.077604 0.130556
2 0.477083 0.711574 0.123958 0.175000
3 0.405990 0.733333 0.134896 0.168519
4 0.373437 0.637500 0.130208 0.162037
16 0.290625 0.304167 0.007292 0.012037
16 0.301563 0.298611 0.006250 0.010185
