24 0.248698 0.543403 0.169271 0.214583
25 0.058333 0.629167 0.116667 0.193056
19 0.026823 0.494792 0.053646 0.072917
16 0.074219 0.428819 0.020313 0.029861
16 0.072135 0.398264 0.022396 0.029861
16 0.077865 0.360764 0.019271 0.028472
16 0.087760 0.351389 0.019271 0.031944
16 0.088802 0.378819 0.016146 0.025694
16 0.102865 0.401736 0.014063 0.028472
16 0.110417 0.363542 0.015625 0.029861
16 0.116927 0.331597 0.020313 0.025694
16 0.130469 0.346528 0.015104 0.029167
16 0.153906 0.330556 0.015104 0.031944
31 0.232031 0.244097 0.022396 0.034028
16 0.212500 0.288889 0.018750 0.020833
16 0.237760 0.272222 0.021354 0.023611
16 0.241406 0.286806 0.021354 0.020833
21 0.169792 0.350694 0.207292 0.215278
29 0.133854 0.286458 0.161458 0.139583
28 0.073438 0.230556 0.092708 0.131944
17 0.094271 0.135764 0.032292 0.072917
16 0.147656 0.057639 0.014063 0.027778
27 0.145833 0.117361 0.200000 0.234722
19 0.318490 0.215972 0.064062 0.115278
14 0.294531 0.156597 0.082812 0.181250
26 0.278125 0.068403 0.173958 0.136806
10 0.399479 0.151389 0.168750 0.219444
11 0.523698 0.105903 0.152604 0.179861
4 0.691406 0.195139 0.146354 0.219444
12 0.761458 0.170486 0.131250 0.127083
13 0.703385 0.089583 0.122396 0.119444
5 0.703125 0.059722 0.154167 0.100000
2 0.621875 0.290972 0.172917 0.223611
34 0.607812 0.272917 0.086458 0.088889
1 0.614844 0.316667 0.114062 0.213889
3 0.400000 0.407986 0.139583 0.296528
0 0.451823 0.671875 0.161979 0.217361
