2 0.340365 0.765972 0.091146 0.200000
0 0.332552 0.745833 0.143229 0.268056
24 0.262240 0.600000 0.155729 0.195833
25 0.094271 0.657639 0.114583 0.176389
3 0.427604 0.454861 0.128125 0.263889
34 0.619792 0.327431 0.022917 0.197917
4 0.689583 0.256944 0.138542 0.194444
12 0.752865 0.231250 0.120313 0.120833
5 0.699740 0.132639 0.134896 0.095833
13 0.697917 0.160069 0.111458 0.111806
13 0.556771 0.021875 0.092708 0.043750
11 0.535677 0.181944 0.136979 0.162500
10 0.425260 0.223958 0.149479 0.195139
14 0.334635 0.228125 0.068229 0.161806
19 0.353125 0.282292 0.054167 0.103472
31 0.274479 0.302778 0.019792 0.030556
16 0.279948 0.328472 0.020313 0.020833
16 0.283073 0.342014 0.020313 0.018750
16 0.256771 0.341667 0.015625 0.018056
16 0.200521 0.376389 0.013542 0.025000
16 0.178385 0.390972 0.013021 0.023611
16 0.164583 0.377083 0.020833 0.023611
16 0.159375 0.405208 0.015625 0.024306
16 0.136458 0.395139 0.017708 0.027778
16 0.126042 0.404514 0.020833 0.025694
16 0.138542 0.419792 0.016667 0.024306
16 0.120052 0.435764 0.018229 0.027083
16 0.122135 0.464236 0.018229 0.027083
16 0.151823 0.440625 0.014063 0.025694
21 0.213542 0.397569 0.196875 0.190972
29 0.179167 0.338889 0.154167 0.120833
28 0.122396 0.285069 0.087500 0.120139
17 0.141667 0.200000 0.034375 0.066667
16 0.196354 0.130903 0.013542 0.024306
27 0.192969 0.146875 0.182812 0.293750
26 0.318750 0.107639 0.158333 0.213889
1 0.677344 0.394792 0.130729 0.134028
30 0.027083 0.532986 0.054167 0.103472
19 0.051562 0.487847 0.080208 0.082639
14 0.037760 0.466667 0.075521 0.088889
22 0.009896 0.430556 0.019792 0.138889
