24 0.286979 0.599074 0.060417 0.135185
30 0.343490 0.488889 0.055729 0.081481
19 0.265885 0.443519 0.043229 0.055556
14 0.246354 0.431019 0.041667 0.050926
22 0.317708 0.367130 0.058333 0.132407
28 0.449479 0.334722 0.058333 0.108333
27 0.535156 0.298148 0.099479 0.300000
16 0.545573 0.350000 0.009896 0.022222
17 0.468490 0.228704 0.040104 0.059259
26 0.627344 0.291204 0.092188 0.167593
10 0.764844 0.400000 0.106771 0.127778
11 0.638281 0.490741 0.094271 0.114815
2 0.774740 0.609722 0.048438 0.230556
4 0.803906 0.643981 0.038021 0.247222
5 0.881771 0.552778 0.145833 0.100000
12 0.872656 0.662963 0.104688 0.120370
13 0.878906 0.556481 0.061979 0.105556
13 0.844531 0.226852 0.095312 0.111111
0 0.413281 0.578241 0.078646 0.102778
29 0.492448 0.562037 0.085938 0.044444
3 0.489583 0.587037 0.135417 0.087037
1 0.455208 0.620370 0.058333 0.135185
16 0.430729 0.640741 0.013542 0.024074
16 0.428125 0.669444 0.012500 0.014815
16 0.491667 0.638889 0.009375 0.020370
16 0.544531 0.638889 0.010937 0.014815
16 0.529167 0.638426 0.010417 0.015741
16 0.544010 0.653704 0.010937 0.014815
31 0.541927 0.607870 0.010937 0.017593
34 0.592448 0.637500 0.082812 0.047222
19 0.533594 0.499537 0.028646 0.047222
14 0.539062 0.487963 0.026042 0.048148
7 0.564844 0.626389 0.022396 0.017593
21 0.487240 0.637500 0.131771 0.073148
