16 0.118750 0.546181 0.018750 0.022917
27 0.185677 0.120139 0.196354 0.240278
1 0.602865 0.327083 0.149479 0.144444
12 0.739323 0.159375 0.123438 0.115972
21 0.214062 0.456944 0.213542 0.227778
14 0.275521 0.213889 0.067708 0.129167
4 0.674219 0.182986 0.133854 0.196528
31 0.275260 0.348958 0.024479 0.038194
29 0.172396 0.323958 0.158333 0.145139
26 0.294531 0.059375 0.135937 0.118750
0 0.429688 0.594444 0.147917 0.218056
28 0.103646 0.216667 0.085417 0.120833
16 0.190625 0.075694 0.018750 0.016667
11 0.399740 0.161458 0.156771 0.192361
13 0.685417 0.089236 0.113542 0.110417
5 0.683594 0.065625 0.144271 0.078472
2 0.630729 0.170486 0.139583 0.174306
3 0.562500 0.227778 0.058333 0.072222
16 0.284375 0.376389 0.021875 0.023611
16 0.175521 0.455903 0.015625 0.027083
16 0.157552 0.437153 0.014063 0.029861
16 0.154688 0.476736 0.019792 0.024306
16 0.127083 0.464236 0.013542 0.029861
16 0.106510 0.481250 0.018229 0.020833
16 0.258854 0.396875 0.019792 0.025694
16 0.113802 0.510069 0.017188 0.028472
16 0.132812 0.495486 0.015625 0.027083
19 0.291406 0.251042 0.065104 0.106250
34 0.544271 0.286806 0.028125 0.216667
16 0.287760 0.393750 0.022396 0.020833
17 0.121875 0.137500 0.048958 0.052778
16 0.183594 0.491667 0.016146 0.029167
10 0.521615 0.046528 0.123438 0.093056
30 0.019271 0.457986 0.038542 0.106250
