24 0.529948 0.545139 0.167187 0.152778
0 0.398177 0.552431 0.172396 0.238194
6 0.537500 0.468403 0.082292 0.072917
2 0.755208 0.281597 0.371875 0.346528
1 0.845313 0.294444 0.247917 0.338889
3 0.706771 0.522222 0.042708 0.304167
4 0.952344 0.460069 0.058854 0.253472
5 0.981510 0.346875 0.036979 0.099306
12 0.982292 0.462500 0.035417 0.113889
13 0.972396 0.365972 0.055208 0.104167
13 0.907552 0.102083 0.090104 0.101389
14 0.679167 0.180208 0.079167 0.134028
19 0.659896 0.217708 0.070833 0.109028
26 0.721875 0.087847 0.161458 0.175694
17 0.463802 0.014583 0.043229 0.029167
16 0.542188 0.015278 0.038542 0.030556
27 0.560156 0.083681 0.157812 0.167361
28 0.427344 0.079514 0.102604 0.128472
22 0.205469 0.152778 0.108854 0.162500
30 0.227344 0.275000 0.096354 0.123611
19 0.296615 0.238542 0.070312 0.115972
14 0.278125 0.198264 0.078125 0.135417
29 0.489844 0.198611 0.208854 0.073611
16 0.397396 0.290278 0.017708 0.030556
16 0.427865 0.293056 0.021354 0.029167
16 0.400521 0.255556 0.019792 0.034722
16 0.430729 0.256250 0.020833 0.034722
16 0.462500 0.259375 0.020833 0.031250
16 0.493490 0.259375 0.018229 0.034028
16 0.521354 0.261458 0.019792 0.035417
31 0.624219 0.234375 0.019271 0.034028
16 0.598177 0.269444 0.018229 0.033333
16 0.626563 0.270486 0.022917 0.020139
16 0.627083 0.292708 0.022917 0.029861
21 0.509896 0.281944 0.256250 0.122222
25 0.251302 0.419444 0.142187 0.163889
34 0.360417 0.956597 0.059375 0.074306
