22 0.438281 0.352778 0.174479 0.181944
19 0.066406 0.033333 0.065104 0.066667
29 0.190365 0.035417 0.186979 0.070833
30 0.383333 0.039931 0.088542 0.079861
24 0.058073 0.205556 0.115104 0.187500
16 0.124740 0.134028 0.020313 0.023611
16 0.151042 0.128472 0.019792 0.029167
16 0.119271 0.168403 0.023958 0.024306
16 0.143490 0.165278 0.021354 0.030556
16 0.108854 0.206597 0.022917 0.025694
16 0.134635 0.203125 0.017188 0.031250
16 0.192448 0.127431 0.019271 0.032639
16 0.170313 0.163889 0.018750 0.029167
16 0.197656 0.161111 0.016146 0.030556
16 0.222656 0.200347 0.020313 0.034028
16 0.306510 0.163542 0.027604 0.028472
16 0.338021 0.160764 0.027083 0.020139
16 0.336198 0.184722 0.026562 0.029167
31 0.343490 0.123958 0.018229 0.045139
21 0.237500 0.184028 0.261458 0.118056
23 0.168490 0.339931 0.161979 0.156250
18 0.411458 0.179167 0.032292 0.097222
18 0.430990 0.181944 0.026562 0.102778
18 0.449740 0.181944 0.027604 0.102778
18 0.468490 0.182986 0.025521 0.100694
18 0.494010 0.186458 0.028646 0.099306
17 0.376563 0.334722 0.028125 0.126389
17 0.412240 0.340625 0.027604 0.124306
17 0.434896 0.347917 0.027083 0.126389
17 0.458854 0.353125 0.026042 0.125694
17 0.482031 0.358681 0.024479 0.124306
0 0.464323 0.548611 0.148438 0.256944
1 0.609896 0.314931 0.188542 0.224306
34 0.622917 0.235764 0.142708 0.086806
14 0.640104 0.039583 0.062500 0.079167
19 0.626302 0.051736 0.073438 0.103472
12 0.729167 0.094097 0.138542 0.168750
11 0.828906 0.087500 0.128646 0.159722
13 0.875521 0.040625 0.085417 0.081250
10 0.918490 0.148264 0.105729 0.156250
13 0.829948 0.205903 0.122396 0.145139
4 0.771354 0.346181 0.058333 0.253472
5 0.825000 0.407986 0.070833 0.296528
3 0.858333 0.405208 0.046875 0.263194
1 0.609896 0.315278 0.188542 0.223611
17 0.505729 0.358681 0.027083 0.131250
18 0.535417 0.291319 0.045833 0.068750
