27 0.478125 0.298611 0.097917 0.210185
14 0.424219 0.391667 0.022396 0.075926
21 0.380469 0.396759 0.070312 0.115741
0 0.225521 0.381944 0.080208 0.089815
5 0.571615 0.756019 0.159896 0.265741
2 0.223177 0.392130 0.042188 0.058333
24 0.305469 0.453241 0.068229 0.100926
25 0.300781 0.338426 0.059896 0.069444
30 0.331771 0.298148 0.029167 0.046296
19 0.352604 0.305093 0.025000 0.067593
14 0.346354 0.284259 0.025000 0.087037
22 0.376302 0.260648 0.051562 0.065741
28 0.428906 0.311111 0.042188 0.075926
29 0.398698 0.364352 0.035937 0.089815
16 0.459375 0.293981 0.008333 0.015741
26 0.499479 0.373611 0.080208 0.162037
19 0.426042 0.407407 0.018750 0.044444
16 0.348698 0.347685 0.010937 0.015741
16 0.359896 0.341667 0.010417 0.014815
16 0.373698 0.338889 0.009896 0.012963
16 0.376563 0.343981 0.008333 0.013889
16 0.368750 0.358333 0.009375 0.011111
16 0.365625 0.345370 0.007292 0.012963
16 0.352604 0.354167 0.008333 0.012037
16 0.380990 0.356019 0.007812 0.015741
16 0.372396 0.366667 0.007292 0.011111
16 0.378125 0.375463 0.008333 0.012037
16 0.389583 0.403241 0.007292 0.013889
16 0.397135 0.416204 0.008854 0.012037
31 0.407292 0.406481 0.008333 0.020370
11 0.539844 0.568056 0.096354 0.165741
10 0.442969 0.493056 0.078646 0.162037
3 0.340625 0.515278 0.116667 0.113889
34 0.364844 0.618519 0.061979 0.066667
1 0.310677 0.693056 0.083854 0.126852
12 0.513021 0.879167 0.109375 0.245370
13 0.566146 0.789815 0.109375 0.192593
13 0.695573 0.556019 0.080729 0.112037
