19 0.023438 0.287500 0.046875 0.077778
29 0.115104 0.261458 0.148958 0.113194
30 0.274479 0.204514 0.080208 0.100694
24 0.040365 0.450000 0.075521 0.183333
16 0.079948 0.373958 0.019271 0.021528
16 0.101302 0.364583 0.018229 0.033333
16 0.131771 0.350000 0.019792 0.031944
16 0.079948 0.404861 0.020313 0.026389
16 0.098698 0.396181 0.016146 0.028472
16 0.120313 0.386806 0.018750 0.026389
16 0.141927 0.377431 0.020313 0.025694
16 0.079687 0.438194 0.021875 0.020833
16 0.098698 0.431250 0.018229 0.027778
16 0.166667 0.403472 0.016667 0.029167
16 0.226042 0.346181 0.022917 0.024306
16 0.254427 0.333681 0.020313 0.022917
16 0.253125 0.353819 0.023958 0.025694
31 0.251302 0.301042 0.022396 0.038194
21 0.180990 0.381250 0.205729 0.168056
23 0.150521 0.534028 0.134375 0.169444
18 0.319271 0.319097 0.029167 0.090972
17 0.323698 0.460764 0.023438 0.111806
17 0.353906 0.449653 0.025521 0.124306
17 0.373958 0.443403 0.026042 0.122917
17 0.394792 0.437500 0.026042 0.125000
17 0.415885 0.431944 0.026562 0.125000
17 0.436719 0.426042 0.029687 0.124306
22 0.383854 0.448264 0.159375 0.172917
0 0.503906 0.629514 0.152604 0.182639
28 0.256771 0.075347 0.096875 0.120139
27 0.389062 0.070833 0.153125 0.141667
14 0.490885 0.079514 0.043229 0.135417
19 0.483854 0.118056 0.047917 0.102778
26 0.508333 0.027778 0.090625 0.055556
2 0.796615 0.238194 0.090104 0.225000
3 0.791406 0.338889 0.084896 0.254167
5 0.767188 0.367361 0.123958 0.290278
4 0.699479 0.326042 0.103125 0.249306
34 0.577083 0.200000 0.058333 0.122222
1 0.623437 0.277431 0.140625 0.184028
13 0.714063 0.160069 0.132292 0.134028
12 0.596615 0.113194 0.143229 0.137500
11 0.696875 0.056944 0.141667 0.113889
10 0.808594 0.069097 0.113021 0.138194
