27 0.149740 0.094792 0.204687 0.189583
21 0.175000 0.409028 0.211458 0.213889
14 0.230729 0.162500 0.083333 0.131944
4 0.677604 0.127431 0.141667 0.225694
31 0.232552 0.309375 0.025521 0.039583
29 0.134375 0.284375 0.158333 0.146528
26 0.274219 0.026389 0.100521 0.052778
0 0.119792 0.562500 0.106250 0.191667
28 0.069792 0.169444 0.087500 0.123611
16 0.136979 0.026042 0.018750 0.018750
11 0.371094 0.104861 0.174479 0.209722
13 0.696615 0.040625 0.126562 0.081250
5 0.672396 0.017361 0.080208 0.034722
2 0.629427 0.111458 0.149479 0.200694
3 0.561458 0.173611 0.089583 0.108333
16 0.243750 0.357986 0.022917 0.020139
16 0.132812 0.428472 0.015625 0.029167
16 0.155990 0.408333 0.014063 0.033333
16 0.112240 0.446875 0.017188 0.028472
16 0.074740 0.479861 0.015104 0.030556
16 0.115625 0.405556 0.014583 0.031944
16 0.087760 0.432292 0.015104 0.028472
16 0.213802 0.359722 0.025521 0.022222
16 0.069271 0.452431 0.019792 0.020139
16 0.091667 0.465625 0.013542 0.027083
19 0.250521 0.199653 0.075000 0.110417
34 0.597656 0.240972 0.101562 0.145833
16 0.240104 0.340278 0.020833 0.023611
12 0.753906 0.103125 0.136979 0.128472
17 0.088542 0.079167 0.043750 0.062500
1 0.633854 0.304861 0.154167 0.193056
16 0.115625 0.496528 0.025000 0.027778
