34 0.066927 0.570139 0.019271 0.126389
24 0.199219 0.478472 0.097396 0.127778
22 0.302344 0.437847 0.083854 0.149306
28 0.392969 0.286458 0.084896 0.102083
17 0.335677 0.268750 0.015104 0.058333
30 0.378646 0.371181 0.066667 0.079861
14 0.339062 0.393750 0.061458 0.116667
19 0.352344 0.423264 0.057813 0.090972
16 0.487760 0.173264 0.016146 0.015972
16 0.412240 0.565972 0.013021 0.026389
16 0.425521 0.559028 0.014583 0.027778
16 0.452344 0.551736 0.015104 0.028472
16 0.466927 0.546181 0.015104 0.029861
16 0.494792 0.537847 0.016667 0.027083
16 0.509375 0.531597 0.014583 0.028472
16 0.404167 0.604861 0.011458 0.026389
16 0.437500 0.631597 0.022917 0.022917
16 0.509115 0.606250 0.017188 0.029167
16 0.575260 0.509375 0.015104 0.028472
16 0.589063 0.502778 0.014583 0.027778
16 0.601823 0.502778 0.021354 0.023611
31 0.478385 0.617361 0.022396 0.033333
21 0.514062 0.586806 0.240625 0.166667
27 0.489323 0.176389 0.156771 0.262500
14 0.499479 0.353819 0.039583 0.122917
19 0.507031 0.393750 0.043229 0.088889
26 0.628646 0.194444 0.130208 0.188889
29 0.796875 0.222917 0.105208 0.045833
13 0.833073 0.257292 0.100521 0.092361
12 0.940365 0.321875 0.082812 0.103472
13 0.953125 0.412847 0.093750 0.118750
10 0.868490 0.336111 0.130729 0.136111
11 0.717187 0.325347 0.153125 0.239583
34 0.914062 0.514931 0.037500 0.145139
0 0.453906 0.398264 0.148438 0.181250
1 0.581510 0.346528 0.180729 0.216667
3 0.621094 0.489583 0.027604 0.059722
