2 0.737240 0.205556 0.076563 0.046296
5 0.745313 0.240741 0.057292 0.042593
13 0.695573 0.225926 0.054688 0.075926
12 0.659896 0.191667 0.052083 0.046296
10 0.647396 0.231944 0.052083 0.100926
13 0.605469 0.217593 0.051562 0.074074
11 0.609115 0.279630 0.081771 0.155556
29 0.576823 0.213889 0.031771 0.059259
26 0.537240 0.249074 0.059896 0.142593
34 0.710156 0.282407 0.055729 0.033333
14 0.575260 0.322685 0.026562 0.121296
19 0.573438 0.363889 0.023958 0.074074
16 0.496354 0.280556 0.021875 0.035185
16 0.639583 0.377778 0.009375 0.009259
16 0.638542 0.383333 0.011458 0.011111
16 0.637500 0.390741 0.011458 0.011111
16 0.629687 0.426852 0.011458 0.011111
16 0.628646 0.434259 0.010417 0.011111
16 0.627865 0.442130 0.011979 0.010185
16 0.626563 0.450463 0.012500 0.012037
16 0.623437 0.462963 0.011458 0.011111
16 0.622656 0.470370 0.010937 0.011111
16 0.621094 0.480093 0.010937 0.013889
16 0.637760 0.487963 0.009896 0.012963
16 0.655208 0.476389 0.008333 0.013889
31 0.657813 0.458796 0.011458 0.019444
3 0.652865 0.362963 0.043229 0.044444
21 0.641406 0.457407 0.055729 0.144444
1 0.711458 0.361111 0.090625 0.085185
0 0.704427 0.434722 0.085938 0.187963
27 0.466927 0.281944 0.119271 0.195370
28 0.467708 0.403241 0.056250 0.091667
17 0.406771 0.437037 0.041667 0.033333
30 0.503906 0.441204 0.039062 0.062037
14 0.534115 0.431944 0.025521 0.104630
19 0.532813 0.455093 0.020833 0.069444
22 0.500781 0.512500 0.090104 0.117593
24 0.457292 0.626852 0.087500 0.150000
34 0.391406 0.894444 0.116146 0.081481
4 0.751302 0.223611 0.058854 0.039815
