26 0.519792 0.286111 0.051042 0.125926
27 0.490885 0.331481 0.113021 0.203704
22 0.404167 0.585185 0.097917 0.127778
24 0.520312 0.726852 0.109375 0.159259
19 0.414062 0.662500 0.035417 0.102778
14 0.408333 0.625926 0.033333 0.118519
30 0.486979 0.593519 0.033333 0.083333
16 0.614844 0.493981 0.011979 0.012037
16 0.616927 0.478241 0.011979 0.012037
16 0.622396 0.466667 0.011458 0.011111
16 0.601823 0.477778 0.011979 0.011111
16 0.631510 0.435648 0.006771 0.013889
16 0.634635 0.425926 0.007812 0.014815
16 0.641406 0.428704 0.007812 0.014815
31 0.621875 0.418519 0.011458 0.020370
21 0.626302 0.468056 0.050521 0.087963
29 0.551302 0.450463 0.053646 0.099074
0 0.554427 0.456481 0.043229 0.107407
17 0.425521 0.409259 0.009375 0.046296
28 0.464583 0.439352 0.053125 0.089815
16 0.498958 0.325926 0.006250 0.014815
19 0.581510 0.391204 0.021354 0.075000
14 0.585417 0.365741 0.021875 0.092593
11 0.594792 0.341667 0.060417 0.107407
34 0.653125 0.353704 0.059375 0.029630
2 0.664583 0.301852 0.088542 0.042593
7 0.703646 0.334259 0.017708 0.044444
4 0.680208 0.288426 0.090625 0.041667
12 0.693229 0.260185 0.050000 0.070370
5 0.653646 0.226389 0.037500 0.056481
13 0.655208 0.251389 0.043750 0.052778
1 0.757031 0.219444 0.055729 0.118519
3 0.739323 0.237500 0.063021 0.162037
10 0.588802 0.262500 0.052604 0.089815
13 0.548698 0.222222 0.040104 0.062963
