21 0.495052 0.474653 0.219271 0.154861
34 0.056510 0.482639 0.019271 0.122222
24 0.178385 0.383333 0.095312 0.129167
17 0.317448 0.171181 0.013021 0.054861
28 0.371094 0.182292 0.088021 0.102083
30 0.351823 0.267708 0.069271 0.082639
22 0.273698 0.339583 0.083854 0.143056
14 0.303906 0.287153 0.069271 0.118750
19 0.321615 0.320833 0.065104 0.098611
14 0.466406 0.239583 0.051562 0.130556
19 0.477604 0.278819 0.052083 0.104861
16 0.466927 0.094792 0.017188 0.046528
27 0.470833 0.102431 0.167708 0.204861
26 0.617708 0.089583 0.140625 0.179167
29 0.806510 0.117708 0.118229 0.049306
13 0.844271 0.153125 0.107292 0.099306
12 0.958073 0.229514 0.083854 0.111806
13 0.960677 0.331250 0.078646 0.134722
34 0.922917 0.434722 0.035417 0.158333
10 0.879427 0.235764 0.143229 0.145139
11 0.708594 0.221528 0.165104 0.266667
3 0.679948 0.441667 0.197396 0.219444
16 0.355469 0.461111 0.015104 0.029167
16 0.370052 0.452083 0.016146 0.020833
16 0.385156 0.444792 0.013021 0.017361
16 0.410677 0.442014 0.017188 0.028472
16 0.425521 0.436458 0.015625 0.029861
16 0.454427 0.428472 0.018229 0.029167
16 0.470052 0.422569 0.015104 0.031250
16 0.540365 0.399306 0.016146 0.030556
16 0.554948 0.394444 0.015104 0.030556
16 0.569271 0.392361 0.022917 0.025000
16 0.464323 0.498264 0.017188 0.032639
31 0.428646 0.496875 0.023958 0.035417
0 0.358854 0.570833 0.152083 0.255556
1 0.603906 0.597222 0.167187 0.287500
