3 0.860417 0.229167 0.042708 0.062500
4 0.809896 0.309375 0.073958 0.277083
14 0.039844 0.075694 0.079687 0.126389
19 0.065625 0.104861 0.075000 0.105556
29 0.197917 0.095833 0.189583 0.111111
24 0.087500 0.295139 0.101042 0.204167
16 0.153385 0.206944 0.022396 0.022222
16 0.182292 0.198264 0.017708 0.032639
16 0.223698 0.186806 0.017188 0.033333
16 0.152604 0.241667 0.022917 0.029167
16 0.179167 0.233333 0.018750 0.031944
16 0.208073 0.225347 0.017188 0.031250
16 0.236458 0.215278 0.016667 0.033333
16 0.148958 0.279514 0.022917 0.024306
16 0.176302 0.274306 0.018229 0.031944
16 0.268490 0.250347 0.018229 0.028472
16 0.347917 0.196528 0.027083 0.022222
16 0.378646 0.190625 0.026042 0.020139
16 0.381510 0.213542 0.026562 0.025694
31 0.378646 0.155556 0.017708 0.043056
21 0.276042 0.236806 0.259375 0.158333
23 0.229167 0.399306 0.159375 0.183333
30 0.397917 0.067361 0.082292 0.087500
18 0.443750 0.196528 0.030208 0.094444
18 0.467187 0.194792 0.032292 0.096528
18 0.484896 0.190972 0.035417 0.094444
18 0.501823 0.188542 0.033854 0.095139
17 0.431510 0.379861 0.024479 0.122222
17 0.465885 0.372569 0.025521 0.120139
17 0.488802 0.368750 0.025521 0.120833
17 0.510938 0.364583 0.026042 0.119444
17 0.533333 0.357986 0.029167 0.129861
17 0.554688 0.354514 0.029167 0.128472
22 0.492188 0.373611 0.170833 0.165278
0 0.383594 0.407639 0.161979 0.273611
14 0.632812 0.033681 0.048958 0.067361
19 0.622656 0.045139 0.065104 0.090278
12 0.719010 0.065625 0.139063 0.131250
11 0.802604 0.048264 0.128125 0.096528
10 0.895312 0.070486 0.098958 0.140972
13 0.821615 0.140278 0.120313 0.131944
9 0.579167 0.294444 0.100000 0.195833
5 0.799219 0.291319 0.401562 0.253472
1 0.927083 0.362153 0.145833 0.290972
34 0.572917 0.207986 0.056250 0.017361
