27 0.300521 0.371296 0.152083 0.183333
21 0.427083 0.364352 0.075000 0.115741
10 0.361198 0.257870 0.064062 0.113889
22 0.468490 0.570833 0.097396 0.149074
30 0.506510 0.477778 0.048438 0.070370
25 0.537240 0.426389 0.078646 0.093519
19 0.475781 0.432870 0.025521 0.080556
14 0.472135 0.404167 0.022396 0.104630
17 0.305208 0.493519 0.045833 0.018519
28 0.371875 0.451389 0.062500 0.097222
16 0.328385 0.365278 0.016146 0.039815
31 0.392708 0.316204 0.008333 0.019444
16 0.452865 0.380093 0.009896 0.010185
16 0.433333 0.377778 0.010417 0.009259
16 0.436719 0.381944 0.009896 0.010185
16 0.444792 0.368981 0.009375 0.010185
16 0.437760 0.358333 0.010937 0.011111
16 0.430469 0.350000 0.010937 0.011111
16 0.424740 0.338889 0.010937 0.011111
16 0.456250 0.361574 0.008333 0.015741
16 0.425260 0.361111 0.009896 0.011111
16 0.410156 0.318056 0.009896 0.012037
16 0.403646 0.312037 0.008333 0.018519
16 0.409375 0.308796 0.008333 0.017593
29 0.406771 0.389815 0.056250 0.096296
19 0.375781 0.313426 0.026562 0.073148
14 0.370052 0.283796 0.026562 0.095370
0 0.520052 0.325000 0.068229 0.066667
6 0.483854 0.260185 0.018750 0.046296
24 0.484115 0.299537 0.048438 0.050926
3 0.439323 0.272685 0.074479 0.058333
34 0.421354 0.211574 0.051042 0.023148
2 0.441927 0.153241 0.071354 0.180556
1 0.427865 0.109722 0.048438 0.113889
26 0.298177 0.289815 0.074479 0.151852
11 0.302865 0.233333 0.065104 0.083333
4 0.351823 0.193981 0.073438 0.054630
5 0.308333 0.156481 0.059375 0.051852
13 0.310937 0.181944 0.047917 0.054630
12 0.341667 0.157407 0.044792 0.064815
13 0.194531 0.252315 0.058854 0.084259
