5 0.881250 0.551852 0.145833 0.103704
24 0.495833 0.691667 0.075000 0.098148
27 0.528385 0.256944 0.093229 0.302778
34 0.704948 0.749537 0.032813 0.139815
12 0.872135 0.661574 0.104688 0.121296
13 0.878646 0.557407 0.061458 0.105556
4 0.802604 0.643519 0.041667 0.246296
11 0.751563 0.436574 0.104167 0.123148
10 0.655990 0.508333 0.090104 0.105556
1 0.586719 0.661111 0.079687 0.137037
3 0.586458 0.671296 0.035417 0.225926
6 0.491927 0.671759 0.027604 0.017593
2 0.557292 0.636574 0.117708 0.082407
0 0.435677 0.696296 0.076563 0.135185
25 0.361198 0.597685 0.078646 0.104630
16 0.549479 0.526852 0.012500 0.016667
16 0.550521 0.514352 0.012500 0.015741
16 0.534115 0.513889 0.011979 0.022222
31 0.550781 0.486111 0.009896 0.022222
16 0.498177 0.507870 0.009896 0.021296
16 0.483333 0.506019 0.010417 0.023148
16 0.469271 0.505093 0.010417 0.021296
16 0.450781 0.529167 0.009896 0.021296
16 0.436979 0.528704 0.009375 0.024074
16 0.452865 0.501389 0.008854 0.021296
16 0.437760 0.501389 0.008854 0.021296
16 0.476823 0.481481 0.013021 0.016667
16 0.454427 0.475926 0.011979 0.018519
16 0.446094 0.476852 0.009896 0.024074
21 0.494010 0.509259 0.129688 0.083333
29 0.484375 0.444907 0.110417 0.047222
14 0.579167 0.455556 0.029167 0.051852
19 0.570573 0.468981 0.026562 0.047222
16 0.518490 0.295370 0.011979 0.016667
26 0.629167 0.322685 0.101042 0.158333
28 0.450521 0.328704 0.058333 0.107407
17 0.472656 0.227315 0.031771 0.067593
14 0.375000 0.469907 0.033333 0.047222
19 0.389062 0.481481 0.026042 0.050000
30 0.342969 0.489352 0.054688 0.080556
22 0.317969 0.366667 0.056771 0.133333
13 0.844531 0.227315 0.095312 0.110185
