34 0.616927 0.552431 0.031771 0.199306
7 0.832031 0.379514 0.056771 0.025694
3 0.925260 0.429167 0.149479 0.106944
2 0.870313 0.419097 0.076042 0.229861
4 0.899219 0.454167 0.058854 0.243056
5 0.948698 0.339931 0.102604 0.095139
12 0.956250 0.460069 0.087500 0.122917
13 0.936719 0.358333 0.093229 0.093056
13 0.857812 0.128125 0.089583 0.096528
10 0.827083 0.211111 0.122917 0.155556
11 0.690104 0.271528 0.152083 0.155556
26 0.654167 0.088542 0.128125 0.177083
19 0.560417 0.274653 0.052083 0.099306
14 0.571615 0.239583 0.052604 0.120833
16 0.546094 0.073611 0.017188 0.018056
27 0.523177 0.114583 0.143229 0.229167
17 0.431771 0.059375 0.054167 0.042361
28 0.399740 0.126389 0.088021 0.108333
29 0.445052 0.285069 0.185938 0.088194
31 0.549479 0.381250 0.016667 0.034722
16 0.551042 0.418403 0.022917 0.020139
16 0.551302 0.438889 0.022396 0.026389
16 0.522396 0.421528 0.023958 0.026389
16 0.451042 0.420139 0.015625 0.029167
16 0.422656 0.420486 0.020313 0.028472
16 0.388281 0.442361 0.023438 0.036111
16 0.396875 0.427778 0.011458 0.016667
16 0.409896 0.385764 0.016667 0.031250
16 0.367708 0.392014 0.018750 0.024306
21 0.457552 0.434028 0.218229 0.102778
0 0.320312 0.434028 0.167708 0.209722
22 0.217969 0.179861 0.094271 0.131944
30 0.230729 0.279514 0.077083 0.099306
19 0.139323 0.240972 0.061979 0.086111
14 0.121615 0.214236 0.070312 0.100694
24 0.141146 0.404167 0.095833 0.155556
1 0.982031 0.606597 0.035937 0.171528
