34 0.035677 0.784722 0.014063 0.133333
24 0.146094 0.703125 0.088021 0.131250
17 0.269531 0.439236 0.010937 0.040972
31 0.430990 0.322569 0.036979 0.035417
27 0.419010 0.339236 0.194271 0.302083
0 0.372917 0.354514 0.103125 0.159028
26 0.577604 0.333333 0.150000 0.220833
14 0.465104 0.532639 0.073958 0.166667
19 0.484896 0.593750 0.058333 0.094444
29 0.785156 0.317361 0.124479 0.068056
13 0.830469 0.362847 0.119271 0.113194
12 0.951042 0.420486 0.097917 0.120139
13 0.961719 0.532639 0.076563 0.126389
10 0.876302 0.462153 0.155729 0.181250
11 0.688021 0.505208 0.191667 0.324306
34 0.933333 0.678472 0.043750 0.184722
3 0.677865 0.796875 0.197396 0.253472
16 0.328646 0.857986 0.014583 0.032639
16 0.342969 0.852778 0.015104 0.033333
16 0.357552 0.846528 0.016146 0.033333
16 0.384115 0.837153 0.016146 0.034028
16 0.397917 0.828125 0.015625 0.031250
16 0.415365 0.824653 0.022396 0.022917
16 0.443490 0.808681 0.017188 0.031250
16 0.335938 0.900000 0.016667 0.033333
16 0.373958 0.927778 0.025000 0.026389
16 0.447135 0.900347 0.019271 0.035417
16 0.517448 0.775000 0.016146 0.034722
16 0.533073 0.766319 0.017188 0.034028
16 0.547135 0.760764 0.024479 0.024306
21 0.460677 0.851042 0.264062 0.206250
1 0.687500 0.967014 0.123958 0.065972
