21 0.390625 0.556944 0.173958 0.180556
22 0.191406 0.448611 0.082812 0.148611
2 0.949479 0.318750 0.084375 0.162500
4 0.937760 0.336806 0.089063 0.188889
5 0.928906 0.336806 0.082812 0.190278
13 0.853646 0.274306 0.111458 0.109722
12 0.824740 0.194097 0.095312 0.097917
29 0.669792 0.122222 0.112500 0.054167
13 0.708594 0.151389 0.101562 0.088889
10 0.749219 0.214931 0.130729 0.146528
11 0.586719 0.240278 0.171354 0.262500
34 0.815365 0.380556 0.051562 0.136111
26 0.486458 0.124653 0.129167 0.188194
16 0.379427 0.140625 0.028646 0.042361
16 0.389844 0.487847 0.013021 0.024306
16 0.372656 0.535764 0.017188 0.024306
16 0.396354 0.560417 0.018750 0.026389
27 0.348698 0.139931 0.174479 0.259028
28 0.264323 0.270833 0.085938 0.104167
14 0.397917 0.260069 0.064583 0.164583
19 0.415625 0.319444 0.053125 0.098611
17 0.209635 0.269444 0.016146 0.052778
30 0.254948 0.357986 0.070312 0.089583
14 0.211458 0.386458 0.077083 0.111806
19 0.231510 0.417014 0.068229 0.095139
24 0.098698 0.509722 0.089063 0.144444
32 0.384635 0.455208 0.038021 0.052083
33 0.409635 0.470486 0.030729 0.040972
0 0.301823 0.573264 0.181771 0.334028
3 0.594792 0.473611 0.152083 0.245833
1 0.498177 0.532986 0.211979 0.256250
