2 0.340625 0.158796 0.068750 0.026852
5 0.375000 0.171759 0.040625 0.030556
13 0.342708 0.189815 0.038542 0.064815
12 0.299219 0.203241 0.033854 0.071296
10 0.326562 0.223148 0.057292 0.094444
11 0.352865 0.278704 0.091146 0.114815
29 0.244792 0.280556 0.019792 0.070370
26 0.291406 0.306481 0.078646 0.142593
34 0.387240 0.216204 0.050521 0.026852
14 0.393229 0.316667 0.033333 0.107407
19 0.404687 0.344907 0.025000 0.073148
3 0.432812 0.275463 0.044792 0.076852
16 0.301302 0.365278 0.008854 0.017593
16 0.443750 0.299537 0.006250 0.013889
16 0.447917 0.302778 0.004167 0.012963
16 0.452083 0.304630 0.005208 0.011111
16 0.476823 0.323611 0.006771 0.012037
16 0.480990 0.327778 0.004687 0.009259
16 0.485417 0.330093 0.006250 0.010185
16 0.489844 0.335185 0.005729 0.011111
16 0.498698 0.342130 0.005729 0.010185
16 0.503646 0.345370 0.006250 0.011111
16 0.509115 0.347685 0.006771 0.010185
16 0.517188 0.339352 0.007292 0.010185
16 0.513802 0.325926 0.006771 0.014815
31 0.504948 0.316204 0.007812 0.019444
16 0.494531 0.250926 0.013021 0.033333
1 0.492188 0.227315 0.038542 0.073148
0 0.534115 0.254167 0.078646 0.087963
21 0.484896 0.334259 0.092708 0.094444
14 0.461979 0.391667 0.021875 0.101852
19 0.465625 0.417130 0.020833 0.073148
27 0.290365 0.411111 0.146354 0.172222
28 0.374740 0.478241 0.059896 0.099074
30 0.430208 0.453704 0.044792 0.074074
22 0.478906 0.477778 0.084896 0.120370
24 0.541406 0.555556 0.092188 0.127778
17 0.362760 0.574537 0.041146 0.069444
34 0.678646 0.677315 0.044792 0.125000
13 0.276042 0.234722 0.040625 0.045370
4 0.351302 0.166204 0.075521 0.028704
