34 0.660417 0.228704 0.048958 0.022222
24 0.648177 0.285185 0.044271 0.057407
22 0.629948 0.329167 0.064062 0.069444
14 0.614844 0.299074 0.020313 0.074074
14 0.577604 0.369444 0.031250 0.100000
19 0.609115 0.328704 0.022396 0.066667
19 0.570833 0.404630 0.017708 0.068519
30 0.631250 0.365278 0.032292 0.056481
28 0.669531 0.384722 0.053646 0.060185
17 0.716927 0.387963 0.041146 0.020370
16 0.669271 0.438889 0.021875 0.048148
16 0.547135 0.309259 0.006771 0.009259
16 0.545312 0.313426 0.007292 0.010185
16 0.543490 0.318519 0.006771 0.009259
16 0.539583 0.325926 0.007292 0.009259
16 0.537240 0.329630 0.007812 0.007407
16 0.535677 0.334259 0.006771 0.007407
16 0.533333 0.340278 0.008333 0.010185
16 0.537240 0.306944 0.007812 0.013889
16 0.517708 0.367593 0.007292 0.009259
16 0.515104 0.373148 0.007292 0.009259
16 0.512500 0.378241 0.007292 0.012037
16 0.523698 0.310648 0.005729 0.012037
31 0.518229 0.317130 0.007292 0.017593
21 0.518490 0.356944 0.065104 0.104630
27 0.707292 0.430556 0.129167 0.207407
26 0.619271 0.493519 0.080208 0.196296
1 0.473698 0.285648 0.069271 0.067593
0 0.502865 0.253704 0.038021 0.070370
3 0.457292 0.423611 0.102083 0.026852
11 0.517188 0.488889 0.114583 0.153704
10 0.423438 0.605556 0.096875 0.188889
34 0.360156 0.555556 0.035937 0.085185
2 0.202604 0.772222 0.075000 0.190741
4 0.228646 0.724074 0.068750 0.190741
5 0.257292 0.686111 0.095833 0.196296
13 0.325781 0.650463 0.100521 0.156481
12 0.357552 0.743519 0.111979 0.190741
13 0.473958 0.708796 0.104167 0.180556
29 0.520833 0.769444 0.089583 0.187037
