24 0.228385 0.717014 0.102604 0.179861
25 0.088542 0.761111 0.097917 0.154167
22 0.080469 0.589583 0.070312 0.166667
14 0.101042 0.611806 0.089583 0.084722
19 0.127604 0.630903 0.073958 0.079861
14 0.342448 0.338889 0.068229 0.150000
19 0.359896 0.392014 0.054167 0.095139
30 0.129948 0.510417 0.060937 0.091667
28 0.140885 0.412500 0.080729 0.106944
17 0.097396 0.400347 0.012500 0.047917
16 0.222917 0.305903 0.027083 0.045139
16 0.157552 0.517014 0.011979 0.024306
16 0.166667 0.510417 0.010417 0.025000
16 0.177344 0.504167 0.011979 0.025000
16 0.207031 0.495833 0.011979 0.019444
16 0.216667 0.487847 0.012500 0.018750
16 0.226823 0.482292 0.011979 0.022917
16 0.238281 0.475347 0.014063 0.020139
16 0.286979 0.428472 0.012500 0.023611
16 0.297917 0.421528 0.011458 0.023611
16 0.308594 0.415972 0.013021 0.020833
16 0.163542 0.569097 0.012500 0.022917
16 0.192188 0.550000 0.012500 0.020833
16 0.253385 0.505903 0.014063 0.021528
31 0.221354 0.525000 0.016667 0.023611
21 0.252344 0.505208 0.185938 0.185417
27 0.213281 0.279514 0.172396 0.274306
26 0.341146 0.239236 0.137500 0.199306
29 0.550260 0.192708 0.126562 0.072917
13 0.569792 0.231944 0.108333 0.094444
12 0.709896 0.261111 0.116667 0.105556
13 0.746094 0.352431 0.123438 0.117361
11 0.574740 0.347917 0.149479 0.191667
10 0.430990 0.381597 0.135937 0.190972
4 0.830729 0.352778 0.061458 0.123611
5 0.811979 0.409028 0.064583 0.218056
3 0.861458 0.175000 0.277083 0.350000
7 0.713021 0.358333 0.047917 0.050000
1 0.917708 0.234722 0.164583 0.438889
2 0.370573 0.646181 0.148438 0.259028
0 0.517188 0.386111 0.126042 0.237500
34 0.577604 0.532986 0.102083 0.138194
