34 0.023698 0.616319 0.014063 0.120139
24 0.415625 0.512847 0.150000 0.172917
25 0.223958 0.573611 0.105208 0.165278
22 0.225781 0.410764 0.084896 0.161806
30 0.283333 0.331597 0.068750 0.085417
17 0.234896 0.252431 0.017708 0.050694
16 0.388542 0.144444 0.023958 0.044444
16 0.322135 0.329167 0.011979 0.023611
16 0.333594 0.323264 0.011979 0.024306
16 0.344531 0.316667 0.013021 0.025000
16 0.376563 0.307639 0.016667 0.018056
16 0.388281 0.302083 0.016146 0.018056
16 0.400781 0.295139 0.013021 0.020833
16 0.411458 0.289236 0.013542 0.018750
16 0.460417 0.253125 0.012500 0.022917
16 0.471354 0.247222 0.012500 0.022222
16 0.481771 0.243056 0.014583 0.020833
16 0.332031 0.371181 0.013021 0.021528
16 0.366146 0.352083 0.013542 0.020833
16 0.431771 0.313194 0.012500 0.018056
31 0.398438 0.328819 0.013542 0.022917
21 0.417708 0.326736 0.198958 0.161806
28 0.289323 0.250000 0.081771 0.100000
27 0.371354 0.126389 0.164583 0.252778
26 0.501042 0.103472 0.120833 0.183333
14 0.269010 0.402083 0.076563 0.111111
19 0.289323 0.430556 0.068229 0.095833
14 0.527604 0.170833 0.043750 0.152778
19 0.536198 0.228472 0.040104 0.091667
29 0.677344 0.090625 0.107813 0.054861
13 0.707552 0.122222 0.101562 0.068056
12 0.822917 0.154514 0.106250 0.093750
13 0.859375 0.229861 0.109375 0.105556
4 0.942448 0.283681 0.085938 0.178472
5 0.930469 0.288889 0.085938 0.179167
11 0.723698 0.206944 0.119271 0.150000
10 0.621094 0.227083 0.156771 0.172222
2 0.631771 0.399306 0.097917 0.209722
3 0.600781 0.432639 0.127604 0.243056
34 0.721094 0.345833 0.069271 0.134722
1 0.673958 0.379861 0.139583 0.155556
0 0.284896 0.612847 0.082292 0.222917
