34 0.276042 0.195370 0.047917 0.035185
24 0.319531 0.237963 0.044271 0.059259
22 0.351042 0.276852 0.064583 0.075926
14 0.348698 0.265741 0.025521 0.087037
19 0.353906 0.290278 0.025521 0.067593
30 0.383073 0.294444 0.030729 0.053704
28 0.427344 0.274074 0.041146 0.074074
17 0.440365 0.234722 0.016146 0.017593
14 0.396094 0.327778 0.025521 0.124074
19 0.399219 0.368519 0.025521 0.070370
27 0.483333 0.256481 0.086458 0.212963
16 0.480469 0.268519 0.006771 0.007407
26 0.512240 0.343056 0.086979 0.169444
16 0.295312 0.342130 0.008333 0.010185
16 0.298698 0.346296 0.008854 0.009259
16 0.302083 0.348611 0.007292 0.010185
16 0.305469 0.352315 0.007812 0.008333
16 0.308854 0.359722 0.009375 0.010185
16 0.312240 0.364815 0.009896 0.009259
16 0.315885 0.369444 0.009896 0.009259
16 0.319531 0.374537 0.010937 0.010185
16 0.338542 0.405556 0.010417 0.011111
16 0.342969 0.410648 0.010937 0.010185
16 0.345052 0.417130 0.007812 0.012037
16 0.285417 0.352315 0.011458 0.012037
21 0.320573 0.409722 0.070312 0.121296
1 0.260156 0.393519 0.077604 0.133333
0 0.235156 0.330556 0.086979 0.112963
3 0.343490 0.523611 0.083854 0.158333
11 0.446354 0.450000 0.108333 0.214815
10 0.508333 0.593981 0.092708 0.184259
13 0.579948 0.568056 0.084896 0.145370
12 0.580469 0.731019 0.093229 0.195370
13 0.501823 0.775463 0.090104 0.200926
34 0.409115 0.717593 0.098437 0.055556
29 0.615104 0.539352 0.081250 0.139815
5 0.480990 0.915741 0.192188 0.168519
4 0.540885 0.956481 0.103646 0.087037
2 0.604427 0.977778 0.034896 0.044444
