34 0.062500 0.414931 0.022917 0.122917
24 0.201823 0.314931 0.104688 0.127083
22 0.309115 0.270486 0.086979 0.145139
14 0.350521 0.219097 0.059375 0.128472
19 0.365104 0.255208 0.057292 0.102083
30 0.392969 0.208681 0.065104 0.074306
28 0.409115 0.130208 0.086979 0.097917
17 0.349740 0.118750 0.016146 0.052778
16 0.511719 0.055208 0.020313 0.047917
27 0.512760 0.080903 0.153646 0.161806
26 0.655208 0.076042 0.135417 0.152083
14 0.520052 0.186111 0.040104 0.131944
19 0.522656 0.226389 0.044271 0.101389
29 0.821354 0.111111 0.108333 0.048611
13 0.857031 0.146528 0.098437 0.093056
10 0.888281 0.221875 0.124479 0.138194
11 0.739323 0.193403 0.152604 0.240972
16 0.401823 0.385069 0.015104 0.031250
16 0.416927 0.380903 0.016146 0.029861
16 0.432031 0.376736 0.016146 0.031250
16 0.490365 0.361111 0.015104 0.029167
16 0.504948 0.360069 0.014063 0.028472
16 0.405469 0.417361 0.016146 0.030556
16 0.519531 0.355903 0.015104 0.029861
16 0.451302 0.469097 0.024479 0.046528
16 0.516406 0.423264 0.017188 0.031250
16 0.588802 0.340625 0.015104 0.029861
16 0.602604 0.337847 0.014583 0.028472
16 0.616667 0.336458 0.020833 0.027083
21 0.519010 0.408681 0.254688 0.132639
0 0.419010 0.579514 0.149479 0.324306
1 0.959115 0.362153 0.081771 0.370139
12 0.949740 0.195486 0.042188 0.039583
