16 0.304427 0.338889 0.034896 0.031944
29 0.373698 0.342361 0.167187 0.126389
0 0.253906 0.367708 0.133854 0.160417
16 0.488021 0.400694 0.018750 0.038889
16 0.498177 0.434028 0.023438 0.022222
16 0.502083 0.455208 0.023958 0.027083
16 0.469010 0.448958 0.023438 0.025694
16 0.400260 0.477083 0.016146 0.031944
16 0.353906 0.460069 0.019271 0.031250
16 0.372135 0.489236 0.023438 0.024306
16 0.347135 0.500694 0.019271 0.029167
16 0.316406 0.478472 0.017188 0.030556
16 0.321875 0.512847 0.019792 0.029861
16 0.291406 0.493403 0.022396 0.022917
16 0.295833 0.523611 0.021875 0.026389
16 0.299479 0.561458 0.022917 0.024306
21 0.405729 0.493056 0.241667 0.183333
22 0.134635 0.329861 0.072396 0.156944
19 0.073177 0.425000 0.068229 0.075000
14 0.052083 0.404861 0.084375 0.081944
30 0.161719 0.424306 0.070312 0.105556
24 0.109896 0.579167 0.066667 0.169444
17 0.312500 0.121528 0.051042 0.055556
28 0.294792 0.204514 0.092708 0.117361
16 0.399479 0.088889 0.018750 0.019444
27 0.397396 0.128125 0.186458 0.256250
26 0.520052 0.077778 0.131771 0.155556
13 0.749479 0.023264 0.095833 0.046528
10 0.735938 0.104514 0.131250 0.135417
14 0.480729 0.251042 0.045833 0.125694
19 0.488281 0.287153 0.046354 0.102083
11 0.614844 0.231597 0.160938 0.185417
34 0.716927 0.346528 0.061979 0.156944
5 0.888542 0.188542 0.125000 0.090972
2 0.823958 0.277778 0.111458 0.184722
4 0.851562 0.276042 0.084375 0.156250
12 0.927604 0.294792 0.115625 0.113194
13 0.882031 0.212500 0.107813 0.106944
7 0.596875 0.501042 0.098958 0.040972
3 0.815885 0.407292 0.368229 0.195139
1 0.914583 0.465972 0.170833 0.281944
