14 0.024219 0.377083 0.048438 0.072222
19 0.030990 0.391319 0.061979 0.081250
22 0.096354 0.301389 0.078125 0.155556
30 0.124479 0.398611 0.078125 0.109722
24 0.060677 0.555556 0.071354 0.176389
28 0.266667 0.189583 0.089583 0.112500
17 0.288281 0.110417 0.050521 0.048611
16 0.392448 0.086111 0.017188 0.019444
27 0.378125 0.125347 0.161458 0.250694
26 0.498958 0.080903 0.125000 0.161806
13 0.714844 0.047222 0.089063 0.075000
10 0.698177 0.136111 0.123438 0.131944
13 0.831250 0.247222 0.098958 0.095833
5 0.840365 0.223958 0.110937 0.081250
12 0.870573 0.324653 0.103646 0.106250
4 0.813021 0.338194 0.095833 0.213889
2 0.778646 0.315625 0.107292 0.197917
34 0.736458 0.480903 0.055208 0.164583
11 0.572396 0.237153 0.151042 0.161806
14 0.411198 0.238889 0.041146 0.122222
19 0.419010 0.278819 0.044271 0.093750
29 0.334635 0.389931 0.189062 0.118750
16 0.221094 0.492014 0.044271 0.022917
16 0.266667 0.463542 0.018750 0.027083
16 0.279948 0.459028 0.014063 0.029167
16 0.282552 0.493750 0.015104 0.030556
16 0.260937 0.543056 0.020833 0.019444
16 0.302083 0.526389 0.017708 0.027778
16 0.309115 0.483333 0.018229 0.023611
16 0.319010 0.444792 0.016146 0.029861
16 0.338281 0.473264 0.016146 0.029861
16 0.366406 0.463542 0.015104 0.029861
16 0.436198 0.437847 0.018229 0.022917
16 0.465104 0.426042 0.017708 0.018750
16 0.467187 0.445486 0.022917 0.021528
31 0.454948 0.391667 0.016146 0.033333
21 0.367969 0.480556 0.241146 0.170833
0 0.177865 0.540625 0.111979 0.177083
3 0.824479 0.505903 0.351042 0.153472
1 0.908854 0.576042 0.182292 0.267361
7 0.624219 0.547222 0.074479 0.013889
