16 0.178906 0.147569 0.019271 0.050694
17 0.147917 0.172917 0.033333 0.066667
28 0.125260 0.257292 0.088021 0.121528
27 0.199479 0.133333 0.180208 0.266667
26 0.326562 0.095139 0.163542 0.190278
19 0.324740 0.238542 0.057813 0.104861
14 0.313021 0.203125 0.059375 0.127083
31 0.276302 0.277778 0.019271 0.030556
16 0.282292 0.303472 0.019792 0.020833
16 0.284635 0.318750 0.020313 0.019444
16 0.258333 0.316667 0.017708 0.019444
16 0.201302 0.353125 0.016146 0.029861
16 0.181250 0.365625 0.018750 0.028472
16 0.165365 0.351736 0.022396 0.024306
16 0.159375 0.378819 0.017708 0.027083
16 0.139323 0.395139 0.020313 0.030556
16 0.138021 0.424653 0.017708 0.020139
16 0.122135 0.438542 0.020313 0.028472
16 0.119531 0.408681 0.020313 0.027083
16 0.136198 0.369097 0.019271 0.029861
16 0.127344 0.376389 0.018229 0.026389
21 0.213802 0.372569 0.196354 0.188194
29 0.181250 0.312847 0.156250 0.120139
25 0.052083 0.599653 0.093750 0.172917
30 0.026562 0.501389 0.053125 0.109722
22 0.010937 0.402431 0.021875 0.138194
19 0.065625 0.459028 0.077083 0.086111
14 0.043750 0.437500 0.087500 0.094444
24 0.284375 0.559375 0.137500 0.121528
2 0.203385 0.610417 0.293229 0.287500
0 0.263542 0.686806 0.170833 0.345833
3 0.399740 0.456250 0.121354 0.281944
10 0.446354 0.212500 0.158333 0.204167
11 0.548438 0.109375 0.138542 0.147917
34 0.604167 0.300000 0.132292 0.100000
1 0.617188 0.345139 0.146875 0.150000
5 0.718229 0.118056 0.140625 0.094444
4 0.705208 0.246181 0.140625 0.203472
12 0.770312 0.221528 0.123958 0.120833
13 0.715104 0.146875 0.115625 0.113194
