22 0.026823 0.219792 0.053646 0.152083
30 0.034115 0.321528 0.068229 0.112500
17 0.207292 0.020833 0.054167 0.041667
28 0.173958 0.096181 0.092708 0.120139
27 0.298958 0.076042 0.152083 0.152083
14 0.312240 0.129167 0.058854 0.136111
19 0.326302 0.168750 0.058854 0.109722
26 0.416667 0.028125 0.092708 0.056250
13 0.803385 0.159375 0.114062 0.104861
5 0.810677 0.128125 0.140104 0.089583
12 0.844792 0.250000 0.119792 0.126389
4 0.773438 0.259375 0.102083 0.246528
2 0.733594 0.230556 0.116146 0.227778
10 0.651563 0.051389 0.135417 0.102778
11 0.493229 0.130556 0.162500 0.180556
34 0.556510 0.251736 0.096354 0.204861
1 0.641406 0.323958 0.151562 0.200694
29 0.227865 0.283681 0.191146 0.113194
16 0.169010 0.297917 0.027604 0.043056
16 0.140885 0.463542 0.023438 0.022917
16 0.137760 0.425347 0.017188 0.031250
16 0.149740 0.381250 0.017188 0.029167
16 0.161198 0.375347 0.014063 0.029861
16 0.161719 0.411458 0.015104 0.029861
16 0.189062 0.401389 0.019792 0.026389
16 0.200000 0.360069 0.018750 0.031250
16 0.213542 0.389583 0.014583 0.031944
16 0.242708 0.376736 0.015625 0.031250
16 0.313281 0.349653 0.022396 0.022917
16 0.344792 0.336806 0.025000 0.020833
16 0.347656 0.358333 0.024479 0.023611
31 0.337760 0.298611 0.017188 0.033333
21 0.255990 0.393403 0.240104 0.188194
3 0.517188 0.629514 0.328125 0.117361
0 0.452604 0.665625 0.183333 0.261806
