14 0.423958 0.386574 0.022917 0.084259
5 0.571354 0.756019 0.160417 0.265741
12 0.513281 0.878704 0.108854 0.244444
13 0.565885 0.788426 0.108854 0.193519
34 0.352083 0.695833 0.096875 0.049074
11 0.540104 0.567593 0.096875 0.166667
13 0.694792 0.556019 0.079167 0.112037
10 0.442969 0.492593 0.078646 0.162963
3 0.351562 0.512963 0.094792 0.109259
31 0.406510 0.404630 0.009896 0.020370
16 0.389844 0.418981 0.007812 0.012037
16 0.396094 0.415278 0.007812 0.012037
16 0.389844 0.402778 0.006771 0.011111
16 0.378125 0.375926 0.008333 0.011111
16 0.374479 0.366667 0.009375 0.009259
16 0.380990 0.356481 0.007812 0.012963
16 0.369271 0.357870 0.009375 0.010185
16 0.375260 0.341667 0.009896 0.009259
16 0.373177 0.335648 0.009896 0.008333
16 0.364323 0.346296 0.009896 0.009259
16 0.352865 0.354167 0.008854 0.012037
16 0.348438 0.348148 0.010417 0.014815
16 0.359375 0.341667 0.010417 0.014815
19 0.425521 0.402778 0.017708 0.044444
29 0.399479 0.363889 0.037500 0.088889
21 0.380469 0.396296 0.069271 0.116667
19 0.354687 0.305093 0.020833 0.065741
14 0.347656 0.283796 0.022396 0.086111
2 0.326562 0.267593 0.021875 0.059259
1 0.321094 0.313889 0.057813 0.120370
25 0.286719 0.334259 0.031771 0.059259
0 0.266406 0.406944 0.044271 0.069444
24 0.317708 0.456481 0.027083 0.070370
26 0.500260 0.374074 0.078646 0.161111
16 0.459375 0.293981 0.007292 0.015741
28 0.429167 0.309259 0.041667 0.070370
27 0.478125 0.299074 0.097917 0.209259
22 0.376823 0.260185 0.050521 0.064815
