16 0.581250 0.331250 0.016667 0.027778
29 0.797917 0.048611 0.116667 0.050000
13 0.835938 0.084375 0.105208 0.096528
12 0.954167 0.162847 0.084375 0.109028
13 0.956771 0.261806 0.086458 0.134722
10 0.873698 0.162153 0.141146 0.145139
11 0.707031 0.143750 0.167187 0.263889
26 0.603646 0.052083 0.125000 0.104167
27 0.469010 0.060417 0.153646 0.120833
28 0.358073 0.109375 0.091146 0.104861
17 0.299740 0.103125 0.015104 0.053472
30 0.341406 0.195486 0.073438 0.085417
22 0.262500 0.272917 0.087500 0.152778
14 0.294531 0.213194 0.072396 0.126389
19 0.313021 0.248958 0.066667 0.103472
24 0.159896 0.327083 0.097917 0.138889
34 0.034375 0.444097 0.017708 0.125694
14 0.509115 0.116319 0.052604 0.188194
19 0.519271 0.184722 0.045833 0.105556
3 0.711719 0.379861 0.186979 0.240278
16 0.354948 0.401042 0.009896 0.025694
16 0.444531 0.355903 0.016146 0.025694
16 0.460677 0.351389 0.016146 0.031944
16 0.403646 0.456597 0.019792 0.027083
16 0.494531 0.398611 0.025521 0.072222
16 0.547656 0.315972 0.016146 0.029167
16 0.562500 0.311806 0.015625 0.031944
16 0.576562 0.308333 0.023958 0.023611
31 0.430990 0.438889 0.018229 0.031944
21 0.475781 0.403472 0.250521 0.183333
0 0.385417 0.502778 0.155208 0.402778
1 0.584375 0.455903 0.205208 0.272917
34 0.918750 0.358333 0.040625 0.152778
