29 0.090104 0.068403 0.180208 0.136806
24 0.020833 0.310764 0.041667 0.232639
31 0.289062 0.078472 0.028125 0.051389
16 0.292187 0.122917 0.033333 0.029167
16 0.295052 0.152431 0.032813 0.038194
16 0.256510 0.143056 0.038021 0.036111
16 0.170833 0.226042 0.027083 0.039583
16 0.114323 0.160069 0.028646 0.039583
16 0.132552 0.196181 0.028646 0.040972
16 0.101302 0.213542 0.027604 0.035417
16 0.070052 0.185069 0.025521 0.040972
16 0.039323 0.204861 0.026562 0.029167
16 0.071615 0.231597 0.027604 0.036806
16 0.042969 0.246875 0.028646 0.038194
16 0.075000 0.278125 0.027083 0.039583
16 0.045052 0.294097 0.029687 0.031250
21 0.187240 0.201042 0.294271 0.247917
30 0.298438 0.012500 0.077083 0.025000
18 0.500521 0.074306 0.050000 0.109722
18 0.472656 0.081250 0.038021 0.115278
18 0.447396 0.087500 0.044792 0.115278
18 0.426042 0.094097 0.048958 0.115972
18 0.404687 0.101042 0.043750 0.118750
18 0.377083 0.106250 0.040625 0.116667
17 0.529687 0.276389 0.042708 0.137500
17 0.505208 0.287500 0.044792 0.141667
17 0.478906 0.296875 0.043229 0.142361
17 0.453646 0.306250 0.044792 0.144444
17 0.426563 0.315625 0.043750 0.143750
17 0.386458 0.334028 0.043750 0.147222
9 0.537500 0.267361 0.041667 0.137500
22 0.460417 0.311111 0.208333 0.226389
0 0.329688 0.368750 0.201042 0.326389
23 0.148698 0.406944 0.184896 0.234722
5 0.661198 0.172569 0.294271 0.345139
34 0.562500 0.083681 0.046875 0.032639
1 0.740885 0.191667 0.326562 0.383333
3 0.892708 0.208333 0.057292 0.265278
2 0.903646 0.138542 0.052083 0.177083
