34 0.071615 0.519097 0.015104 0.125694
17 0.338802 0.201389 0.018229 0.052778
22 0.319010 0.358681 0.085938 0.157639
14 0.374219 0.319444 0.059896 0.122222
14 0.653906 0.208333 0.045312 0.112500
19 0.645052 0.245139 0.044271 0.093056
19 0.388542 0.353819 0.057292 0.099306
16 0.514323 0.133333 0.021354 0.045833
16 0.433073 0.300347 0.014063 0.022917
16 0.446094 0.297569 0.011979 0.024306
16 0.458073 0.293056 0.013021 0.023611
16 0.494010 0.293056 0.018229 0.016667
16 0.504687 0.288889 0.017708 0.019444
16 0.517448 0.286111 0.014063 0.020833
16 0.529427 0.282639 0.016146 0.020833
16 0.580469 0.258333 0.013021 0.020833
16 0.591146 0.255208 0.011458 0.022917
16 0.602083 0.253819 0.015625 0.021528
16 0.441667 0.346528 0.014583 0.018056
16 0.478646 0.334722 0.013542 0.020833
16 0.549740 0.311111 0.014063 0.019444
31 0.516406 0.321528 0.015104 0.022222
21 0.527344 0.321181 0.208854 0.125694
30 0.401562 0.288542 0.041667 0.068750
28 0.397656 0.212500 0.083854 0.098611
27 0.495052 0.119097 0.151562 0.238194
26 0.633854 0.123264 0.132292 0.182639
29 0.790365 0.146528 0.103646 0.043056
13 0.818750 0.184375 0.101042 0.081250
12 0.922396 0.239236 0.100000 0.099306
13 0.950260 0.325694 0.099479 0.115278
11 0.836979 0.273611 0.101042 0.138889
10 0.748437 0.278819 0.144792 0.154861
34 0.858594 0.452083 0.067187 0.140278
3 0.705208 0.477083 0.085417 0.262500
2 0.650781 0.477778 0.083854 0.258333
24 0.494531 0.507639 0.150521 0.158333
25 0.316406 0.547222 0.128646 0.151389
0 0.216146 0.557639 0.145833 0.179167
1 0.697135 0.683681 0.230729 0.189583
