19 0.101823 0.033681 0.077604 0.067361
29 0.245312 0.035417 0.219792 0.070833
24 0.111458 0.227431 0.119792 0.215972
16 0.186198 0.148958 0.026562 0.031250
16 0.219271 0.143750 0.026042 0.038889
16 0.266146 0.139236 0.023958 0.039583
16 0.183333 0.190972 0.029167 0.033333
16 0.213281 0.185417 0.023438 0.037500
16 0.245052 0.182986 0.026562 0.036806
16 0.279687 0.178125 0.025000 0.040972
16 0.176823 0.234375 0.027604 0.032639
16 0.207813 0.229861 0.023958 0.038889
16 0.402865 0.179861 0.027604 0.034722
16 0.442188 0.178125 0.031250 0.029861
16 0.441146 0.203472 0.031250 0.031944
31 0.445052 0.132292 0.022396 0.050694
21 0.320052 0.196875 0.296354 0.134028
30 0.475000 0.038542 0.098958 0.077083
23 0.257031 0.376389 0.172396 0.173611
18 0.512240 0.188542 0.032813 0.110417
17 0.507552 0.371875 0.015104 0.118750
17 0.544792 0.362847 0.015625 0.152083
17 0.569792 0.364583 0.015625 0.151389
17 0.593229 0.366667 0.015625 0.150000
17 0.616667 0.368750 0.015625 0.147222
17 0.639062 0.371181 0.016667 0.146528
22 0.567448 0.367708 0.169271 0.168750
16 0.453385 0.342361 0.044271 0.079167
0 0.398958 0.438194 0.154167 0.251389
8 0.459896 0.347917 0.027083 0.037500
4 0.677604 0.174653 0.425000 0.349306
1 0.799479 0.172917 0.276042 0.345833
2 0.963281 0.324653 0.027604 0.228472
3 0.945573 0.410764 0.045312 0.268750
5 0.915625 0.422917 0.063542 0.304167
10 0.973437 0.138542 0.053125 0.160417
11 0.940625 0.083681 0.084375 0.167361
13 0.957812 0.029861 0.082292 0.059722
13 0.917188 0.206597 0.113542 0.152083
