5 0.339844 0.687037 0.152604 0.255556
12 0.289062 0.658796 0.109375 0.182407
13 0.344792 0.714815 0.111458 0.172222
4 0.356771 0.617593 0.113542 0.112963
2 0.389583 0.594907 0.116667 0.089815
10 0.499740 0.631019 0.102604 0.200926
13 0.551823 0.901389 0.118229 0.199074
11 0.526042 0.476389 0.085417 0.152778
34 0.486198 0.412963 0.055729 0.051852
26 0.632812 0.469444 0.085417 0.190741
27 0.661979 0.397222 0.146875 0.188889
28 0.669531 0.375463 0.042188 0.082407
19 0.569010 0.387037 0.023438 0.075926
14 0.573438 0.361111 0.021875 0.101852
29 0.563542 0.357870 0.047917 0.065741
21 0.532031 0.339815 0.073438 0.101852
16 0.505208 0.352315 0.006250 0.012037
16 0.511458 0.355093 0.006250 0.012037
16 0.517708 0.345370 0.006250 0.011111
16 0.532552 0.322685 0.008854 0.012037
16 0.539062 0.314352 0.007292 0.012037
16 0.545052 0.306019 0.008854 0.012037
16 0.545052 0.290278 0.006771 0.012037
16 0.551302 0.315741 0.007812 0.012963
16 0.554427 0.292593 0.005729 0.014815
16 0.559375 0.304167 0.008333 0.012037
16 0.565625 0.306019 0.007292 0.013889
16 0.575260 0.311111 0.006771 0.012963
0 0.585417 0.297222 0.032292 0.074074
1 0.557031 0.267593 0.047396 0.092593
24 0.612500 0.248611 0.057292 0.054630
30 0.636719 0.288426 0.025521 0.047222
22 0.691406 0.294907 0.065104 0.060185
19 0.672396 0.245833 0.023958 0.063889
14 0.680208 0.205093 0.019792 0.041667
17 0.722135 0.442130 0.015104 0.030556
31 0.521875 0.361111 0.009375 0.020370
16 0.549219 0.298611 0.005729 0.010185
