21 0.358594 0.255556 0.266146 0.151389
14 0.176563 0.035417 0.050000 0.069444
19 0.191146 0.047917 0.066667 0.095833
29 0.317188 0.085764 0.191667 0.075694
24 0.174479 0.238889 0.128125 0.183333
16 0.252604 0.182292 0.021875 0.021528
16 0.280729 0.185764 0.021875 0.031250
16 0.321615 0.190972 0.018229 0.033333
16 0.245573 0.215972 0.025521 0.023611
16 0.270052 0.220486 0.020313 0.032639
16 0.234375 0.254861 0.023958 0.031944
16 0.261198 0.256250 0.017188 0.031944
16 0.299479 0.223611 0.017708 0.031944
16 0.328125 0.226736 0.017708 0.031250
16 0.352083 0.271181 0.017708 0.032639
16 0.435156 0.249653 0.025521 0.024306
16 0.467708 0.255208 0.027083 0.024306
16 0.463542 0.276042 0.027083 0.018750
31 0.474219 0.218750 0.018229 0.044444
30 0.510677 0.130903 0.088021 0.099306
28 0.514323 0.023958 0.099479 0.047917
27 0.654948 0.071875 0.156771 0.143750
26 0.809115 0.060069 0.161979 0.120139
13 0.955990 0.151389 0.079687 0.120833
11 0.912500 0.226389 0.115625 0.161111
10 0.969792 0.286111 0.060417 0.150000
12 0.822396 0.228125 0.125000 0.167361
13 0.909115 0.346875 0.108854 0.138194
3 0.926562 0.536458 0.043750 0.254861
4 0.851562 0.421875 0.054167 0.136806
5 0.890104 0.528819 0.060417 0.282639
14 0.758854 0.146181 0.086458 0.117361
19 0.738542 0.169792 0.063542 0.088194
1 0.647396 0.193056 0.161458 0.180556
18 0.551302 0.248611 0.048438 0.101389
18 0.624479 0.301736 0.027083 0.097917
18 0.607812 0.297222 0.029167 0.095833
18 0.583854 0.292014 0.025000 0.097917
18 0.564844 0.286806 0.024479 0.102778
18 0.548438 0.285417 0.026042 0.100000
17 0.489583 0.453819 0.019792 0.124306
17 0.523438 0.457639 0.019792 0.122222
17 0.545312 0.461458 0.017708 0.122917
17 0.567187 0.463542 0.017708 0.121528
17 0.589063 0.467014 0.016667 0.121528
17 0.609896 0.468403 0.016667 0.120139
22 0.545312 0.461458 0.157292 0.160417
23 0.283854 0.396875 0.169792 0.171528
0 0.596615 0.672222 0.155729 0.170833
17 0.716667 0.010417 0.019792 0.020833
2 0.945573 0.485417 0.022396 0.158333
