25 0.202344 0.482986 0.130729 0.168750
24 0.446615 0.531944 0.154688 0.161111
0 0.127083 0.524653 0.146875 0.210417
30 0.170573 0.387500 0.080729 0.109722
22 0.142969 0.294444 0.083854 0.147222
19 0.223698 0.340278 0.066146 0.100000
14 0.206250 0.307292 0.072917 0.111806
16 0.309375 0.332292 0.016667 0.027083
16 0.333594 0.353125 0.018229 0.018750
16 0.308854 0.358681 0.014583 0.024306
16 0.333333 0.321875 0.015625 0.022917
16 0.320573 0.304167 0.016146 0.027778
16 0.334115 0.300347 0.016146 0.027083
16 0.358594 0.316667 0.014063 0.020833
16 0.369792 0.294792 0.020833 0.024306
16 0.383854 0.310417 0.014583 0.020833
16 0.407292 0.305208 0.014583 0.022917
31 0.490625 0.265972 0.014583 0.033333
16 0.470573 0.295833 0.017188 0.020833
16 0.495573 0.291667 0.021354 0.015278
16 0.498177 0.305903 0.020313 0.018750
21 0.408073 0.332639 0.216146 0.125000
19 0.517969 0.244444 0.045312 0.098611
14 0.527083 0.206944 0.041667 0.126389
29 0.379167 0.266667 0.172917 0.075000
10 0.631510 0.239236 0.140104 0.149306
11 0.731250 0.196875 0.119792 0.124306
13 0.744271 0.085069 0.087500 0.077083
5 0.867448 0.249653 0.108854 0.078472
12 0.900260 0.348264 0.102604 0.107639
13 0.859635 0.274306 0.096354 0.094444
4 0.844010 0.359722 0.102604 0.205556
34 0.779948 0.503472 0.016146 0.161111
2 0.542448 0.478125 0.102604 0.286806
3 0.589323 0.467708 0.094271 0.272917
17 0.345052 0.122917 0.034896 0.048611
28 0.319271 0.192014 0.087500 0.107639
16 0.402344 0.107639 0.024479 0.038889
27 0.416927 0.116667 0.151562 0.233333
26 0.556771 0.109375 0.134375 0.193750
1 0.624219 0.446181 0.158854 0.185417
