21 0.532031 0.341204 0.073438 0.100926
26 0.631771 0.469907 0.083333 0.191667
28 0.671354 0.374537 0.046875 0.080556
27 0.660937 0.394907 0.146875 0.193519
0 0.596354 0.284259 0.040625 0.094444
13 0.551823 0.900926 0.118229 0.200000
10 0.499740 0.630093 0.102604 0.202778
2 0.389844 0.595370 0.117188 0.088889
4 0.356250 0.618056 0.114583 0.112037
5 0.339844 0.686574 0.152604 0.254630
13 0.345052 0.715741 0.111979 0.174074
12 0.288281 0.658333 0.107813 0.181481
34 0.448958 0.491667 0.061458 0.055556
11 0.520573 0.475463 0.084896 0.152778
16 0.651042 0.379167 0.006250 0.015741
16 0.592448 0.313889 0.006771 0.035185
29 0.582552 0.363426 0.044271 0.089815
31 0.522135 0.360648 0.009896 0.019444
16 0.506250 0.351389 0.007292 0.010185
16 0.511458 0.354167 0.006250 0.010185
16 0.517448 0.343981 0.005729 0.010185
16 0.532813 0.322685 0.009375 0.010185
16 0.538281 0.313889 0.008854 0.009259
16 0.552604 0.315278 0.008333 0.010185
16 0.544271 0.306944 0.009375 0.010185
16 0.558854 0.303241 0.009375 0.010185
16 0.563542 0.296296 0.008333 0.011111
16 0.550260 0.297685 0.008854 0.010185
16 0.554688 0.291667 0.006250 0.012963
16 0.545833 0.287963 0.006250 0.012963
14 0.556250 0.369907 0.020833 0.095370
19 0.554688 0.398148 0.019792 0.066667
30 0.636458 0.287963 0.025000 0.046296
24 0.616667 0.248611 0.046875 0.054630
22 0.691667 0.294907 0.064583 0.060185
19 0.672656 0.245370 0.023438 0.062963
14 0.678385 0.222685 0.023438 0.076852
17 0.718229 0.430093 0.022917 0.052778
3 0.406771 0.223148 0.097917 0.064815
7 0.464062 0.255093 0.019792 0.013889
1 0.378125 0.235185 0.061458 0.081481
