2 0.348698 0.208333 0.073438 0.053704
19 0.372396 0.306019 0.026042 0.067593
27 0.319792 0.354167 0.141667 0.175000
0 0.532031 0.314352 0.064062 0.065741
22 0.495833 0.301389 0.059375 0.060185
10 0.266406 0.192130 0.046354 0.078704
13 0.201302 0.256019 0.053646 0.087963
26 0.277604 0.280556 0.086458 0.125926
12 0.348438 0.275926 0.062500 0.090741
17 0.325260 0.323611 0.019271 0.045370
4 0.408594 0.228704 0.071354 0.062963
14 0.366146 0.281481 0.025000 0.088889
34 0.420573 0.297685 0.035937 0.043519
16 0.279427 0.481944 0.011979 0.015741
28 0.375000 0.450000 0.061458 0.096296
5 0.470052 0.143981 0.071354 0.184259
9 0.494271 0.231481 0.033333 0.046296
17 0.482292 0.281481 0.025000 0.029630
17 0.487760 0.286111 0.024479 0.029630
17 0.493490 0.289352 0.024479 0.030556
17 0.499740 0.293056 0.024479 0.030556
17 0.500781 0.305093 0.011979 0.015741
17 0.511719 0.308796 0.016146 0.019444
1 0.464583 0.089815 0.050000 0.092593
18 0.460156 0.346296 0.027604 0.027778
18 0.462240 0.355556 0.025521 0.024074
31 0.477344 0.350000 0.006771 0.020370
16 0.486979 0.343981 0.009375 0.012037
16 0.492188 0.338426 0.008333 0.012037
16 0.495573 0.350000 0.008854 0.011111
16 0.526302 0.368056 0.007812 0.015741
16 0.525260 0.384722 0.007812 0.013889
16 0.520312 0.401389 0.008333 0.012037
16 0.534375 0.416204 0.007292 0.013889
16 0.544792 0.431019 0.009375 0.013889
16 0.534375 0.394444 0.007292 0.012963
16 0.544792 0.406019 0.007292 0.013889
16 0.554427 0.397685 0.007812 0.013889
16 0.563802 0.409722 0.009896 0.015741
16 0.554167 0.419444 0.009375 0.012963
21 0.521354 0.400463 0.100000 0.126852
23 0.569792 0.381481 0.076042 0.094444
30 0.435417 0.393981 0.042708 0.069444
29 0.493229 0.485648 0.076042 0.115741
14 0.543490 0.526852 0.025521 0.112963
19 0.540365 0.561574 0.030729 0.089815
24 0.591406 0.483333 0.081771 0.116667
11 0.289062 0.237963 0.059375 0.077778
13 0.347917 0.218056 0.055208 0.062037
