28 0.244271 0.337500 0.085417 0.129167
19 0.028385 0.585764 0.056771 0.065972
22 0.080208 0.476389 0.070833 0.169444
16 0.214844 0.293403 0.020313 0.040972
17 0.254688 0.240625 0.053125 0.065972
16 0.355729 0.209028 0.018750 0.023611
27 0.343750 0.216319 0.197917 0.353472
14 0.389323 0.393750 0.061979 0.118056
19 0.402604 0.427083 0.059375 0.097222
26 0.467969 0.150000 0.147396 0.225000
13 0.709375 0.075694 0.097917 0.094444
10 0.702604 0.195139 0.138542 0.143056
13 0.854167 0.288542 0.111458 0.117361
5 0.861719 0.266667 0.122396 0.111111
12 0.903125 0.376736 0.116667 0.122917
4 0.841927 0.398264 0.115104 0.232639
2 0.804167 0.382986 0.128125 0.213194
3 0.725781 0.504861 0.169271 0.213889
34 0.686719 0.498958 0.134896 0.068750
1 0.681510 0.557292 0.106771 0.168750
29 0.327604 0.563889 0.191667 0.141667
16 0.263281 0.665278 0.017188 0.031944
16 0.276823 0.659375 0.014063 0.032639
16 0.314844 0.641667 0.016146 0.034722
16 0.258073 0.712153 0.016146 0.032639
16 0.282031 0.696181 0.016146 0.035417
16 0.308594 0.684722 0.019271 0.026389
16 0.337240 0.671875 0.017188 0.035417
16 0.366146 0.657639 0.016667 0.034722
16 0.436198 0.620486 0.021354 0.028472
31 0.454167 0.564236 0.020833 0.032639
16 0.466146 0.604167 0.025000 0.023611
16 0.471354 0.623611 0.025000 0.022222
16 0.266927 0.751042 0.022396 0.025694
21 0.373177 0.660417 0.251563 0.202778
11 0.571354 0.345833 0.167708 0.202778
24 0.061458 0.752778 0.054167 0.172222
0 0.182292 0.327778 0.088542 0.138889
