27 0.464844 0.312963 0.098437 0.216667
5 0.572656 0.755556 0.161979 0.262963
0 0.343229 0.312500 0.064583 0.062037
12 0.513281 0.878704 0.108854 0.242593
13 0.566406 0.790278 0.108854 0.193519
2 0.473438 0.718056 0.114583 0.191667
10 0.560156 0.552315 0.085938 0.176852
13 0.695573 0.556019 0.079687 0.112037
34 0.410938 0.602315 0.076042 0.075000
11 0.447396 0.493056 0.087500 0.154630
16 0.459115 0.309259 0.008854 0.012963
14 0.394531 0.396296 0.026562 0.092593
19 0.399479 0.422685 0.025000 0.076852
16 0.356510 0.338889 0.009896 0.033333
16 0.288802 0.383333 0.007812 0.018519
16 0.318750 0.411574 0.010417 0.010185
16 0.314583 0.400463 0.007292 0.012037
16 0.324219 0.388426 0.010937 0.012037
16 0.309896 0.390741 0.010417 0.011111
16 0.304688 0.380556 0.010417 0.011111
16 0.300781 0.372222 0.009896 0.011111
16 0.316146 0.374074 0.010417 0.011111
16 0.310937 0.365741 0.007292 0.014815
16 0.330990 0.456481 0.007812 0.014815
16 0.338281 0.450926 0.007812 0.014815
16 0.332552 0.440278 0.007812 0.012037
31 0.349479 0.437500 0.009375 0.015741
21 0.322135 0.431944 0.074479 0.123148
29 0.372135 0.383796 0.040104 0.087963
30 0.337760 0.298611 0.032813 0.045370
3 0.261979 0.441667 0.037500 0.081481
1 0.252083 0.470833 0.079167 0.130556
26 0.515365 0.368981 0.089063 0.158333
28 0.427083 0.308796 0.041667 0.069444
22 0.372656 0.260648 0.059896 0.065741
19 0.331510 0.240278 0.023438 0.062037
14 0.324740 0.220833 0.020313 0.078704
4 0.462760 0.799537 0.114062 0.169444
