5 0.809375 0.387500 0.052083 0.106944
4 0.760417 0.485764 0.054167 0.342361
34 0.120313 0.592014 0.027083 0.213194
23 0.088021 0.311806 0.082292 0.206944
30 0.334896 0.122569 0.088542 0.100694
27 0.364063 0.022222 0.142708 0.044444
28 0.526042 0.022569 0.104167 0.045139
16 0.089844 0.097569 0.019271 0.052083
16 0.410156 0.101736 0.021354 0.031250
16 0.440625 0.102083 0.018750 0.030556
16 0.458073 0.102431 0.021354 0.029861
16 0.576302 0.114583 0.023438 0.027778
16 0.607031 0.120833 0.023438 0.025000
16 0.632552 0.124653 0.023438 0.024306
16 0.405729 0.135417 0.021875 0.025000
16 0.423958 0.132986 0.015625 0.028472
16 0.440104 0.134028 0.016667 0.030556
16 0.457031 0.133681 0.017188 0.029861
16 0.501823 0.137847 0.018229 0.028472
16 0.422135 0.171181 0.026562 0.024306
16 0.534115 0.173611 0.019271 0.029167
31 0.534896 0.134375 0.017708 0.031250
21 0.517708 0.163542 0.257292 0.124306
14 0.643750 0.050000 0.071875 0.100000
14 0.697396 0.057292 0.083333 0.114583
19 0.627344 0.067361 0.068229 0.111111
19 0.676042 0.083681 0.073958 0.110417
17 0.487500 0.476389 0.017708 0.125000
17 0.521354 0.447917 0.016667 0.088889
17 0.544010 0.449653 0.018229 0.095139
17 0.565885 0.447569 0.018229 0.093750
17 0.587240 0.443403 0.018229 0.090972
17 0.608333 0.453125 0.015625 0.077083
18 0.620833 0.459375 0.036458 0.089583
18 0.420573 0.460417 0.029687 0.119444
22 0.543229 0.475000 0.158333 0.155556
0 0.542969 0.625694 0.182812 0.284722
1 0.716927 0.413542 0.240104 0.221528
13 0.907031 0.050694 0.096354 0.101389
10 0.893490 0.095486 0.132812 0.156250
11 0.954948 0.230208 0.090104 0.149306
13 0.892188 0.254167 0.108333 0.133333
12 0.793490 0.220486 0.145313 0.153472
24 0.886458 0.365972 0.095833 0.112500
2 0.984115 0.437153 0.031771 0.227083
3 0.956771 0.446181 0.035417 0.235417
