33 0.669792 0.479167 0.050000 0.044444
1 0.727604 0.552778 0.157292 0.327778
21 0.584115 0.488889 0.213021 0.105556
16 0.558854 0.521875 0.023958 0.021528
16 0.516406 0.520486 0.023438 0.024306
16 0.500260 0.478819 0.016146 0.031250
16 0.516146 0.479167 0.017708 0.031944
16 0.545052 0.482639 0.016146 0.030556
16 0.560156 0.481944 0.017188 0.029167
16 0.502083 0.441667 0.014583 0.029167
16 0.527083 0.444097 0.023958 0.022917
16 0.544271 0.443750 0.018750 0.029167
16 0.645052 0.450347 0.016146 0.024306
31 0.540365 0.614931 0.017188 0.029861
0 0.472917 0.705903 0.161458 0.257639
34 0.517708 0.614583 0.034375 0.151389
3 0.812760 0.639236 0.051562 0.177083
2 0.839583 0.634375 0.044792 0.234028
4 0.926042 0.597222 0.034375 0.218056
5 0.955729 0.583333 0.035417 0.211111
24 0.868750 0.487847 0.075000 0.093750
10 0.889062 0.387153 0.111458 0.132639
12 0.957552 0.423958 0.070312 0.114583
11 0.800521 0.378125 0.141667 0.240972
13 0.901563 0.316319 0.081250 0.100694
13 0.892969 0.250694 0.080729 0.093056
14 0.749740 0.263889 0.072396 0.097222
19 0.727604 0.289236 0.069792 0.088194
14 0.717969 0.206597 0.071354 0.093750
19 0.698958 0.237500 0.064583 0.088889
26 0.750521 0.111806 0.147917 0.191667
28 0.603646 0.156250 0.092708 0.115278
16 0.477604 0.028819 0.019792 0.018750
17 0.506510 0.025347 0.025521 0.014583
27 0.468229 0.098264 0.153125 0.196528
30 0.439063 0.245833 0.075000 0.077778
22 0.110677 0.349306 0.127604 0.136111
29 0.294010 0.069792 0.155729 0.061806
