16 0.513542 0.340625 0.015625 0.029861
12 0.938281 0.396528 0.041146 0.079167
26 0.683854 0.096181 0.136458 0.192361
22 0.071094 0.373958 0.116146 0.138194
29 0.236458 0.093056 0.145833 0.069444
16 0.409635 0.037153 0.018229 0.021528
17 0.437500 0.028472 0.033333 0.013889
27 0.396875 0.099653 0.160417 0.199306
28 0.543750 0.140972 0.087500 0.109722
30 0.372656 0.247222 0.071354 0.077778
14 0.596875 0.181250 0.060417 0.101389
14 0.684375 0.232639 0.064583 0.102778
19 0.582292 0.217361 0.057292 0.091667
19 0.664323 0.260764 0.060937 0.086806
13 0.845052 0.210069 0.083854 0.090972
13 0.848437 0.259722 0.071875 0.068056
10 0.823438 0.344097 0.076042 0.135417
24 0.823698 0.448611 0.072396 0.094444
11 0.745833 0.344097 0.143750 0.243750
3 0.875521 0.302778 0.169792 0.175000
7 0.786979 0.391667 0.007292 0.011111
1 0.905729 0.357986 0.108333 0.278472
2 0.798177 0.581944 0.048438 0.205556
16 0.444010 0.283681 0.018229 0.024306
16 0.466406 0.282986 0.020313 0.021528
16 0.482292 0.281597 0.018750 0.024306
16 0.445573 0.311458 0.016146 0.022917
16 0.459375 0.344097 0.013542 0.022917
16 0.485677 0.311458 0.013021 0.025694
16 0.499219 0.309722 0.014063 0.022222
16 0.578646 0.282986 0.016667 0.024306
16 0.601302 0.284375 0.018229 0.020139
16 0.622917 0.284028 0.018750 0.018056
16 0.564323 0.339583 0.014063 0.022222
31 0.532552 0.278472 0.015104 0.030556
21 0.531771 0.328472 0.212500 0.095833
34 0.458854 0.589931 0.029167 0.145139
16 0.558594 0.663889 0.045312 0.031944
0 0.486719 0.745139 0.189062 0.265278
