34 0.145313 0.547917 0.022917 0.220833
29 0.121094 0.259375 0.090104 0.209028
16 0.127604 0.044097 0.021875 0.053472
30 0.384896 0.083333 0.088542 0.094444
14 0.697135 0.042361 0.075521 0.084722
14 0.750000 0.051736 0.088542 0.103472
19 0.679427 0.053472 0.073438 0.106944
19 0.726042 0.073611 0.076042 0.108333
16 0.464844 0.065972 0.021354 0.027778
16 0.496094 0.069097 0.018229 0.028472
16 0.513281 0.071528 0.021354 0.027778
16 0.460156 0.098958 0.021354 0.024306
16 0.478906 0.098264 0.016146 0.029861
16 0.495052 0.101389 0.016146 0.030556
16 0.511719 0.103125 0.017188 0.028472
16 0.558594 0.107986 0.020313 0.028472
16 0.477344 0.135417 0.027604 0.026389
16 0.629948 0.093403 0.022396 0.028472
16 0.660156 0.101736 0.022396 0.022917
16 0.685417 0.109028 0.022917 0.022222
16 0.587760 0.148958 0.021354 0.031250
31 0.589844 0.109028 0.019271 0.031944
21 0.567187 0.139236 0.254167 0.140972
17 0.541927 0.418750 0.017188 0.091667
17 0.575260 0.413542 0.016146 0.097917
17 0.598177 0.426389 0.014063 0.072222
17 0.620833 0.450000 0.015625 0.104167
17 0.641667 0.450347 0.016667 0.100694
17 0.662760 0.455903 0.016146 0.085417
18 0.600260 0.426389 0.017188 0.069444
18 0.466146 0.428125 0.031250 0.120139
22 0.596094 0.434722 0.157812 0.140278
0 0.535156 0.601042 0.172396 0.295139
1 0.708854 0.378125 0.251042 0.235417
12 0.835677 0.217708 0.140104 0.157639
13 0.945052 0.056597 0.092188 0.111806
10 0.931771 0.103125 0.128125 0.153472
11 0.972656 0.239583 0.054688 0.143056
13 0.926823 0.206944 0.111979 0.233333
24 0.919010 0.366667 0.090104 0.113889
3 0.984115 0.455556 0.031771 0.233333
5 0.871094 0.409028 0.054688 0.119444
4 0.796875 0.351042 0.061458 0.088194
