11 0.291406 0.202778 0.050521 0.083333
10 0.270313 0.237037 0.058333 0.087037
13 0.226042 0.255093 0.040625 0.082407
12 0.367188 0.257407 0.041667 0.062963
2 0.331771 0.189352 0.022917 0.026852
24 0.378385 0.230556 0.034896 0.037037
5 0.425000 0.235648 0.082292 0.062037
4 0.433854 0.255556 0.076042 0.061111
26 0.258333 0.305556 0.089583 0.177778
28 0.327083 0.403241 0.055208 0.076852
1 0.334896 0.242593 0.079167 0.155556
0 0.366406 0.323611 0.104688 0.106481
16 0.401042 0.379630 0.010417 0.009259
16 0.405469 0.386111 0.009896 0.011111
16 0.410156 0.395833 0.010937 0.012037
16 0.411458 0.372222 0.011458 0.012963
16 0.415885 0.375926 0.009896 0.011111
16 0.417969 0.382870 0.009896 0.012037
16 0.421354 0.388426 0.009375 0.012037
16 0.429948 0.375000 0.008854 0.012963
21 0.408333 0.387963 0.067708 0.070370
17 0.332031 0.461111 0.052604 0.035185
27 0.318229 0.483333 0.156250 0.181481
30 0.428385 0.443981 0.044271 0.075000
29 0.391927 0.654630 0.081771 0.153704
16 0.484896 0.651852 0.028125 0.035185
23 0.559375 0.532870 0.087500 0.128704
34 0.620313 0.429630 0.052083 0.062963
