29 0.303906 0.018403 0.144271 0.036806
22 0.151042 0.315625 0.113542 0.145139
30 0.471615 0.162153 0.082812 0.089583
27 0.506771 0.049306 0.164583 0.098611
28 0.669531 0.050347 0.105729 0.100694
26 0.830208 0.050347 0.157292 0.100694
19 0.730729 0.144792 0.071875 0.109028
19 0.810677 0.186806 0.077604 0.100000
14 0.752344 0.111111 0.081771 0.123611
14 0.837240 0.157639 0.091146 0.113889
13 0.981771 0.135417 0.036458 0.098611
13 0.985677 0.221528 0.028646 0.111111
11 0.977083 0.351736 0.045833 0.179861
10 0.911458 0.311111 0.143750 0.245833
3 0.903385 0.473264 0.039062 0.099306
2 0.811719 0.610069 0.357812 0.170139
1 0.864844 0.636806 0.270313 0.312500
25 0.729167 0.578819 0.045833 0.131250
24 0.641146 0.520486 0.161458 0.152083
6 0.623177 0.534028 0.055729 0.033333
0 0.486458 0.583681 0.211458 0.309028
34 0.349740 0.514931 0.035937 0.218750
31 0.667448 0.204514 0.021354 0.038194
16 0.707292 0.211806 0.023958 0.026389
16 0.733333 0.212500 0.021875 0.027778
16 0.758073 0.212500 0.022396 0.026389
16 0.675260 0.279167 0.017188 0.031944
16 0.631510 0.281944 0.018229 0.031944
16 0.595052 0.209722 0.021354 0.031944
16 0.600000 0.246181 0.020833 0.029861
16 0.582292 0.245139 0.018750 0.031944
16 0.576562 0.212153 0.025000 0.028472
16 0.550260 0.212847 0.018229 0.032639
16 0.567187 0.246181 0.016667 0.034028
16 0.551302 0.248611 0.025521 0.027778
16 0.555208 0.286806 0.026042 0.023611
21 0.650521 0.261458 0.243750 0.111806
