0 0.493490 0.635069 0.210938 0.332639
16 0.573698 0.579514 0.063021 0.035417
1 0.891927 0.623958 0.216146 0.299306
3 0.851562 0.573264 0.296875 0.170139
7 0.670573 0.484375 0.073438 0.032639
31 0.618229 0.420833 0.028125 0.031944
16 0.654427 0.432639 0.022396 0.023611
16 0.730469 0.380208 0.022396 0.022917
16 0.705469 0.372222 0.020313 0.023611
16 0.681250 0.364931 0.020833 0.029861
16 0.539323 0.412847 0.024479 0.029861
16 0.589323 0.378125 0.020313 0.029861
16 0.573177 0.379514 0.022396 0.028472
16 0.541927 0.367014 0.019271 0.032639
16 0.525260 0.364583 0.019271 0.033333
16 0.528646 0.326389 0.019792 0.036111
16 0.557552 0.334028 0.026562 0.027778
16 0.574479 0.336111 0.021875 0.033333
21 0.613802 0.395139 0.234896 0.152778
34 0.544010 0.465625 0.023438 0.059028
24 0.901823 0.456250 0.071354 0.068056
11 0.856510 0.340972 0.158854 0.266667
10 0.937240 0.377083 0.105729 0.144444
12 0.980729 0.437847 0.038542 0.121528
13 0.956250 0.312153 0.073958 0.117361
13 0.955729 0.243056 0.075000 0.109722
14 0.813542 0.203472 0.086458 0.095833
19 0.787240 0.227083 0.075521 0.088889
19 0.763802 0.166319 0.073438 0.090972
14 0.786979 0.131597 0.085417 0.084028
26 0.829167 0.069444 0.163542 0.138889
28 0.670052 0.061806 0.099479 0.123611
27 0.535937 0.038194 0.154167 0.076389
30 0.484375 0.113194 0.085417 0.095833
22 0.123177 0.174653 0.144271 0.136806
