1 0.785417 0.388542 0.207292 0.264583
33 0.701562 0.328472 0.020833 0.019444
14 0.668750 0.354861 0.064583 0.137500
19 0.650521 0.400694 0.063542 0.084722
19 0.639062 0.301736 0.057292 0.086806
14 0.654687 0.269097 0.061458 0.088194
11 0.746354 0.441319 0.130208 0.218750
24 0.803385 0.545139 0.018229 0.048611
2 0.811458 0.669097 0.059375 0.228472
3 0.765625 0.680903 0.070833 0.239583
0 0.431250 0.797917 0.172917 0.304167
34 0.484635 0.640972 0.014063 0.030556
16 0.462240 0.599306 0.022396 0.025000
16 0.504687 0.599653 0.017708 0.025694
16 0.446094 0.561806 0.016146 0.029167
16 0.460677 0.560764 0.014063 0.028472
16 0.475000 0.561806 0.019792 0.025000
16 0.503385 0.561458 0.016146 0.028472
16 0.447396 0.526736 0.015625 0.027083
16 0.472135 0.527778 0.022396 0.023611
16 0.488542 0.528472 0.016667 0.030556
16 0.570312 0.600000 0.015625 0.029167
16 0.594010 0.528472 0.019271 0.023611
16 0.615365 0.527778 0.016146 0.020833
16 0.640365 0.527431 0.020313 0.021528
21 0.539583 0.570139 0.221875 0.097222
5 0.926042 0.550000 0.033333 0.119444
12 0.926823 0.433333 0.073438 0.111111
10 0.869271 0.406597 0.072917 0.111806
13 0.859375 0.339236 0.084375 0.095139
13 0.845573 0.272222 0.083854 0.084722
26 0.684635 0.172222 0.134896 0.198611
28 0.542708 0.237500 0.087500 0.111111
30 0.384635 0.352083 0.070312 0.077778
16 0.401302 0.184028 0.018229 0.051389
17 0.426042 0.118056 0.058333 0.013889
27 0.397135 0.148264 0.165104 0.296528
29 0.244792 0.192361 0.142708 0.068056
22 0.090625 0.479514 0.112500 0.131250
