22 0.105208 0.415625 0.106250 0.140972
29 0.244271 0.126389 0.139583 0.081944
17 0.421615 0.035069 0.058854 0.011806
27 0.391667 0.102778 0.178125 0.205556
30 0.387240 0.258681 0.073438 0.084028
28 0.548698 0.134028 0.088021 0.109722
26 0.682552 0.084722 0.139063 0.169444
31 0.553385 0.268750 0.017188 0.030556
16 0.588281 0.271181 0.019271 0.022917
16 0.610417 0.268403 0.018750 0.022917
16 0.632031 0.265278 0.020313 0.022222
16 0.491927 0.283681 0.019271 0.027083
16 0.476562 0.287500 0.021875 0.025000
16 0.454427 0.290625 0.017188 0.028472
16 0.564323 0.328819 0.016146 0.027083
16 0.497917 0.311806 0.016667 0.023611
16 0.482812 0.314236 0.015625 0.028472
16 0.470313 0.315972 0.015625 0.029167
16 0.456510 0.320486 0.021354 0.022917
16 0.463281 0.350000 0.018229 0.027778
21 0.547135 0.321528 0.216146 0.118056
19 0.617188 0.215972 0.054167 0.094444
19 0.666406 0.239236 0.059896 0.089583
14 0.630729 0.186458 0.057292 0.110417
14 0.682813 0.206944 0.061458 0.112500
10 0.779687 0.310069 0.140625 0.193750
11 0.867448 0.303472 0.114062 0.212500
12 0.946875 0.327083 0.085417 0.118056
13 0.860677 0.162500 0.090104 0.087500
13 0.875521 0.232986 0.091667 0.109028
5 0.961198 0.492014 0.054688 0.217361
4 0.921875 0.510764 0.064583 0.222917
2 0.828906 0.518403 0.089063 0.231250
3 0.773698 0.491319 0.047396 0.103472
1 0.804167 0.596528 0.144792 0.298611
34 0.300000 0.617708 0.052083 0.199306
16 0.539062 0.655903 0.027083 0.040972
0 0.474219 0.759722 0.172396 0.259722
24 0.559896 0.556250 0.143750 0.140278
16 0.427604 0.077778 0.025000 0.044444
