34 0.096875 0.776042 0.032292 0.179861
23 0.054427 0.552778 0.071354 0.173611
16 0.041927 0.382639 0.014063 0.043056
16 0.277604 0.336458 0.014583 0.022917
16 0.298438 0.331944 0.013542 0.020833
16 0.311979 0.327083 0.014583 0.023611
16 0.401042 0.306250 0.018750 0.019444
16 0.425521 0.301736 0.019792 0.020139
16 0.446615 0.296528 0.019271 0.018056
16 0.276562 0.363889 0.015625 0.016667
16 0.289583 0.359028 0.011458 0.019444
16 0.300781 0.355556 0.011979 0.019444
16 0.313021 0.351736 0.013542 0.021528
16 0.346875 0.344792 0.017708 0.021528
16 0.290885 0.387153 0.020313 0.020139
16 0.373177 0.364931 0.018229 0.020139
31 0.371094 0.332639 0.015104 0.022222
21 0.370833 0.359375 0.201042 0.124306
17 0.202604 0.171875 0.037500 0.064583
17 0.369010 0.606250 0.029687 0.095833
17 0.395313 0.593750 0.029167 0.095833
17 0.413021 0.586111 0.032292 0.105556
17 0.430469 0.577778 0.032813 0.105556
17 0.447656 0.570139 0.033854 0.105556
17 0.464844 0.561458 0.034896 0.104861
18 0.322656 0.606597 0.029687 0.095139
18 0.430990 0.701736 0.034896 0.097917
22 0.418229 0.589236 0.145833 0.164583
29 0.101042 0.272917 0.116667 0.095833
27 0.212240 0.171181 0.178646 0.271528
28 0.358073 0.213889 0.083854 0.105556
30 0.229167 0.368056 0.070833 0.088889
26 0.475781 0.100347 0.125521 0.200694
14 0.438281 0.224653 0.035937 0.111806
14 0.484635 0.220833 0.038021 0.112500
19 0.439323 0.254861 0.038021 0.084722
19 0.478385 0.253125 0.040104 0.086806
12 0.584115 0.306597 0.151562 0.185417
10 0.678125 0.171181 0.115625 0.107639
13 0.693229 0.125694 0.088542 0.073611
13 0.684896 0.266319 0.109375 0.102083
11 0.772656 0.245833 0.109896 0.112500
24 0.710156 0.379514 0.109896 0.107639
2 0.840625 0.408681 0.079167 0.188194
3 0.810156 0.427431 0.078646 0.195139
4 0.607812 0.540278 0.102083 0.273611
5 0.721875 0.514931 0.137500 0.306250
1 0.773698 0.504861 0.152604 0.200000
0 0.367969 0.846181 0.128646 0.263194
