21 0.391927 0.323611 0.088021 0.125000
5 0.467969 0.857407 0.172396 0.285185
4 0.430729 0.762963 0.140625 0.242593
12 0.612760 0.726852 0.107813 0.201852
11 0.495312 0.552315 0.092708 0.195370
3 0.346875 0.555093 0.126042 0.160185
10 0.446354 0.454630 0.126042 0.172222
13 0.660156 0.522685 0.097396 0.160185
13 0.605469 0.556481 0.094271 0.166667
17 0.495573 0.179630 0.018229 0.025926
19 0.446354 0.304630 0.018750 0.079630
19 0.455208 0.345370 0.020833 0.062963
14 0.444531 0.256481 0.021354 0.053704
14 0.454427 0.312963 0.027604 0.125926
28 0.475260 0.267130 0.046354 0.087963
26 0.530990 0.271759 0.082812 0.184259
16 0.443490 0.172685 0.008854 0.037963
27 0.448958 0.144907 0.083333 0.213889
29 0.413542 0.132407 0.039583 0.062963
30 0.382292 0.235185 0.037500 0.057407
31 0.399740 0.294907 0.010937 0.021296
16 0.410938 0.312037 0.010417 0.012963
16 0.418490 0.323148 0.007812 0.018519
16 0.426823 0.334259 0.007812 0.018519
16 0.374219 0.260185 0.008854 0.016667
16 0.380469 0.267593 0.007812 0.012963
16 0.384115 0.272222 0.007812 0.014815
16 0.363281 0.268519 0.007812 0.016667
16 0.366927 0.272222 0.007812 0.011111
16 0.370052 0.274537 0.006771 0.012037
16 0.373177 0.279630 0.007812 0.012963
16 0.352344 0.276389 0.008854 0.013889
16 0.353385 0.285185 0.008854 0.011111
16 0.359115 0.279630 0.006771 0.011111
16 0.378125 0.314815 0.010417 0.011111
16 0.370833 0.304167 0.009375 0.017593
34 0.286198 0.259259 0.020313 0.018519
25 0.329167 0.449074 0.068750 0.114815
6 0.276302 0.330093 0.013021 0.030556
24 0.289323 0.371296 0.065104 0.120370
0 0.243750 0.331019 0.111458 0.110185
2 0.248438 0.237037 0.051042 0.168519
1 0.238542 0.265741 0.080208 0.233333
22 0.288281 0.156019 0.057813 0.073148
