23 0.191406 0.711806 0.080729 0.180556
29 0.225521 0.380556 0.130208 0.102778
17 0.344792 0.279514 0.040625 0.086806
17 0.541667 0.275694 0.053125 0.041667
17 0.613021 0.819792 0.031250 0.120139
17 0.632292 0.811111 0.031250 0.120833
17 0.651563 0.803819 0.031250 0.118750
17 0.670312 0.793750 0.031250 0.119444
17 0.690365 0.786458 0.031771 0.120139
22 0.633333 0.805903 0.157292 0.174306
16 0.166667 0.508333 0.013542 0.047222
16 0.451042 0.493750 0.016667 0.027778
16 0.477083 0.487500 0.015625 0.025000
16 0.492708 0.482986 0.016667 0.028472
16 0.452344 0.529861 0.019271 0.022222
16 0.469010 0.523264 0.014063 0.029861
16 0.483073 0.521181 0.015104 0.028472
16 0.497917 0.515972 0.015625 0.030556
16 0.538542 0.507639 0.017708 0.027778
16 0.473438 0.561806 0.022917 0.020833
16 0.599740 0.459028 0.022396 0.020833
16 0.628125 0.452431 0.021875 0.022917
16 0.651563 0.445833 0.021875 0.022222
16 0.572656 0.535764 0.017188 0.029861
31 0.566927 0.496875 0.016146 0.027083
21 0.559375 0.515625 0.238542 0.147917
27 0.347656 0.262500 0.208854 0.300000
28 0.534635 0.324306 0.096354 0.130556
26 0.675260 0.155556 0.164062 0.194444
19 0.685937 0.396875 0.041667 0.054861
14 0.770573 0.306944 0.039062 0.054167
0 0.431250 0.338889 0.195833 0.251389
1 0.653125 0.281250 0.230208 0.234722
13 0.888021 0.196181 0.102083 0.082639
10 0.884896 0.271528 0.133333 0.144444
11 0.958073 0.351389 0.083854 0.129167
13 0.917188 0.436111 0.111458 0.131944
24 0.949479 0.525347 0.066667 0.103472
3 0.989323 0.502778 0.021354 0.090278
