22 0.159635 0.282292 0.115104 0.152083
34 0.360156 0.476389 0.032813 0.223611
30 0.486719 0.119444 0.082812 0.090278
27 0.519531 0.028472 0.153646 0.056944
28 0.681510 0.029861 0.103646 0.059722
14 0.762760 0.056250 0.082812 0.112500
14 0.854948 0.101389 0.092188 0.155556
19 0.741146 0.089931 0.070833 0.109028
19 0.823958 0.152083 0.076042 0.100000
16 0.567448 0.163542 0.018229 0.028472
16 0.593229 0.164931 0.023958 0.027083
16 0.611979 0.162500 0.021875 0.030556
16 0.568750 0.199653 0.023958 0.024306
16 0.585156 0.195833 0.016146 0.031944
16 0.600521 0.196875 0.016667 0.028472
16 0.618750 0.197222 0.019792 0.027778
16 0.574219 0.238889 0.026562 0.023611
16 0.650260 0.232292 0.017188 0.028472
16 0.694531 0.231597 0.017188 0.029861
16 0.723698 0.164931 0.021354 0.022917
16 0.749219 0.164931 0.021354 0.024306
16 0.773438 0.166667 0.021875 0.025000
31 0.684375 0.156944 0.019792 0.033333
21 0.666667 0.215972 0.242708 0.111111
10 0.918490 0.271528 0.145313 0.243056
3 0.917448 0.437847 0.039062 0.097917
24 0.655208 0.512500 0.162500 0.152778
25 0.788542 0.470486 0.125000 0.115972
2 0.823958 0.579167 0.352083 0.169444
0 0.508854 0.580208 0.207292 0.331250
1 0.869531 0.616667 0.260937 0.329167
6 0.634375 0.520486 0.052083 0.028472
11 0.980729 0.305208 0.038542 0.168750
26 0.836198 0.031250 0.095312 0.062500
13 0.984896 0.099653 0.030208 0.095139
13 0.990625 0.177083 0.018750 0.091667
