34 0.165625 0.852083 0.078125 0.165278
16 0.362760 0.865972 0.017188 0.029167
0 0.339583 0.915972 0.125000 0.166667
24 0.356250 0.721181 0.152083 0.177083
25 0.454688 0.589931 0.134375 0.146528
2 0.648698 0.561111 0.142187 0.184722
31 0.317188 0.457292 0.015625 0.025694
16 0.391667 0.419444 0.019792 0.023611
16 0.371354 0.431944 0.019792 0.022222
16 0.350260 0.443750 0.017188 0.025000
16 0.336458 0.514931 0.016667 0.021528
16 0.302865 0.536111 0.018229 0.022222
16 0.263021 0.497222 0.018750 0.025000
16 0.250000 0.503472 0.018750 0.022222
16 0.231771 0.515972 0.016667 0.023611
16 0.272396 0.521528 0.016667 0.027778
16 0.261198 0.527778 0.019271 0.026389
16 0.249740 0.535417 0.017188 0.027778
16 0.237760 0.544097 0.020313 0.018750
21 0.326302 0.508681 0.204687 0.179861
30 0.174740 0.502083 0.075521 0.095833
19 0.424479 0.377083 0.040625 0.081944
19 0.287240 0.416319 0.051562 0.086806
14 0.276042 0.383681 0.053125 0.100694
14 0.424219 0.342708 0.036979 0.110417
10 0.549740 0.401736 0.157812 0.200694
11 0.642188 0.345833 0.130208 0.219444
7 0.658854 0.375347 0.006250 0.009028
4 0.733073 0.469444 0.076563 0.127778
3 0.767448 0.320486 0.156771 0.221528
5 0.754687 0.405903 0.031250 0.067361
1 0.793750 0.372222 0.110417 0.293056
12 0.726042 0.313542 0.067708 0.092361
13 0.625000 0.207986 0.090625 0.084028
13 0.650000 0.266319 0.094792 0.090972
26 0.404167 0.196875 0.125000 0.207639
28 0.304427 0.317708 0.086979 0.109028
17 0.194531 0.253472 0.029687 0.018056
27 0.177344 0.350000 0.135937 0.187500
29 0.047917 0.406944 0.095833 0.104167
