34 0.359896 0.595370 0.018750 0.146296
22 0.227083 0.438426 0.088542 0.099074
29 0.315365 0.146759 0.115104 0.050926
16 0.450260 0.177778 0.009896 0.016667
17 0.456510 0.056019 0.047396 0.017593
27 0.427604 0.145370 0.131250 0.290741
28 0.538281 0.227778 0.060937 0.114815
30 0.424479 0.350463 0.044792 0.058333
19 0.610677 0.372685 0.034896 0.052778
19 0.561198 0.331481 0.028646 0.055556
14 0.570052 0.313426 0.032813 0.056481
14 0.622396 0.350926 0.040625 0.072222
31 0.523438 0.395833 0.009375 0.025000
16 0.575000 0.392130 0.012500 0.017593
16 0.560156 0.394444 0.011979 0.020370
16 0.544531 0.399074 0.014063 0.020370
16 0.524740 0.450926 0.008854 0.024074
16 0.502344 0.452778 0.009896 0.020370
16 0.485677 0.399074 0.009896 0.020370
16 0.486979 0.427778 0.008333 0.018519
16 0.476042 0.400926 0.012500 0.016667
16 0.463281 0.402778 0.009896 0.022222
16 0.462760 0.429630 0.010937 0.018519
16 0.471354 0.426852 0.009375 0.020370
16 0.478906 0.425926 0.009896 0.020370
16 0.464583 0.456944 0.013542 0.013889
21 0.518750 0.425926 0.130208 0.081481
26 0.646094 0.164352 0.102604 0.200926
13 0.834115 0.239815 0.095312 0.112963
13 0.819010 0.340278 0.097396 0.117593
12 0.885156 0.455556 0.108854 0.127778
11 0.758073 0.470833 0.101562 0.137963
5 0.845573 0.640278 0.054688 0.230556
4 0.794531 0.648148 0.041146 0.233333
3 0.662500 0.651852 0.033333 0.218519
10 0.670833 0.452778 0.089583 0.188889
25 0.575260 0.612037 0.077604 0.101852
6 0.484635 0.636111 0.016146 0.025926
2 0.520312 0.694907 0.065625 0.108333
24 0.498958 0.626852 0.073958 0.087037
1 0.537240 0.721296 0.082812 0.168519
0 0.434635 0.644444 0.092188 0.155556
