30 0.580729 0.401736 0.069792 0.084028
23 0.332813 0.469792 0.098958 0.156250
16 0.357552 0.272222 0.025521 0.043056
29 0.451042 0.196875 0.148958 0.054861
17 0.625781 0.213889 0.082812 0.031944
17 0.581510 0.409375 0.072396 0.025694
17 0.700000 0.771528 0.021875 0.119444
17 0.718229 0.775000 0.020833 0.119444
17 0.735938 0.777778 0.021875 0.118056
17 0.752865 0.780208 0.021354 0.117361
17 0.769792 0.782639 0.020833 0.116667
22 0.715104 0.771528 0.137500 0.138889
16 0.654948 0.481597 0.014063 0.017361
16 0.782292 0.455903 0.017708 0.020139
16 0.804427 0.468750 0.018229 0.023611
16 0.824740 0.476389 0.018229 0.020833
27 0.607292 0.170833 0.160417 0.326389
28 0.741406 0.320139 0.094271 0.125000
26 0.908594 0.270486 0.155729 0.210417
14 0.892969 0.419792 0.080729 0.093750
14 0.932292 0.434375 0.081250 0.084028
19 0.870573 0.443056 0.068229 0.081944
19 0.909375 0.460764 0.068750 0.075694
12 0.942187 0.575694 0.114583 0.133333
24 0.983854 0.710069 0.032292 0.100694
21 0.723698 0.482639 0.205729 0.093056
0 0.474740 0.425000 0.185938 0.206944
1 0.701562 0.449653 0.210417 0.224306
