22 0.151042 0.394097 0.095833 0.131250
29 0.279427 0.106944 0.132812 0.084722
16 0.454167 0.043056 0.033333 0.041667
16 0.479167 0.264236 0.016667 0.025694
16 0.502083 0.259722 0.020833 0.023611
16 0.517969 0.255208 0.018229 0.025694
16 0.480990 0.294444 0.020313 0.022222
16 0.495052 0.288889 0.013021 0.025000
16 0.508594 0.285764 0.014063 0.025694
16 0.523958 0.284028 0.016667 0.023611
16 0.485677 0.328125 0.022396 0.020139
16 0.621094 0.238542 0.020313 0.020139
16 0.646094 0.235069 0.021354 0.021528
16 0.670312 0.230556 0.021875 0.020833
16 0.594792 0.303125 0.015625 0.025694
16 0.554167 0.310417 0.015625 0.026389
31 0.583594 0.239236 0.015104 0.031250
21 0.579167 0.294097 0.228125 0.125694
27 0.420052 0.087847 0.184896 0.175694
28 0.584115 0.094097 0.090104 0.113194
30 0.414844 0.233681 0.073438 0.085417
26 0.726042 0.062500 0.134375 0.125000
14 0.652344 0.136111 0.050521 0.113889
14 0.740365 0.155208 0.060937 0.156250
19 0.640885 0.175347 0.051562 0.096528
19 0.721094 0.207292 0.058854 0.096528
13 0.934375 0.117708 0.098958 0.096528
13 0.949740 0.200000 0.100521 0.125000
11 0.933854 0.317708 0.115625 0.171528
10 0.832812 0.300694 0.157292 0.218056
4 0.980990 0.460069 0.038021 0.150694
3 0.849740 0.540278 0.058854 0.280556
34 0.317708 0.550347 0.025000 0.193750
24 0.570052 0.545833 0.146354 0.138889
25 0.719271 0.517708 0.130208 0.122917
2 0.883854 0.658333 0.209375 0.106944
1 0.936458 0.719097 0.127083 0.299306
6 0.751823 0.606944 0.095312 0.037500
0 0.419531 0.582986 0.227604 0.352083
