27 0.458073 0.141204 0.067187 0.212037
26 0.531771 0.272685 0.081250 0.184259
28 0.466927 0.262963 0.047396 0.074074
16 0.418229 0.305556 0.007292 0.014815
16 0.423958 0.317130 0.007292 0.015741
16 0.429167 0.330556 0.008333 0.014815
21 0.416146 0.331944 0.043750 0.091667
17 0.290625 0.401389 0.016667 0.010185
17 0.306250 0.400463 0.041667 0.032407
17 0.310156 0.406944 0.043229 0.037963
22 0.309115 0.415278 0.058854 0.063889
0 0.406771 0.142593 0.083333 0.074074
1 0.439583 0.192130 0.085417 0.117593
14 0.463281 0.318056 0.021354 0.095370
14 0.478906 0.347222 0.023438 0.101852
19 0.464323 0.347685 0.018229 0.078704
19 0.482292 0.375000 0.025000 0.083333
24 0.445312 0.606481 0.092708 0.161111
12 0.449219 0.442593 0.080729 0.142593
13 0.490885 0.541204 0.091146 0.162037
10 0.590625 0.480093 0.094792 0.167593
13 0.670052 0.518981 0.084896 0.158333
11 0.597656 0.665741 0.117188 0.225926
4 0.334896 0.506481 0.132292 0.133333
5 0.345052 0.567130 0.145313 0.173148
3 0.450521 0.771296 0.147917 0.181481
2 0.483333 0.852315 0.148958 0.219444
29 0.402865 0.110648 0.016146 0.017593
