22 0.363021 0.275000 0.118750 0.102778
29 0.535156 0.072917 0.136979 0.050000
27 0.695052 0.102778 0.132812 0.180556
30 0.661458 0.229167 0.069792 0.076389
28 0.822656 0.168750 0.086979 0.111111
19 0.798698 0.240278 0.058854 0.097222
14 0.814583 0.207292 0.058333 0.118750
26 0.943750 0.139236 0.112500 0.207639
31 0.818229 0.292014 0.017708 0.029861
16 0.849740 0.305556 0.019271 0.023611
16 0.870573 0.309375 0.018229 0.024306
16 0.890365 0.314931 0.018229 0.027083
16 0.822917 0.351389 0.015625 0.026389
16 0.786719 0.346875 0.017188 0.022917
16 0.760417 0.284375 0.017708 0.028472
16 0.745313 0.283333 0.019792 0.025000
16 0.723437 0.278819 0.016667 0.028472
16 0.761979 0.312153 0.015625 0.024306
16 0.748177 0.308681 0.015104 0.028472
16 0.736458 0.306250 0.013542 0.027778
16 0.723698 0.303472 0.020313 0.023611
16 0.726823 0.332986 0.015104 0.027083
21 0.801562 0.338542 0.196875 0.124306
19 0.920052 0.304514 0.061979 0.092361
14 0.939063 0.273958 0.077083 0.111806
10 0.978646 0.407639 0.042708 0.212500
2 0.850521 0.494792 0.252083 0.079861
6 0.985677 0.461806 0.028646 0.019444
3 0.984115 0.557639 0.031771 0.066667
1 0.870573 0.531944 0.228646 0.244444
0 0.633073 0.537500 0.211979 0.290278
34 0.563021 0.483333 0.056250 0.108333
24 0.745573 0.495139 0.093229 0.131944
