34 0.250521 0.568403 0.019792 0.203472
22 0.062240 0.423611 0.101562 0.150000
29 0.189583 0.107986 0.140625 0.092361
16 0.375781 0.036111 0.032813 0.043056
16 0.406771 0.260069 0.016667 0.024306
16 0.430469 0.255208 0.022396 0.022917
16 0.446354 0.250000 0.019792 0.026389
16 0.409115 0.292014 0.019271 0.020139
16 0.423958 0.286111 0.015625 0.023611
16 0.438021 0.281250 0.014583 0.023611
16 0.453646 0.278125 0.016667 0.022917
16 0.416146 0.324306 0.021875 0.019444
16 0.547656 0.229514 0.020313 0.021528
16 0.571615 0.225000 0.020313 0.020833
16 0.594792 0.220139 0.020833 0.019444
16 0.484635 0.302778 0.015104 0.027778
16 0.524479 0.293750 0.014583 0.025000
31 0.511458 0.230556 0.015625 0.029167
21 0.505469 0.287847 0.227604 0.135417
27 0.340365 0.086806 0.184896 0.173611
30 0.338021 0.233681 0.077083 0.090972
28 0.505469 0.087847 0.091146 0.111806
26 0.645573 0.058333 0.126562 0.116667
14 0.573438 0.122917 0.056250 0.115278
14 0.661979 0.143403 0.060417 0.150694
19 0.560937 0.160069 0.052083 0.097917
19 0.643229 0.193750 0.061458 0.095833
13 0.838021 0.104167 0.092708 0.087500
13 0.854167 0.179167 0.095833 0.113889
12 0.930469 0.272917 0.088021 0.119444
11 0.843490 0.288542 0.109896 0.154861
5 0.945833 0.444444 0.057292 0.225000
4 0.906771 0.460764 0.069792 0.224306
10 0.750781 0.281250 0.154688 0.206944
2 0.820312 0.473958 0.064583 0.199306
3 0.767969 0.409375 0.048438 0.075694
24 0.514323 0.535069 0.146354 0.154861
0 0.398438 0.621181 0.187500 0.334028
25 0.653646 0.495486 0.129167 0.127083
1 0.781510 0.546528 0.202604 0.311111
