22 0.305990 0.277431 0.123438 0.107639
34 0.466667 0.491667 0.053125 0.181944
24 0.737760 0.506944 0.123438 0.138889
16 0.722917 0.671875 0.017708 0.029861
7 0.911719 0.656597 0.034896 0.028472
3 0.790885 0.731597 0.220312 0.146528
0 0.624479 0.730208 0.205208 0.227083
1 0.813802 0.775694 0.206771 0.304167
2 0.964583 0.663542 0.042708 0.236806
10 0.940104 0.459722 0.119792 0.147222
11 0.977344 0.477431 0.045312 0.132639
16 0.665885 0.092014 0.014063 0.047917
29 0.482292 0.065972 0.140625 0.056944
30 0.610156 0.235417 0.068229 0.077778
27 0.636979 0.098611 0.141667 0.197222
28 0.764323 0.177431 0.084896 0.106250
26 0.893750 0.155903 0.138542 0.189583
31 0.760938 0.298958 0.016667 0.027083
16 0.789583 0.313194 0.017708 0.020833
16 0.807813 0.317361 0.018750 0.022222
16 0.826562 0.322569 0.017708 0.022917
16 0.763542 0.357986 0.013542 0.021528
16 0.705729 0.289236 0.016667 0.027083
16 0.692187 0.288889 0.019792 0.023611
16 0.671615 0.283333 0.017188 0.026389
16 0.708073 0.314583 0.014063 0.022222
16 0.694792 0.316319 0.014583 0.022917
16 0.684115 0.311111 0.013021 0.025000
16 0.671354 0.308333 0.015625 0.020833
16 0.684896 0.339931 0.013542 0.025694
21 0.741927 0.340972 0.182812 0.122222
19 0.806510 0.260069 0.060937 0.086806
19 0.866146 0.319097 0.063542 0.081250
14 0.824740 0.235069 0.072396 0.100694
14 0.892448 0.280556 0.080729 0.120833
