22 0.332552 0.272222 0.121354 0.104167
29 0.504687 0.070833 0.137500 0.048611
27 0.663281 0.098958 0.131771 0.175694
30 0.632552 0.223958 0.068229 0.074306
28 0.788542 0.162500 0.084375 0.105556
31 0.787500 0.280208 0.016667 0.029861
16 0.730469 0.273611 0.018229 0.026389
16 0.716146 0.273958 0.019792 0.024306
16 0.694792 0.269444 0.016667 0.027778
16 0.817187 0.293403 0.019792 0.021528
16 0.837500 0.297222 0.017708 0.023611
16 0.857292 0.301736 0.017708 0.025694
16 0.733594 0.301389 0.014063 0.022222
16 0.720313 0.297917 0.014583 0.025000
16 0.708333 0.293750 0.013542 0.022222
16 0.695833 0.293403 0.019792 0.020139
16 0.698698 0.322917 0.016146 0.027778
16 0.758594 0.330903 0.016146 0.022917
16 0.792448 0.338194 0.015104 0.023611
21 0.770833 0.325694 0.193750 0.118056
19 0.766927 0.232292 0.058854 0.093750
14 0.782292 0.198958 0.058333 0.117361
14 0.907031 0.263542 0.074479 0.109028
19 0.886458 0.290625 0.058333 0.090972
26 0.921094 0.132639 0.138021 0.200000
10 0.961719 0.394444 0.076563 0.213889
3 0.954948 0.594792 0.050521 0.189583
2 0.848698 0.635417 0.243229 0.133333
6 0.977083 0.568056 0.045833 0.040278
1 0.878385 0.681944 0.243229 0.251389
25 0.746094 0.649306 0.105729 0.130556
24 0.740625 0.481597 0.130208 0.132639
0 0.610156 0.500694 0.195312 0.283333
34 0.540885 0.465625 0.050521 0.089583
