17 0.584375 0.439583 0.014583 0.069444
3 0.991667 0.474653 0.016667 0.136806
4 0.797656 0.468056 0.057813 0.193056
5 0.878906 0.539236 0.077604 0.282639
24 0.931250 0.414583 0.086458 0.116667
11 0.984375 0.309375 0.031250 0.124306
13 0.937240 0.287847 0.093229 0.135417
13 0.957031 0.148264 0.085938 0.102083
10 0.942448 0.187153 0.115104 0.135417
12 0.844010 0.287500 0.128646 0.144444
14 0.729688 0.120486 0.068750 0.117361
14 0.773438 0.138542 0.073958 0.113194
19 0.712760 0.150347 0.063021 0.093750
19 0.753646 0.168750 0.064583 0.095833
16 0.530469 0.156250 0.018229 0.025000
16 0.555990 0.159722 0.015104 0.026389
16 0.571354 0.162500 0.016667 0.023611
16 0.670312 0.186111 0.019792 0.025000
16 0.695573 0.192361 0.019271 0.019444
16 0.716667 0.199653 0.019792 0.020139
16 0.525781 0.181597 0.017188 0.021528
16 0.541406 0.183333 0.014063 0.025000
16 0.555469 0.185764 0.014063 0.025694
16 0.569531 0.188542 0.014063 0.022917
16 0.539844 0.214931 0.022396 0.021528
16 0.608333 0.195139 0.017708 0.023611
16 0.646615 0.235764 0.016146 0.027083
31 0.636719 0.197569 0.019271 0.032639
21 0.616146 0.222569 0.217708 0.129861
26 0.789844 0.059722 0.147396 0.119444
28 0.629167 0.065278 0.092708 0.115278
27 0.490885 0.051389 0.144271 0.102778
16 0.233854 0.102431 0.021875 0.046528
29 0.321094 0.024653 0.146354 0.049306
30 0.461458 0.164236 0.073958 0.074306
23 0.220312 0.287500 0.089583 0.173611
34 0.221354 0.540625 0.025000 0.197917
17 0.613021 0.498264 0.012500 0.042361
17 0.632812 0.503125 0.010417 0.034028
18 0.591667 0.457639 0.028125 0.041667
22 0.602344 0.463194 0.079687 0.131944
0 0.524740 0.544792 0.136979 0.278472
1 0.691667 0.489236 0.180208 0.243750
