3 0.428385 0.234722 0.055729 0.052778
4 0.379167 0.190741 0.057292 0.046296
12 0.294010 0.190741 0.038021 0.070370
5 0.361198 0.173148 0.074479 0.033333
13 0.229167 0.230556 0.042708 0.057407
13 0.273958 0.232407 0.046875 0.068519
26 0.258333 0.305556 0.090625 0.174074
11 0.334115 0.222685 0.044271 0.076852
10 0.360156 0.256019 0.088021 0.095370
14 0.340104 0.271759 0.033333 0.097222
14 0.346094 0.321759 0.028646 0.095370
19 0.353125 0.348148 0.029167 0.074074
16 0.372917 0.322222 0.007292 0.014815
16 0.379948 0.328704 0.006771 0.011111
16 0.387760 0.335648 0.007812 0.010185
16 0.416667 0.331019 0.008333 0.012037
16 0.427865 0.342593 0.009896 0.012963
16 0.447917 0.362037 0.009375 0.014815
16 0.425000 0.358796 0.007292 0.010185
16 0.428906 0.362500 0.006771 0.008333
16 0.433333 0.367130 0.007292 0.010185
16 0.438281 0.371759 0.006771 0.012037
16 0.416927 0.367593 0.008854 0.012963
16 0.421615 0.374074 0.007812 0.011111
16 0.428125 0.379167 0.008333 0.012037
31 0.396875 0.345370 0.007292 0.020370
21 0.412500 0.361111 0.087500 0.103704
28 0.320573 0.398148 0.054688 0.072222
16 0.335938 0.418981 0.009375 0.021296
17 0.266927 0.557407 0.020313 0.059259
27 0.321875 0.475000 0.153125 0.179630
30 0.427344 0.443981 0.045312 0.073148
29 0.392188 0.654167 0.082292 0.152778
22 0.598958 0.575463 0.100000 0.147222
34 0.557813 0.400926 0.057292 0.051852
25 0.447917 0.284259 0.047917 0.061111
2 0.485677 0.167593 0.024479 0.198148
1 0.483854 0.130556 0.050000 0.150000
6 0.496615 0.272222 0.006771 0.035185
24 0.478385 0.295833 0.039062 0.043519
0 0.536719 0.312037 0.095312 0.075926
