11 0.815885 0.278472 0.155729 0.280556
13 0.953906 0.195833 0.091146 0.120833
24 0.920312 0.397917 0.097917 0.109722
28 0.579948 0.076389 0.093229 0.116667
3 0.809375 0.666319 0.206250 0.065972
21 0.572917 0.436806 0.242708 0.118056
1 0.906510 0.696528 0.186979 0.272222
4 0.988542 0.464236 0.022917 0.140972
19 0.689063 0.138194 0.057292 0.100000
10 0.936719 0.276042 0.126562 0.159028
14 0.714583 0.187847 0.063542 0.167361
29 0.278906 0.075000 0.134896 0.084722
0 0.518750 0.551042 0.172917 0.322917
13 0.946354 0.118056 0.100000 0.104167
26 0.733854 0.054514 0.128125 0.109028
16 0.419010 0.038194 0.018229 0.055556
27 0.433854 0.075694 0.158333 0.151389
19 0.698438 0.246181 0.064583 0.096528
30 0.411198 0.208333 0.075521 0.086111
14 0.701562 0.102083 0.061458 0.116667
16 0.592187 0.428472 0.017708 0.023611
16 0.658333 0.397917 0.021875 0.022222
16 0.685417 0.398958 0.022917 0.020139
16 0.630208 0.395486 0.020833 0.027083
16 0.514062 0.382986 0.016667 0.029861
31 0.589063 0.454514 0.019792 0.032639
22 0.144792 0.362500 0.096875 0.130556
16 0.463281 0.415278 0.010937 0.023611
16 0.496615 0.382986 0.022396 0.027083
16 0.470313 0.382292 0.016667 0.028472
2 0.879948 0.513194 0.053646 0.158333
7 0.670052 0.653819 0.100521 0.021528
