23 0.259375 0.666319 0.078125 0.153472
16 0.266406 0.478125 0.020313 0.040972
16 0.535417 0.556944 0.015625 0.023611
16 0.558073 0.557986 0.013021 0.022917
16 0.572135 0.559375 0.015104 0.022917
16 0.532031 0.586111 0.016146 0.020833
16 0.546354 0.584722 0.012500 0.025000
16 0.558594 0.586111 0.013021 0.025000
16 0.571875 0.586111 0.013542 0.025000
16 0.606771 0.590625 0.016667 0.021528
16 0.662500 0.566667 0.018750 0.019444
16 0.685417 0.568403 0.018750 0.018750
16 0.705729 0.569444 0.017708 0.019444
16 0.630729 0.621528 0.014583 0.023611
16 0.545833 0.617708 0.019792 0.018750
31 0.631250 0.589236 0.014583 0.025694
21 0.617188 0.602083 0.200000 0.094444
17 0.476823 0.348958 0.042188 0.061806
29 0.343229 0.393403 0.131250 0.059028
27 0.475000 0.338194 0.150000 0.270833
28 0.613281 0.449306 0.079687 0.112500
0 0.528385 0.447917 0.170313 0.183333
1 0.694531 0.458681 0.161979 0.195139
26 0.761198 0.358681 0.133854 0.200694
14 0.775260 0.479861 0.034896 0.052778
14 0.807813 0.490625 0.056250 0.067361
19 0.796875 0.508333 0.038542 0.045833
17 0.625521 0.872917 0.013542 0.112500
17 0.643490 0.870833 0.014063 0.111111
17 0.660677 0.868403 0.015104 0.110417
17 0.678125 0.865972 0.014583 0.109722
17 0.695052 0.863542 0.015104 0.109028
22 0.643750 0.869444 0.128125 0.127778
24 0.935417 0.715625 0.077083 0.102083
3 0.988802 0.720139 0.022396 0.120833
12 0.862240 0.613194 0.074479 0.100000
13 0.929688 0.623958 0.091667 0.106250
11 0.970313 0.562153 0.059375 0.113194
13 0.929948 0.415972 0.085938 0.086111
10 0.919531 0.476042 0.115104 0.114583
