23 0.325781 0.608681 0.105729 0.164583
29 0.453906 0.342708 0.148438 0.072917
30 0.580208 0.568750 0.076042 0.084722
16 0.357031 0.405208 0.028646 0.040972
16 0.646615 0.584375 0.017188 0.022917
16 0.668490 0.592361 0.013021 0.022222
16 0.682292 0.597917 0.014583 0.020833
16 0.642188 0.613889 0.016667 0.026389
16 0.654948 0.617708 0.011979 0.022917
16 0.666667 0.622222 0.011458 0.026389
16 0.678646 0.627431 0.012500 0.024306
16 0.710938 0.640625 0.016667 0.021528
16 0.761979 0.630556 0.014583 0.023611
16 0.651042 0.649653 0.020833 0.020139
16 0.729427 0.678819 0.014063 0.025694
31 0.733594 0.645486 0.015104 0.024306
21 0.705990 0.650347 0.183854 0.143750
17 0.645573 0.349306 0.042188 0.077778
17 0.632552 0.405208 0.021354 0.027083
27 0.614062 0.346528 0.137500 0.315278
28 0.723698 0.496875 0.082812 0.117361
26 0.884375 0.444792 0.128125 0.163194
0 0.553646 0.428472 0.170833 0.229167
1 0.729427 0.381250 0.165104 0.198611
13 0.980208 0.538889 0.039583 0.054167
10 0.966927 0.611458 0.066146 0.115972
13 0.977865 0.754861 0.044271 0.102778
14 0.920833 0.593056 0.025000 0.045833
17 0.688021 0.926736 0.019792 0.110417
17 0.704167 0.927778 0.019792 0.111111
17 0.720052 0.930208 0.019271 0.109028
17 0.736458 0.930556 0.020833 0.108333
17 0.751042 0.931250 0.019792 0.106944
22 0.698958 0.922569 0.127083 0.127083
