16 0.720833 0.145833 0.009375 0.013889
17 0.719010 0.210648 0.029687 0.050926
16 0.584896 0.250463 0.007292 0.015741
16 0.566667 0.254167 0.009375 0.013889
29 0.748177 0.198148 0.032813 0.081481
27 0.729167 0.220833 0.152083 0.210185
31 0.576823 0.258333 0.008854 0.014815
21 0.574219 0.275463 0.084896 0.093519
0 0.652083 0.176389 0.072917 0.162037
1 0.599740 0.200926 0.113021 0.135185
14 0.567708 0.330556 0.022917 0.109259
14 0.548698 0.360185 0.024479 0.111111
19 0.564323 0.359722 0.020313 0.084259
19 0.544271 0.388889 0.027083 0.087037
17 0.475260 0.235185 0.029687 0.027778
17 0.473438 0.225463 0.013542 0.012037
17 0.502344 0.222222 0.008854 0.012963
22 0.488802 0.242593 0.061979 0.051852
26 0.642188 0.377315 0.098958 0.226852
4 0.429427 0.306481 0.094271 0.081481
5 0.400000 0.331019 0.108333 0.100926
3 0.305990 0.502778 0.091146 0.127778
2 0.270833 0.554630 0.100000 0.127778
12 0.483594 0.381019 0.079687 0.143519
13 0.426563 0.460185 0.090625 0.155556
10 0.482031 0.562500 0.101562 0.199074
13 0.494792 0.718056 0.114583 0.206481
11 0.369010 0.639352 0.127604 0.223148
24 0.387500 0.439352 0.080208 0.128704
