22 0.170833 0.034028 0.123958 0.068056
30 0.391667 0.072569 0.107292 0.122917
27 0.568750 0.038889 0.168750 0.077778
34 0.231771 0.349653 0.198958 0.035417
25 0.319271 0.606944 0.194792 0.194444
14 0.478906 0.209375 0.082812 0.149306
19 0.458854 0.257639 0.077083 0.123611
13 0.580990 0.180208 0.168229 0.220139
28 0.762500 0.153125 0.096875 0.139583
17 0.676042 0.050694 0.069792 0.068056
29 0.733854 0.271181 0.157292 0.143750
26 0.938542 0.333333 0.122917 0.204167
11 0.904948 0.509722 0.113021 0.177778
13 0.901042 0.683333 0.090625 0.162500
10 0.846354 0.360764 0.136458 0.254861
5 0.832812 0.626736 0.055208 0.100694
4 0.821875 0.583681 0.078125 0.164583
2 0.753906 0.548958 0.088021 0.270139
14 0.797917 0.360417 0.147917 0.095833
19 0.748177 0.399306 0.091146 0.083333
16 0.481771 0.366319 0.021875 0.036806
16 0.566406 0.407292 0.021354 0.039583
16 0.469010 0.408681 0.019271 0.039583
16 0.487500 0.417708 0.017708 0.039583
16 0.506250 0.424306 0.021875 0.040278
16 0.525000 0.435069 0.026042 0.028472
16 0.541406 0.444097 0.025521 0.031250
16 0.459896 0.461111 0.031250 0.027778
16 0.514583 0.483333 0.028125 0.027778
16 0.581771 0.515972 0.022917 0.033333
16 0.676562 0.511111 0.023958 0.023611
31 0.707552 0.479514 0.026562 0.036806
16 0.702344 0.521875 0.020313 0.024306
16 0.696354 0.545833 0.022917 0.026389
21 0.566927 0.466319 0.276562 0.225694
24 0.546615 0.654167 0.184896 0.208333
7 0.548438 0.623611 0.064583 0.041667
3 0.746875 0.742708 0.353125 0.225694
1 0.811719 0.804167 0.261979 0.298611
0 0.484635 0.773264 0.172396 0.293750
