14 0.435937 0.459259 0.023958 0.046296
27 0.444271 0.135185 0.105208 0.270370
12 0.821875 0.252778 0.067708 0.111111
24 0.250521 0.485648 0.064583 0.139815
22 0.271875 0.331019 0.073958 0.149074
16 0.433854 0.141667 0.010417 0.024074
17 0.523698 0.166667 0.040104 0.062963
28 0.588542 0.199537 0.061458 0.115741
26 0.763021 0.218056 0.117708 0.208333
13 0.783333 0.565741 0.100000 0.144444
5 0.693750 0.619444 0.068750 0.233333
4 0.683854 0.565741 0.056250 0.200000
2 0.621875 0.533796 0.040625 0.145370
11 0.661979 0.388426 0.133333 0.230556
14 0.577865 0.438426 0.029687 0.047222
19 0.567448 0.442593 0.021354 0.048148
13 0.533594 0.305556 0.075521 0.109259
29 0.500260 0.417130 0.108854 0.065741
3 0.490885 0.372222 0.024479 0.098148
1 0.512500 0.428704 0.084375 0.183333
0 0.465625 0.495833 0.050000 0.178704
16 0.497656 0.508796 0.008854 0.021296
16 0.512500 0.559722 0.011458 0.015741
21 0.528125 0.530093 0.102083 0.080556
19 0.448177 0.460648 0.018229 0.047222
34 0.372917 0.512500 0.046875 0.123148
30 0.388542 0.346759 0.046875 0.054630
10 0.754687 0.422685 0.111458 0.134259
