22 0.486198 0.495139 0.102604 0.195833
19 0.419271 0.132639 0.045833 0.104167
24 0.113542 0.313542 0.104167 0.172917
23 0.171615 0.158333 0.135937 0.119444
16 0.248698 0.121528 0.019271 0.034722
29 0.261979 0.151042 0.051042 0.192361
30 0.347396 0.165625 0.075000 0.081250
14 0.421094 0.092361 0.042188 0.129167
27 0.470573 0.049306 0.136979 0.098611
13 0.528906 0.165972 0.131771 0.134722
28 0.659635 0.080208 0.086979 0.102083
12 0.672917 0.183333 0.132292 0.137500
26 0.851302 0.130208 0.130729 0.170139
11 0.780990 0.254167 0.128646 0.175000
14 0.700260 0.263194 0.080729 0.109722
19 0.679167 0.293750 0.071875 0.095833
10 0.874479 0.328125 0.115625 0.170139
13 0.933594 0.418403 0.085938 0.142361
2 0.860677 0.523611 0.048438 0.243056
3 0.827344 0.520486 0.048438 0.256250
5 0.788802 0.505903 0.071354 0.288194
4 0.718229 0.507639 0.057292 0.315278
16 0.435156 0.274306 0.024479 0.020833
16 0.434896 0.294097 0.015625 0.022917
16 0.449740 0.290278 0.015104 0.027778
16 0.464323 0.289931 0.015104 0.027083
16 0.479427 0.290625 0.015104 0.027083
16 0.497135 0.291319 0.020313 0.025694
16 0.506771 0.273958 0.022917 0.020139
16 0.436719 0.345833 0.025521 0.023611
16 0.511979 0.340625 0.015625 0.028472
16 0.616406 0.313889 0.018229 0.022222
16 0.641667 0.312500 0.020833 0.018056
16 0.645052 0.332292 0.019271 0.021528
31 0.638802 0.279514 0.018229 0.032639
21 0.533854 0.326736 0.235417 0.104861
17 0.488542 0.417014 0.091667 0.024306
17 0.488281 0.444097 0.094271 0.022917
17 0.489323 0.470833 0.092188 0.023611
17 0.488021 0.498264 0.094792 0.022917
17 0.471354 0.524653 0.067708 0.018750
17 0.459115 0.563542 0.038021 0.021528
34 0.294792 0.534028 0.167708 0.040278
0 0.404427 0.602778 0.143229 0.313889
1 0.538542 0.648958 0.138542 0.259028
18 0.463021 0.562153 0.031250 0.021528
