21 0.526563 0.609028 0.214583 0.115278
31 0.529427 0.630556 0.014063 0.027778
16 0.433854 0.560069 0.016667 0.024306
16 0.547917 0.569792 0.014583 0.024306
16 0.560156 0.571875 0.014063 0.025694
16 0.596354 0.575000 0.014583 0.027778
16 0.608854 0.576736 0.014583 0.025694
16 0.622135 0.577778 0.020313 0.023611
16 0.569010 0.635764 0.015104 0.027083
0 0.467708 0.608333 0.152083 0.197222
34 0.128646 0.539583 0.048958 0.122222
24 0.256250 0.377778 0.094792 0.080556
30 0.252083 0.432292 0.063542 0.061806
19 0.363802 0.477778 0.053646 0.087500
14 0.350260 0.447569 0.055729 0.097917
16 0.431510 0.293056 0.014063 0.019444
27 0.448177 0.290625 0.133854 0.286806
17 0.546615 0.275000 0.055729 0.012500
28 0.568750 0.377778 0.082292 0.108333
26 0.691927 0.329514 0.119271 0.202083
22 0.835938 0.349306 0.089583 0.102778
29 0.914844 0.382292 0.061979 0.129861
13 0.991667 0.511806 0.016667 0.098611
13 0.878125 0.485069 0.101042 0.129861
12 0.955990 0.501736 0.088021 0.124306
10 0.907031 0.610069 0.114062 0.154861
2 0.851823 0.749653 0.054688 0.102083
3 0.863802 0.644792 0.272396 0.122917
7 0.686719 0.583333 0.091146 0.029167
11 0.792188 0.582292 0.194792 0.296528
14 0.694271 0.510764 0.059375 0.104861
19 0.679948 0.536458 0.058854 0.081250
1 0.931250 0.718403 0.137500 0.314583
