22 0.440625 0.585417 0.102083 0.191667
24 0.089583 0.395486 0.093750 0.159028
23 0.146615 0.245139 0.111979 0.115278
16 0.205469 0.210417 0.018229 0.026389
29 0.220833 0.240278 0.053125 0.193056
16 0.348438 0.028819 0.009375 0.021528
17 0.428906 0.053819 0.064062 0.052083
14 0.353646 0.180208 0.046875 0.121528
19 0.364063 0.217708 0.047917 0.097917
30 0.295573 0.252083 0.074479 0.081944
27 0.420052 0.087847 0.134896 0.175694
28 0.614323 0.139236 0.086979 0.106250
13 0.473698 0.201042 0.132812 0.245139
16 0.367708 0.352778 0.023958 0.019444
16 0.364583 0.371875 0.015625 0.020139
16 0.380729 0.367708 0.016667 0.022917
16 0.395573 0.368403 0.017188 0.024306
16 0.410156 0.368750 0.014063 0.026389
16 0.427083 0.371181 0.019792 0.018750
16 0.437760 0.352778 0.023438 0.019444
16 0.421875 0.421181 0.018750 0.021528
16 0.364063 0.421181 0.022917 0.020139
16 0.551302 0.391667 0.020313 0.022222
16 0.576562 0.390972 0.020833 0.019444
16 0.578646 0.409028 0.017708 0.023611
31 0.574219 0.356944 0.017188 0.033333
21 0.469531 0.403125 0.236979 0.102083
14 0.639323 0.355903 0.072396 0.110417
19 0.621354 0.384375 0.065625 0.093750
12 0.617188 0.272569 0.138542 0.159028
11 0.740365 0.311806 0.135937 0.177778
26 0.821615 0.173611 0.134896 0.179167
10 0.844531 0.382639 0.127604 0.176389
13 0.914844 0.472917 0.095312 0.150000
2 0.823958 0.592014 0.059375 0.259028
3 0.788542 0.591319 0.053125 0.270139
4 0.676042 0.517361 0.100000 0.288889
5 0.613802 0.624306 0.218229 0.248611
18 0.518229 0.486806 0.082292 0.019444
17 0.436719 0.507639 0.092188 0.018056
17 0.437760 0.533333 0.094271 0.018056
17 0.437760 0.560069 0.092188 0.020139
17 0.440104 0.588542 0.089583 0.018750
17 0.442969 0.656597 0.084896 0.020139
17 0.441406 0.614583 0.086979 0.019444
1 0.549479 0.692014 0.142708 0.277083
0 0.336198 0.666667 0.132812 0.209722
34 0.229948 0.619792 0.129688 0.031250
18 0.438802 0.602778 0.086979 0.033333
