0 0.502604 0.270833 0.043750 0.099074
27 0.701823 0.362037 0.141146 0.185185
13 0.325521 0.903241 0.134375 0.193519
29 0.515104 0.925926 0.133333 0.148148
12 0.411458 0.781481 0.115625 0.212963
5 0.271875 0.711111 0.130208 0.183333
4 0.333333 0.681481 0.118750 0.133333
2 0.373177 0.490741 0.088021 0.057407
10 0.404167 0.584722 0.097917 0.178704
13 0.474740 0.660648 0.099479 0.154630
11 0.482031 0.501852 0.110937 0.137037
22 0.593750 0.801852 0.110417 0.177778
26 0.620313 0.488889 0.103125 0.190741
16 0.565365 0.336574 0.006771 0.013889
16 0.562500 0.339815 0.008333 0.009259
16 0.560677 0.343981 0.007812 0.008333
16 0.540625 0.361574 0.006250 0.013889
16 0.537240 0.365741 0.006771 0.009259
16 0.533854 0.368981 0.006250 0.010185
16 0.530208 0.373148 0.008333 0.011111
16 0.525000 0.393056 0.007292 0.010185
16 0.520312 0.397222 0.008333 0.011111
16 0.516927 0.402778 0.009896 0.011111
16 0.522135 0.356481 0.007812 0.012963
16 0.532031 0.343056 0.006771 0.012037
16 0.547135 0.324537 0.008854 0.013889
14 0.561198 0.408796 0.031771 0.104630
19 0.551562 0.443056 0.023958 0.071296
21 0.530469 0.381019 0.079687 0.106481
7 0.497396 0.273148 0.010417 0.025926
31 0.506771 0.290278 0.009375 0.043519
3 0.460938 0.179630 0.067708 0.168519
1 0.439063 0.173148 0.065625 0.161111
16 0.690365 0.343981 0.010937 0.013889
17 0.725781 0.506944 0.016146 0.058333
14 0.627604 0.305093 0.022917 0.086111
19 0.622135 0.325463 0.023438 0.067593
30 0.670052 0.296296 0.027604 0.050000
24 0.703646 0.307407 0.045833 0.066667
34 0.646094 0.237963 0.046354 0.029630
