24 0.093750 0.747222 0.084375 0.175000
22 0.145573 0.557292 0.088021 0.182639
30 0.343229 0.578125 0.055208 0.079861
16 0.428125 0.326736 0.014583 0.021528
16 0.457813 0.305208 0.026042 0.029861
27 0.446615 0.302778 0.150521 0.361111
0 0.374740 0.364931 0.168229 0.209028
1 0.527604 0.337153 0.150000 0.225694
28 0.661198 0.406250 0.094271 0.113889
13 0.566406 0.514931 0.055729 0.135417
14 0.424219 0.728819 0.054688 0.079861
19 0.433333 0.748264 0.051042 0.059028
29 0.526042 0.689583 0.189583 0.086111
26 0.870313 0.418403 0.143750 0.190972
12 0.904948 0.486111 0.086979 0.077778
10 0.901563 0.624653 0.121875 0.149306
11 0.817448 0.600347 0.149479 0.245139
13 0.942708 0.766667 0.097917 0.140278
3 0.615625 0.974653 0.153125 0.050694
16 0.476302 0.805903 0.024479 0.021528
16 0.477083 0.827431 0.019792 0.029861
16 0.495312 0.848958 0.017708 0.031250
16 0.512500 0.842708 0.016667 0.034028
16 0.527865 0.841667 0.016146 0.033333
16 0.543750 0.838194 0.015625 0.034722
16 0.480990 0.892014 0.025521 0.022917
16 0.560937 0.877431 0.021875 0.029861
16 0.553385 0.796181 0.017188 0.022917
21 0.560156 0.836111 0.211979 0.129167
5 0.870573 0.754514 0.039062 0.049306
4 0.858333 0.721181 0.031250 0.056250
