26 0.820833 0.083681 0.135417 0.167361
2 0.834115 0.498264 0.049479 0.227083
3 0.795312 0.475694 0.031250 0.258333
22 0.481250 0.476736 0.105208 0.200694
24 0.063542 0.295833 0.100000 0.175000
23 0.126562 0.138194 0.122917 0.125000
16 0.192188 0.093056 0.019792 0.027778
29 0.207292 0.125000 0.055208 0.191667
30 0.289323 0.133333 0.077604 0.086111
14 0.354687 0.060069 0.043750 0.118750
19 0.363542 0.095139 0.046875 0.108333
27 0.429167 0.030208 0.111458 0.060417
28 0.616406 0.042361 0.089063 0.084722
13 0.472917 0.123264 0.134375 0.134028
12 0.611198 0.157292 0.130729 0.203472
14 0.652865 0.215972 0.079687 0.122222
19 0.632292 0.250000 0.070833 0.102778
11 0.745052 0.204861 0.136979 0.181944
10 0.847917 0.280556 0.122917 0.179167
13 0.913802 0.375347 0.091146 0.147917
16 0.372135 0.232292 0.024479 0.020139
16 0.371875 0.254514 0.016667 0.022917
16 0.386979 0.249653 0.015625 0.028472
16 0.402604 0.247569 0.015625 0.027083
16 0.417708 0.247917 0.014583 0.027778
16 0.435937 0.246875 0.021875 0.020139
16 0.446094 0.232639 0.024479 0.025000
16 0.373177 0.305208 0.021354 0.027083
16 0.440104 0.294444 0.028125 0.041667
16 0.565885 0.266667 0.020313 0.025000
16 0.589844 0.263194 0.021354 0.016667
16 0.592969 0.282986 0.019271 0.024306
31 0.586979 0.231250 0.019792 0.036111
21 0.478906 0.285417 0.247396 0.109722
17 0.480990 0.393750 0.096354 0.018056
17 0.481771 0.421528 0.096875 0.019444
17 0.482292 0.448958 0.098958 0.017361
17 0.481510 0.477431 0.099479 0.017361
17 0.499479 0.505903 0.061458 0.017361
17 0.490104 0.544444 0.078125 0.026389
8 0.493750 0.535069 0.013542 0.015972
18 0.530729 0.364931 0.084375 0.020139
4 0.653906 0.395486 0.318229 0.286806
1 0.725000 0.476042 0.233333 0.390972
0 0.392188 0.575000 0.195833 0.259722
34 0.241406 0.506944 0.165104 0.048611
