5 0.978906 0.697917 0.042188 0.208333
4 0.955990 0.706944 0.035937 0.131944
34 0.144271 0.500347 0.054167 0.125694
24 0.284375 0.343056 0.097917 0.073611
30 0.285156 0.396875 0.065104 0.059028
14 0.401562 0.412153 0.038542 0.100694
19 0.410156 0.444097 0.042188 0.084028
14 0.696354 0.457639 0.056250 0.095833
19 0.681250 0.482986 0.054167 0.081250
16 0.508854 0.282639 0.012500 0.015278
17 0.575260 0.272222 0.051562 0.015278
16 0.575521 0.593056 0.012500 0.020833
16 0.586979 0.592361 0.013542 0.022222
16 0.597656 0.579861 0.011979 0.023611
16 0.609635 0.573264 0.011979 0.010417
16 0.604948 0.620833 0.045312 0.034722
31 0.573177 0.639583 0.015104 0.020833
21 0.596354 0.619792 0.136458 0.096528
27 0.486198 0.277083 0.132812 0.272222
28 0.603906 0.368750 0.077604 0.100000
26 0.717187 0.331597 0.116667 0.178472
22 0.829948 0.363194 0.077604 0.093056
29 0.896354 0.397569 0.055208 0.114583
13 0.977865 0.522222 0.044271 0.101389
12 0.935937 0.503125 0.075000 0.110417
13 0.870052 0.483681 0.085938 0.113194
10 0.904427 0.595486 0.114062 0.143750
11 0.801823 0.572917 0.175521 0.263889
3 0.726042 0.761806 0.178125 0.075000
2 0.857812 0.783681 0.051042 0.236806
1 0.677083 0.686806 0.151042 0.231944
0 0.497135 0.626389 0.157812 0.268056
