24 0.434375 0.676736 0.137500 0.127083
22 0.074219 0.307292 0.083854 0.153472
30 0.229167 0.304167 0.072917 0.070833
16 0.338021 0.086806 0.011458 0.022222
27 0.338542 0.119097 0.132292 0.238194
17 0.434896 0.168750 0.051042 0.045833
28 0.521094 0.194444 0.080729 0.098611
14 0.286979 0.368750 0.047917 0.115278
19 0.298177 0.405903 0.052604 0.090972
13 0.373958 0.311458 0.121875 0.124306
29 0.516927 0.298264 0.155729 0.054861
14 0.543490 0.334375 0.069271 0.150694
19 0.523698 0.386458 0.056771 0.088194
26 0.716406 0.214583 0.123438 0.166667
12 0.755469 0.279167 0.085938 0.086111
11 0.739323 0.396181 0.114062 0.146528
13 0.793750 0.516319 0.097917 0.138194
5 0.715625 0.593403 0.068750 0.264583
10 0.649219 0.317014 0.130729 0.174306
4 0.682031 0.538194 0.049479 0.256944
3 0.635417 0.523958 0.051042 0.247917
6 0.710417 0.553819 0.065625 0.050694
2 0.564844 0.643056 0.254688 0.161111
31 0.531771 0.451042 0.015625 0.029861
16 0.532813 0.484722 0.020833 0.016667
16 0.536719 0.501389 0.018229 0.019444
16 0.508594 0.488889 0.015104 0.020833
16 0.402604 0.460417 0.014583 0.026389
16 0.334375 0.464583 0.016667 0.027778
16 0.332813 0.498611 0.016667 0.026389
16 0.347396 0.497569 0.013542 0.025694
16 0.361198 0.496875 0.014063 0.025694
16 0.376823 0.494792 0.017188 0.024306
16 0.390625 0.494792 0.014583 0.025694
16 0.334375 0.537500 0.022917 0.020833
16 0.363542 0.534028 0.020833 0.025000
16 0.433333 0.528472 0.016667 0.026389
21 0.432552 0.506250 0.227604 0.109722
25 0.444271 0.624653 0.156250 0.089583
34 0.156771 0.574306 0.138542 0.043056
1 0.570312 0.705556 0.195833 0.233333
0 0.326302 0.690278 0.166146 0.265278
