29 0.578906 0.362037 0.063021 0.079630
0 0.564583 0.292130 0.055208 0.089815
27 0.732031 0.349537 0.150521 0.184259
21 0.525781 0.350463 0.073438 0.108333
16 0.558594 0.302778 0.005729 0.011111
19 0.580469 0.307407 0.017188 0.061111
22 0.680208 0.255093 0.057292 0.060185
24 0.634375 0.223611 0.050000 0.050926
3 0.603385 0.234259 0.035937 0.174074
1 0.577344 0.201389 0.079687 0.126852
7 0.587240 0.323148 0.004687 0.016667
16 0.589063 0.328241 0.011458 0.019444
14 0.541927 0.365278 0.020313 0.093519
19 0.540104 0.393519 0.022917 0.074074
16 0.537760 0.293519 0.008854 0.012963
16 0.546094 0.300463 0.005729 0.010185
16 0.543750 0.304167 0.005208 0.008333
16 0.540365 0.308333 0.006771 0.007407
16 0.537240 0.313426 0.006771 0.008333
16 0.519792 0.321296 0.006250 0.011111
16 0.505729 0.366667 0.006250 0.009259
16 0.512500 0.354630 0.007292 0.009259
31 0.516927 0.373148 0.009896 0.022222
30 0.645052 0.310648 0.032813 0.054630
16 0.716146 0.321759 0.012500 0.013889
17 0.687500 0.450926 0.015625 0.046296
13 0.615625 0.406944 0.068750 0.115741
28 0.644792 0.488889 0.062500 0.100000
11 0.522656 0.472685 0.117188 0.128704
10 0.448698 0.551852 0.095312 0.174074
13 0.363802 0.543056 0.085938 0.136111
5 0.400521 0.449074 0.084375 0.098148
26 0.550521 0.593519 0.127083 0.225926
12 0.499219 0.732407 0.102604 0.211111
16 0.548958 0.297685 0.006250 0.013889
2 0.456771 0.420833 0.102083 0.041667
4 0.428906 0.441204 0.061979 0.082407
