24 0.229687 0.441319 0.102083 0.150694
22 0.308854 0.304861 0.092708 0.130556
30 0.468490 0.355556 0.073438 0.081944
16 0.579688 0.178125 0.012500 0.021528
27 0.592969 0.178125 0.147396 0.286806
17 0.674479 0.275000 0.050000 0.036111
28 0.752865 0.323611 0.079687 0.104167
13 0.687240 0.376042 0.113021 0.142361
14 0.547135 0.463194 0.049479 0.100000
19 0.536719 0.496528 0.051562 0.081944
29 0.629427 0.478819 0.136979 0.097917
16 0.646615 0.500000 0.042188 0.026389
16 0.556771 0.560417 0.021875 0.022222
16 0.623437 0.575000 0.013542 0.027778
16 0.551042 0.594792 0.017708 0.020139
16 0.567708 0.596181 0.015625 0.027083
16 0.580990 0.600000 0.011979 0.026389
16 0.594271 0.604167 0.014583 0.026389
16 0.608594 0.607639 0.015104 0.025000
16 0.550260 0.634375 0.017188 0.028472
16 0.640625 0.651736 0.019792 0.021528
21 0.619010 0.618750 0.179688 0.122222
26 0.934635 0.390625 0.125521 0.172917
12 0.962760 0.468403 0.073438 0.086806
10 0.937240 0.575000 0.113021 0.158333
13 0.956510 0.727431 0.086979 0.149306
11 0.848958 0.514931 0.175000 0.268750
14 0.776042 0.500347 0.050000 0.067361
2 0.795833 0.671528 0.051042 0.188889
4 0.867448 0.711111 0.069271 0.202778
5 0.878125 0.777431 0.072917 0.249306
3 0.682813 0.791667 0.093750 0.102778
0 0.526563 0.876042 0.150000 0.200694
1 0.714063 0.591319 0.147917 0.279861
34 0.399740 0.533681 0.048438 0.171528
