34 0.153906 0.348264 0.079687 0.124306
24 0.334635 0.225000 0.115104 0.097222
30 0.323958 0.284722 0.073958 0.077778
16 0.565885 0.269444 0.026562 0.052778
17 0.663281 0.255208 0.052604 0.035417
27 0.565104 0.227083 0.145833 0.312500
14 0.453385 0.346875 0.041146 0.113194
14 0.755729 0.510417 0.080208 0.088889
19 0.447656 0.385069 0.044271 0.089583
19 0.732552 0.532292 0.068229 0.081250
28 0.672656 0.374306 0.090104 0.118056
26 0.801302 0.382986 0.143229 0.197917
22 0.902604 0.456944 0.065625 0.122222
29 0.958333 0.522917 0.039583 0.137500
12 0.974479 0.644792 0.051042 0.124306
13 0.915365 0.596875 0.091146 0.117361
11 0.832812 0.673264 0.195833 0.265972
5 0.970573 0.886458 0.047396 0.172917
16 0.511719 0.554861 0.022396 0.022222
16 0.523438 0.559028 0.016667 0.029167
16 0.537500 0.564931 0.014583 0.029861
16 0.492708 0.620139 0.017708 0.030556
16 0.598437 0.615278 0.020833 0.022222
16 0.612500 0.620833 0.018750 0.023611
16 0.627865 0.610764 0.013021 0.031250
16 0.639844 0.614931 0.013021 0.028472
16 0.673438 0.633333 0.015625 0.027778
16 0.685677 0.637153 0.011979 0.028472
16 0.697135 0.642708 0.014063 0.028472
16 0.628906 0.683333 0.015104 0.019444
16 0.592969 0.683681 0.059896 0.034028
21 0.584635 0.639583 0.226562 0.180556
7 0.624740 0.698264 0.042188 0.015972
3 0.813542 0.709375 0.360417 0.156250
1 0.887500 0.782292 0.225000 0.281250
0 0.525000 0.730556 0.166667 0.261111
4 0.950521 0.881597 0.020833 0.111806
