22 0.404948 0.661111 0.105729 0.131481
30 0.482552 0.525463 0.043229 0.078704
27 0.437760 0.408333 0.085938 0.144444
13 0.529687 0.439352 0.065625 0.112037
19 0.562240 0.487500 0.027604 0.086111
14 0.563802 0.446296 0.029687 0.135185
19 0.591667 0.372685 0.023958 0.073148
14 0.595833 0.336111 0.021875 0.118519
29 0.550781 0.362963 0.034896 0.064815
28 0.503385 0.340741 0.043229 0.075926
10 0.575521 0.316667 0.085417 0.098148
26 0.572396 0.238889 0.063542 0.111111
11 0.623177 0.287500 0.057813 0.089815
13 0.684115 0.299074 0.060937 0.075926
5 0.695052 0.359722 0.101562 0.069444
4 0.663281 0.363426 0.085938 0.087963
3 0.647656 0.375000 0.088021 0.081481
31 0.620313 0.394444 0.011458 0.018519
16 0.632292 0.401852 0.007292 0.012963
16 0.638802 0.406481 0.008854 0.016667
16 0.625260 0.406944 0.005729 0.008333
16 0.629948 0.410648 0.006771 0.010185
16 0.602344 0.450463 0.009896 0.008333
16 0.633854 0.450926 0.009375 0.012963
16 0.592448 0.482407 0.009896 0.011111
16 0.607552 0.489352 0.007812 0.010185
16 0.608073 0.483796 0.008854 0.010185
16 0.609896 0.476852 0.010417 0.011111
16 0.612240 0.469907 0.007812 0.010185
16 0.614583 0.463889 0.008333 0.011111
16 0.633854 0.450463 0.009375 0.012037
21 0.616667 0.465741 0.063542 0.133333
24 0.669792 0.499074 0.056250 0.083333
25 0.664844 0.563426 0.054688 0.060185
34 0.628125 0.525000 0.028125 0.112963
0 0.677344 0.632870 0.120313 0.136111
1 0.698438 0.444907 0.109375 0.121296
