30 0.485156 0.533796 0.039062 0.078704
19 0.496094 0.469907 0.024479 0.076852
13 0.518229 0.405556 0.098958 0.155556
14 0.495833 0.448148 0.025000 0.107407
27 0.420312 0.368981 0.119792 0.221296
29 0.449219 0.588426 0.110937 0.091667
13 0.677865 0.274074 0.048438 0.066667
10 0.636719 0.289352 0.059896 0.097222
11 0.592708 0.321296 0.062500 0.092593
26 0.565365 0.243519 0.063021 0.122222
28 0.503125 0.336574 0.042708 0.065741
12 0.567969 0.373148 0.067187 0.094444
14 0.611198 0.362963 0.023438 0.088889
19 0.607812 0.383796 0.019792 0.054630
3 0.694531 0.364352 0.096354 0.056481
5 0.686979 0.413889 0.104167 0.048148
16 0.606510 0.407407 0.006771 0.011111
16 0.612760 0.412963 0.009896 0.014815
16 0.603125 0.417130 0.009375 0.010185
16 0.598698 0.478704 0.007812 0.012963
16 0.573698 0.460648 0.007812 0.013889
16 0.579948 0.467593 0.006771 0.011111
16 0.577083 0.475463 0.007292 0.010185
16 0.573958 0.481481 0.008333 0.011111
16 0.571615 0.487963 0.008854 0.011111
16 0.569531 0.497222 0.008854 0.012963
16 0.561719 0.494444 0.006771 0.016667
16 0.590625 0.506019 0.007292 0.015741
21 0.589063 0.474537 0.067708 0.136111
17 0.448958 0.370370 0.011458 0.048148
16 0.354167 0.452778 0.019792 0.027778
16 0.438021 0.577315 0.008333 0.039815
23 0.405990 0.670833 0.097396 0.154630
24 0.480208 0.775000 0.113542 0.166667
17 0.695052 0.538889 0.008854 0.050000
17 0.678906 0.530556 0.009896 0.051852
17 0.668490 0.526389 0.010937 0.050926
17 0.658594 0.520833 0.009896 0.049074
17 0.648177 0.517130 0.007812 0.025000
17 0.636979 0.517593 0.008333 0.014815
22 0.666927 0.541667 0.073438 0.085185
1 0.652865 0.467593 0.097396 0.103704
0 0.635156 0.565278 0.068229 0.113889
34 0.625000 0.665741 0.029167 0.103704
31 0.594792 0.404630 0.010417 0.022222
2 0.698177 0.349074 0.090104 0.074074
4 0.658594 0.392593 0.094271 0.029630
