1 0.489844 0.602315 0.072396 0.175000
22 0.470833 0.637500 0.052083 0.126852
21 0.492188 0.487037 0.128125 0.075926
27 0.444010 0.134722 0.105729 0.269444
29 0.329688 0.337500 0.034375 0.197222
23 0.271875 0.337500 0.082292 0.104630
24 0.253125 0.481481 0.059375 0.133333
16 0.317448 0.324537 0.011979 0.017593
16 0.434115 0.461574 0.009896 0.013889
16 0.434635 0.477315 0.007812 0.017593
16 0.443229 0.474537 0.009375 0.017593
16 0.451562 0.473611 0.008333 0.019444
16 0.459115 0.473611 0.006771 0.021296
16 0.468490 0.474537 0.011979 0.015741
16 0.470833 0.460185 0.008333 0.011111
16 0.436719 0.515741 0.011979 0.014815
16 0.532813 0.483796 0.008333 0.015741
16 0.549740 0.482870 0.009896 0.013889
16 0.549219 0.497222 0.009896 0.014815
31 0.547396 0.455093 0.009375 0.021296
30 0.382031 0.357870 0.046354 0.062037
14 0.416927 0.320833 0.030729 0.049074
19 0.426042 0.342593 0.027083 0.048148
17 0.453385 0.169907 0.043229 0.067593
16 0.387240 0.062037 0.008854 0.022222
28 0.588542 0.199537 0.062500 0.115741
26 0.763281 0.218056 0.117188 0.208333
13 0.492969 0.316204 0.080729 0.197222
12 0.581250 0.372222 0.088542 0.135185
11 0.666667 0.382407 0.103125 0.138889
10 0.752344 0.444907 0.111979 0.141667
13 0.826302 0.519444 0.098437 0.153704
2 0.713542 0.619444 0.061458 0.214815
3 0.689583 0.618981 0.039583 0.215741
14 0.580208 0.469907 0.029167 0.047222
19 0.569271 0.471296 0.021875 0.048148
18 0.527865 0.552778 0.041146 0.033333
5 0.584896 0.628241 0.121875 0.162037
18 0.445833 0.556481 0.017708 0.018519
17 0.454688 0.590278 0.014583 0.010185
17 0.456250 0.608333 0.015625 0.011111
17 0.457292 0.626852 0.021875 0.011111
17 0.460938 0.643056 0.028125 0.012037
17 0.464062 0.661111 0.031250 0.012963
17 0.472396 0.686574 0.040625 0.015741
0 0.412760 0.609259 0.079687 0.118519
34 0.353385 0.621296 0.050521 0.022222
4 0.621354 0.550926 0.073958 0.205556
