21 0.561979 0.678819 0.328125 0.182639
30 0.138281 0.236458 0.102604 0.099306
24 0.150521 0.136806 0.150000 0.136111
14 0.284635 0.291319 0.106771 0.150694
19 0.311979 0.336111 0.092708 0.134722
16 0.513281 0.037500 0.021354 0.031944
17 0.635156 0.028125 0.085938 0.040972
27 0.478646 0.135764 0.218750 0.271528
28 0.669792 0.214583 0.138542 0.180556
26 0.865885 0.214583 0.221354 0.311111
22 0.972917 0.288889 0.054167 0.147222
13 0.971875 0.499653 0.056250 0.174306
10 0.970833 0.678472 0.058333 0.151389
11 0.889583 0.622569 0.220833 0.324306
14 0.815625 0.442014 0.129167 0.106250
19 0.775000 0.465625 0.101042 0.096528
16 0.432552 0.608333 0.032813 0.036111
16 0.452604 0.612500 0.022917 0.048611
16 0.473958 0.615278 0.025000 0.045833
16 0.418229 0.719097 0.027083 0.043750
16 0.573698 0.667014 0.025521 0.035417
16 0.598958 0.668403 0.025000 0.042361
16 0.620833 0.646528 0.020833 0.041667
16 0.640365 0.647569 0.019271 0.046528
16 0.689323 0.657292 0.022396 0.040972
16 0.709375 0.656250 0.018750 0.041667
16 0.725781 0.659722 0.021354 0.040278
16 0.626042 0.751042 0.028125 0.034028
31 0.576302 0.742014 0.045312 0.045139
7 0.600000 0.762847 0.057292 0.039583
3 0.721354 0.846181 0.214583 0.165972
1 0.893750 0.882292 0.212500 0.234028
16 0.640104 0.932986 0.071875 0.049306
0 0.537240 0.889583 0.231771 0.220833
