24 0.049479 0.427083 0.098958 0.173611
23 0.115885 0.261806 0.127604 0.118056
16 0.177083 0.236806 0.022917 0.029167
29 0.193229 0.268750 0.067708 0.225000
30 0.272656 0.294792 0.084896 0.084028
19 0.348698 0.268056 0.053646 0.105556
14 0.339323 0.225347 0.053646 0.124306
17 0.432552 0.085417 0.078646 0.056944
16 0.350000 0.033681 0.011458 0.022917
27 0.427083 0.108681 0.162500 0.217361
13 0.456771 0.298611 0.142708 0.127778
28 0.601302 0.193056 0.040104 0.104167
1 0.686719 0.268056 0.169271 0.344444
8 0.576302 0.331250 0.010937 0.016667
4 0.658073 0.189931 0.161979 0.277083
12 0.599479 0.343750 0.140625 0.233333
18 0.497656 0.590625 0.086979 0.024306
31 0.569010 0.455556 0.018229 0.031944
16 0.567187 0.496181 0.025000 0.021528
16 0.569010 0.517708 0.020313 0.027083
16 0.539844 0.498264 0.024479 0.022917
16 0.416667 0.527778 0.019792 0.031944
16 0.383333 0.525000 0.010417 0.012500
21 0.471094 0.504167 0.213021 0.106944
17 0.391406 0.600694 0.097396 0.027778
17 0.388281 0.629861 0.098437 0.026389
17 0.386458 0.657986 0.098958 0.027083
17 0.383073 0.686458 0.099479 0.025694
17 0.381771 0.714931 0.100000 0.025694
17 0.379427 0.757292 0.089063 0.025694
22 0.384896 0.677431 0.115625 0.207639
0 0.479687 0.404514 0.189583 0.170139
19 0.613802 0.479167 0.075521 0.086111
14 0.637760 0.455556 0.085938 0.094444
5 0.710677 0.695139 0.085938 0.308333
11 0.745313 0.407639 0.146875 0.140278
26 0.842708 0.271528 0.148958 0.198611
10 0.865104 0.495139 0.097917 0.168056
13 0.921354 0.595139 0.064583 0.155556
