34 0.260156 0.389236 0.071354 0.104861
24 0.421615 0.283681 0.102604 0.085417
30 0.413542 0.334722 0.065625 0.068056
16 0.616146 0.289583 0.026042 0.036111
17 0.721875 0.300694 0.051042 0.029167
14 0.531771 0.387847 0.036458 0.104861
19 0.526302 0.421875 0.040104 0.082639
14 0.827604 0.523264 0.055208 0.085417
27 0.627344 0.278819 0.124479 0.282639
28 0.732812 0.408333 0.082292 0.108333
26 0.854948 0.405208 0.132812 0.181250
22 0.962240 0.479861 0.068229 0.118056
11 0.874479 0.698611 0.155208 0.256944
1 0.908594 0.536458 0.172396 0.179861
0 0.772396 0.567014 0.112500 0.147917
16 0.757031 0.654861 0.013021 0.020833
16 0.605469 0.585764 0.015104 0.024306
16 0.592969 0.579861 0.013021 0.026389
16 0.582552 0.576736 0.019271 0.020139
16 0.566406 0.637153 0.015104 0.028472
21 0.652604 0.655903 0.211458 0.163194
2 0.903646 0.889236 0.026042 0.122917
3 0.771875 0.828125 0.170833 0.138194
