10 0.835417 0.486458 0.117708 0.156250
11 0.767708 0.430208 0.102083 0.199306
34 0.172917 0.608333 0.031250 0.186111
24 0.095312 0.519792 0.087500 0.160417
22 0.157552 0.361111 0.086979 0.152778
30 0.316146 0.376736 0.076042 0.071528
16 0.444010 0.176042 0.011979 0.018750
16 0.483073 0.468056 0.020313 0.059722
16 0.497396 0.559375 0.021875 0.021528
16 0.605469 0.596875 0.021354 0.018750
31 0.629427 0.557639 0.020313 0.029167
16 0.627344 0.594792 0.022396 0.018750
16 0.630208 0.614236 0.017708 0.024306
21 0.553646 0.602431 0.166667 0.097917
29 0.494792 0.485417 0.181250 0.072222
14 0.383854 0.472917 0.046875 0.102778
14 0.620833 0.495833 0.036458 0.063889
19 0.613802 0.505208 0.052604 0.085417
19 0.394271 0.506250 0.048958 0.081944
27 0.430469 0.162500 0.136979 0.298611
17 0.526823 0.240278 0.052604 0.047222
13 0.550781 0.346181 0.108854 0.134028
26 0.812500 0.298611 0.130208 0.170833
12 0.849219 0.369097 0.088021 0.089583
7 0.507292 0.453472 0.028125 0.036111
3 0.611719 0.292014 0.194271 0.304861
1 0.663802 0.366667 0.198437 0.418056
13 0.879427 0.630556 0.098437 0.145833
0 0.436198 0.598611 0.127604 0.301389
