34 0.106771 0.581597 0.048958 0.121528
30 0.237240 0.476389 0.061979 0.059722
24 0.236198 0.426389 0.092188 0.075000
19 0.356510 0.515278 0.044271 0.083333
14 0.347135 0.485764 0.042188 0.095139
16 0.414844 0.348958 0.013021 0.017361
27 0.426563 0.348264 0.119792 0.257639
17 0.508333 0.338194 0.048958 0.011111
28 0.535677 0.425694 0.073438 0.094444
26 0.639844 0.380903 0.103646 0.172917
22 0.759115 0.395833 0.078646 0.086111
29 0.828125 0.417361 0.057292 0.102778
13 0.926562 0.522569 0.064583 0.092361
12 0.870052 0.512500 0.079687 0.100000
13 0.803646 0.503125 0.086458 0.106250
10 0.844531 0.603125 0.113021 0.136806
11 0.737760 0.584375 0.154688 0.247917
5 0.939583 0.690972 0.081250 0.195833
4 0.907031 0.697917 0.048438 0.130556
2 0.811198 0.789236 0.069271 0.225694
3 0.699740 0.745139 0.173437 0.072222
1 0.685417 0.803125 0.117708 0.213194
16 0.549219 0.685069 0.021354 0.025694
31 0.522135 0.631944 0.014063 0.015278
0 0.490625 0.733333 0.140625 0.194444
16 0.425781 0.639931 0.013021 0.024306
16 0.429167 0.585069 0.015625 0.024306
16 0.441146 0.585069 0.013542 0.025694
16 0.452083 0.585417 0.013542 0.025000
16 0.509115 0.601042 0.013021 0.020139
16 0.521354 0.601042 0.015625 0.022917
16 0.532813 0.587500 0.012500 0.023611
16 0.542969 0.588194 0.014063 0.023611
16 0.573958 0.588889 0.012500 0.023611
16 0.585677 0.588889 0.011979 0.023611
16 0.596875 0.590278 0.017708 0.022222
16 0.557031 0.643056 0.013021 0.019444
21 0.511979 0.626042 0.196875 0.084028
19 0.641667 0.556250 0.051042 0.080556
14 0.654427 0.528819 0.051562 0.095139
