34 0.161979 0.388542 0.077083 0.118750
30 0.323437 0.327083 0.071875 0.076389
24 0.334896 0.270486 0.112500 0.092361
19 0.444271 0.425694 0.043750 0.088889
14 0.446094 0.389583 0.041146 0.111111
16 0.551823 0.261806 0.013021 0.023611
27 0.561719 0.264583 0.150521 0.301389
17 0.652344 0.288889 0.054688 0.031944
28 0.661979 0.403125 0.088542 0.114583
26 0.789062 0.406250 0.142708 0.200000
22 0.898438 0.473958 0.069792 0.118750
29 0.958073 0.536806 0.043229 0.137500
14 0.769792 0.585069 0.080208 0.088194
19 0.747917 0.605903 0.070833 0.081250
13 0.914583 0.621181 0.093750 0.136806
12 0.974740 0.637847 0.050521 0.086806
10 0.902344 0.739931 0.075521 0.131250
11 0.836719 0.684375 0.198437 0.278472
3 0.873698 0.730556 0.252604 0.133333
1 0.927865 0.804861 0.144271 0.283333
2 0.856771 0.845486 0.047917 0.075694
5 0.978385 0.943750 0.043229 0.095833
7 0.717187 0.662500 0.093750 0.038889
16 0.513021 0.693750 0.021875 0.037500
31 0.599219 0.651736 0.018229 0.032639
0 0.493229 0.757639 0.144792 0.254167
16 0.494271 0.603819 0.017708 0.027083
16 0.511979 0.541667 0.019792 0.026389
16 0.522917 0.545833 0.014583 0.027778
16 0.536719 0.552431 0.018229 0.028472
16 0.595833 0.596181 0.019792 0.020139
16 0.610417 0.586111 0.015625 0.027778
16 0.621615 0.591667 0.017188 0.027778
16 0.634896 0.596528 0.013542 0.029167
16 0.667188 0.612153 0.015625 0.027083
16 0.678385 0.618403 0.016146 0.025694
16 0.692187 0.622917 0.016667 0.023611
16 0.634896 0.666319 0.015625 0.025694
21 0.584375 0.624306 0.219792 0.170833
