21 0.271615 0.631597 0.225521 0.127083
30 0.075521 0.444097 0.071875 0.072917
27 0.178385 0.281944 0.124479 0.176389
17 0.272135 0.290625 0.058854 0.024306
28 0.359115 0.306597 0.076563 0.097917
26 0.559115 0.307292 0.113021 0.167361
12 0.606250 0.353125 0.085417 0.086806
11 0.588802 0.459722 0.116146 0.143056
13 0.658594 0.582986 0.093229 0.134028
10 0.482812 0.406597 0.122917 0.165972
29 0.352344 0.414583 0.156771 0.062500
14 0.389583 0.443403 0.046875 0.136806
19 0.379427 0.493750 0.046354 0.084722
4 0.522656 0.535417 0.050521 0.069444
2 0.428646 0.612847 0.058333 0.261806
13 0.208594 0.439583 0.118229 0.130556
14 0.124479 0.509722 0.063542 0.102778
19 0.140625 0.541667 0.060417 0.091667
34 0.041406 0.678472 0.082812 0.063889
16 0.169010 0.602083 0.014063 0.029167
16 0.233594 0.590972 0.015104 0.026389
16 0.167969 0.634375 0.015104 0.025694
16 0.180990 0.631597 0.013021 0.025694
16 0.193750 0.630556 0.013542 0.026389
16 0.208333 0.626736 0.016667 0.024306
16 0.222135 0.626042 0.015104 0.025694
16 0.211458 0.662847 0.021875 0.025694
16 0.265104 0.654167 0.016667 0.025000
31 0.361198 0.565972 0.014063 0.027778
16 0.340885 0.606597 0.018229 0.021528
16 0.364063 0.600000 0.019792 0.016667
16 0.368490 0.617708 0.017188 0.020139
7 0.292969 0.706944 0.064062 0.027778
3 0.478385 0.614931 0.326562 0.188194
1 0.574479 0.688194 0.231250 0.411111
24 0.295833 0.776042 0.141667 0.134028
25 0.123958 0.813889 0.145833 0.133333
0 0.118229 0.879861 0.132292 0.240278
5 0.596615 0.788194 0.042188 0.068056
