16 0.487500 0.419444 0.010417 0.030556
28 0.485156 0.462847 0.084896 0.110417
21 0.432292 0.843403 0.243750 0.147917
27 0.285156 0.402431 0.143229 0.315972
1 0.556510 0.448958 0.144271 0.195139
34 0.088542 0.912500 0.051042 0.175000
24 0.020313 0.830903 0.040625 0.165972
22 0.043229 0.655903 0.078125 0.170139
14 0.262240 0.763889 0.068229 0.072222
19 0.283594 0.786806 0.053646 0.076389
30 0.195052 0.653125 0.074479 0.079861
16 0.280469 0.453125 0.016146 0.054861
17 0.391667 0.449306 0.053125 0.061111
13 0.433333 0.566319 0.119792 0.125694
26 0.691927 0.428125 0.124479 0.175694
12 0.742188 0.471875 0.087500 0.106250
10 0.756771 0.598264 0.102083 0.117361
13 0.830469 0.710417 0.064062 0.083333
11 0.626302 0.632292 0.160938 0.249306
14 0.525000 0.676389 0.056250 0.130556
19 0.510938 0.720833 0.052083 0.079167
29 0.373437 0.740625 0.195833 0.074306
16 0.323958 0.826736 0.023958 0.020139
16 0.392708 0.813194 0.019792 0.022222
16 0.326562 0.847569 0.016667 0.029861
16 0.339844 0.842708 0.015104 0.029861
16 0.353906 0.838542 0.015104 0.031250
16 0.369010 0.838194 0.014063 0.031944
16 0.386458 0.836111 0.019792 0.022222
16 0.333854 0.904861 0.020833 0.027778
16 0.405208 0.888542 0.021875 0.025694
16 0.511458 0.823264 0.020833 0.020139
16 0.534896 0.810417 0.021875 0.019444
16 0.540365 0.830208 0.019271 0.022917
31 0.530729 0.774306 0.016667 0.029167
2 0.628906 0.850347 0.135937 0.231250
0 0.398438 0.957639 0.129167 0.087500
5 0.716667 0.920486 0.028125 0.156250
4 0.691406 0.863194 0.027604 0.212500
3 0.542708 0.982292 0.219792 0.036806
