21 0.273177 0.730556 0.227604 0.179167
27 0.156771 0.364236 0.152083 0.307639
29 0.020833 0.648958 0.041667 0.214583
30 0.085677 0.639236 0.077604 0.100694
14 0.115625 0.559722 0.075000 0.098611
19 0.135156 0.585417 0.061979 0.091667
16 0.095833 0.375694 0.010417 0.020833
17 0.160938 0.391667 0.064583 0.075000
13 0.235677 0.525694 0.154688 0.262500
28 0.355208 0.388542 0.083333 0.107639
12 0.376563 0.536806 0.125000 0.136111
11 0.504427 0.501389 0.138021 0.148611
26 0.560417 0.324306 0.116667 0.175000
9 0.579948 0.317361 0.074479 0.101389
5 0.716927 0.250694 0.303646 0.227778
1 0.787760 0.314931 0.178646 0.346528
13 0.701562 0.527778 0.060417 0.113889
10 0.630208 0.503819 0.122917 0.143750
2 0.643750 0.714236 0.058333 0.254861
3 0.614062 0.732292 0.090625 0.243750
14 0.403125 0.619097 0.043750 0.096528
19 0.398438 0.651736 0.043750 0.068750
16 0.164062 0.726736 0.019792 0.018750
16 0.164323 0.746528 0.013021 0.022222
16 0.177344 0.738194 0.013021 0.026389
16 0.190625 0.731944 0.013542 0.027778
16 0.204687 0.726736 0.014583 0.029861
16 0.218229 0.722917 0.016667 0.022222
16 0.223958 0.702083 0.018750 0.022222
16 0.175260 0.797222 0.018229 0.023611
16 0.226302 0.772917 0.016146 0.026389
16 0.336198 0.689236 0.020313 0.020139
16 0.359115 0.674653 0.020313 0.020139
16 0.364323 0.692014 0.020313 0.020139
31 0.350521 0.642361 0.014583 0.030556
18 0.353906 0.791667 0.080729 0.016667
18 0.231250 0.854514 0.073958 0.049306
34 0.110156 0.979167 0.123438 0.041667
17 0.282031 0.878819 0.073438 0.050694
17 0.288802 0.904167 0.081771 0.051389
17 0.296875 0.928125 0.082292 0.052083
17 0.305469 0.953472 0.082812 0.051389
17 0.313542 0.975347 0.083333 0.047917
17 0.355729 0.993403 0.021875 0.011806
22 0.307812 0.919097 0.141667 0.160417
4 0.514323 0.702778 0.188021 0.197222
