27 0.462500 0.246759 0.090625 0.189815
7 0.371094 0.348148 0.004687 0.027778
24 0.281510 0.275000 0.063021 0.064815
22 0.326042 0.255093 0.030208 0.058333
30 0.373437 0.309722 0.028125 0.047222
3 0.370573 0.261574 0.018229 0.175000
1 0.358854 0.249537 0.061458 0.158333
16 0.374479 0.356944 0.009375 0.026852
16 0.358854 0.467593 0.008333 0.014815
16 0.351823 0.474074 0.007812 0.012963
16 0.351562 0.456481 0.008333 0.012963
31 0.370052 0.454167 0.009896 0.017593
21 0.352604 0.460185 0.055208 0.103704
29 0.377604 0.393981 0.023958 0.097222
0 0.331771 0.347222 0.085417 0.059259
14 0.393490 0.415741 0.025521 0.098148
19 0.399740 0.440278 0.025521 0.076852
16 0.445833 0.242130 0.006250 0.013889
13 0.438802 0.375000 0.064062 0.103704
28 0.500781 0.384722 0.048438 0.084259
17 0.487760 0.342130 0.030729 0.021296
2 0.365365 0.565278 0.096354 0.154630
4 0.377604 0.612500 0.145833 0.086111
5 0.365104 0.669907 0.151042 0.137963
11 0.459896 0.481481 0.105208 0.194444
10 0.497917 0.594907 0.077083 0.184259
13 0.447656 0.734722 0.073438 0.175000
12 0.616667 0.588426 0.095833 0.160185
26 0.576823 0.467593 0.084896 0.183333
