12 0.499479 0.731019 0.101042 0.210185
26 0.539844 0.583333 0.122396 0.222222
11 0.454427 0.584259 0.106771 0.181481
13 0.366667 0.540741 0.085417 0.135185
5 0.403125 0.457407 0.104167 0.112963
4 0.452083 0.449074 0.059375 0.116667
3 0.470573 0.427315 0.059896 0.080556
2 0.418490 0.383333 0.104688 0.051852
10 0.543490 0.473611 0.124479 0.113889
28 0.644531 0.489352 0.063021 0.102778
29 0.584896 0.434259 0.044792 0.092593
14 0.542969 0.371296 0.026562 0.109259
19 0.538802 0.398148 0.020313 0.061111
13 0.608333 0.355556 0.062500 0.103704
16 0.506250 0.365741 0.005208 0.009259
16 0.513021 0.354630 0.006250 0.009259
31 0.517448 0.371759 0.008854 0.019444
16 0.520833 0.323148 0.007292 0.014815
16 0.532552 0.304630 0.005729 0.012963
16 0.539323 0.313426 0.005729 0.010185
16 0.542969 0.308333 0.006771 0.007407
16 0.545052 0.303241 0.006771 0.008333
16 0.547656 0.300463 0.006771 0.008333
16 0.541146 0.293981 0.008333 0.012037
16 0.551302 0.298611 0.008854 0.012037
16 0.559896 0.303241 0.008333 0.012037
21 0.527083 0.351389 0.076042 0.108333
24 0.487240 0.331944 0.063021 0.075000
25 0.521354 0.278241 0.051042 0.056481
14 0.591146 0.272222 0.026042 0.105556
19 0.581510 0.304167 0.021354 0.071296
17 0.687760 0.446759 0.016146 0.047222
27 0.702865 0.369444 0.093229 0.146296
30 0.645312 0.311111 0.032292 0.053704
22 0.679688 0.254630 0.058333 0.061111
1 0.496354 0.219444 0.084375 0.070370
0 0.538021 0.190741 0.058333 0.051852
34 0.557292 0.193981 0.019792 0.039815
