24 0.115885 0.305556 0.119271 0.169444
23 0.199219 0.161806 0.132812 0.102778
16 0.272917 0.143403 0.019792 0.028472
29 0.280729 0.177778 0.070833 0.195833
30 0.360677 0.214236 0.078646 0.082639
14 0.444010 0.160069 0.046354 0.122917
19 0.434896 0.201736 0.048958 0.099306
16 0.438281 0.005556 0.010937 0.011111
17 0.527865 0.056597 0.067187 0.036806
27 0.512500 0.088194 0.154167 0.176389
28 0.685677 0.192708 0.082812 0.109028
26 0.868229 0.285764 0.133333 0.177083
11 0.780469 0.396875 0.127604 0.182639
10 0.864062 0.487847 0.120833 0.167361
13 0.912760 0.585417 0.083854 0.138889
13 0.535937 0.257292 0.131250 0.156250
12 0.656250 0.310069 0.127083 0.210417
14 0.693750 0.404514 0.087500 0.095139
19 0.670573 0.427778 0.072396 0.084722
2 0.835417 0.586111 0.044792 0.055556
3 0.803646 0.580208 0.048958 0.072917
5 0.743229 0.645486 0.084375 0.281250
16 0.428906 0.352431 0.024479 0.020139
16 0.425521 0.373264 0.015625 0.022917
16 0.440625 0.371875 0.014583 0.025694
16 0.456250 0.373264 0.015625 0.027083
16 0.470833 0.378472 0.013542 0.029167
16 0.486719 0.382292 0.020313 0.021528
16 0.499740 0.369097 0.021354 0.024306
16 0.418229 0.425694 0.021875 0.026389
16 0.605208 0.431944 0.020833 0.023611
16 0.628906 0.434375 0.021354 0.018750
16 0.629167 0.453819 0.018750 0.025694
31 0.631510 0.397917 0.019271 0.029167
21 0.516667 0.424306 0.233333 0.141667
18 0.558073 0.515625 0.077604 0.034028
17 0.463021 0.506944 0.091667 0.034722
17 0.458854 0.533681 0.091667 0.035417
17 0.455208 0.560764 0.092708 0.034028
17 0.451562 0.588542 0.093750 0.032639
22 0.455729 0.580903 0.109375 0.204861
16 0.497135 0.654514 0.068229 0.045139
8 0.510417 0.669792 0.018750 0.014583
4 0.733333 0.678819 0.446875 0.167361
1 0.832292 0.757292 0.285417 0.302083
0 0.420312 0.726042 0.206250 0.285417
34 0.258333 0.571875 0.162500 0.038194
