14 0.448177 0.620486 0.015104 0.088194
28 0.677083 0.557639 0.091667 0.118056
34 0.148177 0.631597 0.066146 0.135417
24 0.308594 0.469444 0.108854 0.088889
30 0.293750 0.540625 0.055208 0.065972
16 0.550260 0.428819 0.017188 0.021528
31 0.559635 0.486111 0.016146 0.061111
17 0.671094 0.420833 0.022396 0.015278
27 0.550000 0.437847 0.143750 0.327083
0 0.468229 0.358333 0.117708 0.177778
1 0.636198 0.426042 0.126562 0.261806
19 0.449219 0.649653 0.038021 0.082639
26 0.817448 0.526389 0.149479 0.225000
14 0.807031 0.653472 0.034896 0.044444
22 0.936198 0.542361 0.083854 0.118056
29 0.988281 0.569444 0.023438 0.118056
13 0.962240 0.710069 0.075521 0.143750
10 0.968229 0.853472 0.063542 0.150000
11 0.925260 0.804514 0.149479 0.270139
16 0.523698 0.806250 0.022396 0.025000
16 0.539062 0.811806 0.015625 0.033333
16 0.552344 0.814236 0.016146 0.032639
16 0.507552 0.882986 0.016146 0.034028
16 0.621615 0.852431 0.019271 0.027083
16 0.635938 0.855903 0.014583 0.032639
16 0.666146 0.844097 0.016667 0.031250
16 0.647656 0.881944 0.020313 0.027778
16 0.582552 0.903819 0.023438 0.024306
16 0.669271 0.923958 0.016667 0.029861
21 0.597656 0.870139 0.217188 0.150000
2 0.940365 0.969792 0.034896 0.060417
