26 0.645052 0.134722 0.129688 0.181944
11 0.589063 0.288889 0.140625 0.156944
10 0.702865 0.322917 0.125521 0.161111
12 0.461458 0.298264 0.136458 0.153472
13 0.780469 0.380556 0.096354 0.138889
14 0.495573 0.376389 0.065104 0.115278
2 0.704948 0.530556 0.049479 0.254167
3 0.674219 0.540278 0.075521 0.254167
4 0.576562 0.485069 0.169792 0.221528
5 0.533333 0.603125 0.229167 0.177083
18 0.407552 0.551042 0.056771 0.020139
16 0.412500 0.443403 0.017708 0.025694
16 0.440625 0.430903 0.019792 0.020139
16 0.444792 0.450694 0.021875 0.030556
31 0.431510 0.397569 0.019271 0.035417
19 0.481510 0.408681 0.063021 0.096528
17 0.232292 0.125347 0.067708 0.074306
13 0.311458 0.270139 0.162500 0.272222
27 0.224219 0.132292 0.158854 0.264583
16 0.147656 0.120139 0.014063 0.023611
14 0.167969 0.286806 0.053646 0.123611
19 0.191667 0.322569 0.064583 0.107639
30 0.130990 0.381250 0.085938 0.108333
29 0.048177 0.395486 0.057813 0.224306
16 0.026562 0.365278 0.021875 0.020833
23 0.013802 0.407292 0.027604 0.124306
16 0.222656 0.468750 0.025521 0.023611
16 0.222656 0.487847 0.017188 0.031250
16 0.237500 0.480556 0.020833 0.031944
16 0.252865 0.475347 0.019271 0.031250
16 0.268750 0.469444 0.018750 0.030556
16 0.285417 0.465972 0.023958 0.023611
16 0.293229 0.445139 0.025000 0.026389
16 0.233594 0.542014 0.024479 0.025694
16 0.291927 0.521181 0.021354 0.032639
21 0.336979 0.484028 0.251042 0.175000
18 0.266146 0.610417 0.036458 0.033333
34 0.104167 0.768056 0.069792 0.047222
0 0.208854 0.704167 0.157292 0.204167
17 0.289062 0.650694 0.032292 0.023611
17 0.297396 0.678472 0.035417 0.025000
17 0.309115 0.705208 0.054688 0.034028
17 0.321354 0.728472 0.065625 0.038889
17 0.332292 0.755903 0.071875 0.046528
17 0.357552 0.788889 0.083854 0.054167
22 0.339062 0.730208 0.142708 0.202083
1 0.361458 0.627431 0.181250 0.265972
28 0.437500 0.157292 0.088542 0.107639
