2 0.652604 0.513542 0.269792 0.100694
0 0.503385 0.556597 0.117188 0.238194
16 0.563281 0.631250 0.014063 0.022222
22 0.320833 0.329167 0.096875 0.131944
30 0.469792 0.401736 0.071875 0.089583
16 0.597656 0.254514 0.014063 0.021528
17 0.658854 0.357986 0.043750 0.031250
27 0.591406 0.261111 0.148438 0.262500
28 0.724219 0.412153 0.074479 0.100694
34 0.354948 0.605208 0.141146 0.057639
13 0.597135 0.439583 0.110937 0.086111
29 0.704167 0.494792 0.109375 0.061806
16 0.538281 0.622917 0.018229 0.025000
16 0.551823 0.627778 0.014063 0.025000
16 0.545312 0.594444 0.015625 0.025000
16 0.535156 0.654167 0.020313 0.022222
16 0.576562 0.636806 0.016667 0.020833
16 0.588281 0.640972 0.017188 0.020833
16 0.560156 0.665625 0.020313 0.022917
16 0.617448 0.685764 0.015104 0.024306
6 0.816667 0.531597 0.062500 0.020139
14 0.738542 0.554861 0.094792 0.113889
19 0.710938 0.584028 0.058333 0.058333
1 0.641667 0.586458 0.183333 0.288194
26 0.882552 0.489931 0.118229 0.159028
12 0.903385 0.559722 0.075521 0.081944
10 0.814583 0.558681 0.106250 0.186806
11 0.873958 0.660417 0.102083 0.147222
3 0.787240 0.687847 0.048438 0.115972
4 0.817187 0.712847 0.054167 0.120139
5 0.831250 0.758681 0.042708 0.104861
13 0.901563 0.788194 0.090625 0.141667
24 0.555208 0.805556 0.143750 0.154167
25 0.654687 0.797917 0.084375 0.176389
21 0.600260 0.651736 0.177604 0.132639
