0 0.548438 0.717361 0.222917 0.297222
21 0.563021 0.663542 0.230208 0.199306
2 0.830469 0.847569 0.039062 0.047917
34 0.125781 0.348264 0.083854 0.125694
30 0.301302 0.289236 0.076563 0.081250
24 0.314583 0.227083 0.118750 0.104167
16 0.565365 0.236458 0.018229 0.017361
16 0.493229 0.571875 0.021875 0.022917
16 0.505729 0.579167 0.015625 0.031944
16 0.519271 0.583681 0.015625 0.028472
16 0.468750 0.639583 0.017708 0.030556
16 0.621615 0.647917 0.011979 0.022222
16 0.654167 0.664583 0.014583 0.029167
16 0.666146 0.669792 0.015625 0.025694
16 0.677344 0.675347 0.017188 0.029861
16 0.622917 0.707292 0.067708 0.035417
7 0.639583 0.721181 0.094792 0.038194
17 0.652344 0.271875 0.054688 0.038194
14 0.435677 0.369792 0.043229 0.114583
14 0.737240 0.536806 0.102604 0.125000
19 0.704167 0.577431 0.070833 0.079861
19 0.428906 0.407986 0.046354 0.092361
27 0.557813 0.242361 0.161458 0.320833
28 0.658333 0.396181 0.092708 0.122917
26 0.788802 0.412847 0.148438 0.204861
22 0.888802 0.484722 0.064062 0.125000
29 0.943229 0.553125 0.037500 0.139583
12 0.956250 0.666667 0.064583 0.102778
13 0.898698 0.639236 0.091146 0.136806
11 0.822656 0.700694 0.197396 0.275000
5 0.947656 0.964236 0.046354 0.072917
3 0.834375 0.789931 0.330208 0.135417
1 0.904687 0.845139 0.190625 0.275000
13 0.992708 0.688889 0.014583 0.054167
