34 0.163281 0.493056 0.043229 0.120833
30 0.292708 0.382986 0.062500 0.054861
29 0.370573 0.271875 0.120313 0.050694
17 0.581250 0.244097 0.053125 0.013194
16 0.507031 0.253819 0.014063 0.015972
16 0.506510 0.438542 0.017188 0.018750
16 0.517448 0.440625 0.011979 0.022917
16 0.529427 0.442014 0.011979 0.022917
16 0.584115 0.448958 0.015104 0.021528
16 0.597656 0.449653 0.011979 0.022917
16 0.609375 0.452778 0.014583 0.022222
16 0.619531 0.452778 0.015104 0.020833
16 0.500000 0.489236 0.017708 0.018750
16 0.651563 0.457639 0.012500 0.022222
16 0.663281 0.459722 0.010937 0.022222
16 0.675000 0.461458 0.017708 0.020139
16 0.631250 0.505556 0.014583 0.020833
31 0.596615 0.498958 0.016146 0.024306
21 0.585156 0.493056 0.198437 0.101389
27 0.492708 0.251736 0.122917 0.271528
28 0.607031 0.338889 0.078646 0.101389
26 0.723437 0.294792 0.115625 0.188194
14 0.433333 0.436806 0.041667 0.105556
19 0.444531 0.468056 0.046354 0.087500
14 0.741667 0.430903 0.067708 0.140972
19 0.720833 0.478819 0.056250 0.085417
22 0.902083 0.368403 0.068750 0.110417
12 0.964063 0.464931 0.071875 0.113194
13 0.897135 0.454514 0.091146 0.134028
11 0.919010 0.596181 0.161979 0.268750
10 0.826823 0.504861 0.131771 0.177778
4 0.976302 0.626389 0.047396 0.197222
2 0.767188 0.718056 0.157292 0.197222
3 0.772396 0.776042 0.173958 0.157639
16 0.541146 0.640972 0.026042 0.056944
24 0.616927 0.710417 0.130729 0.126389
25 0.425781 0.630208 0.133854 0.127083
0 0.504948 0.707639 0.126562 0.248611
1 0.744531 0.817014 0.099479 0.222917
