30 0.641667 0.304167 0.030208 0.043519
29 0.665365 0.281019 0.080729 0.054630
27 0.732292 0.350000 0.151042 0.185185
21 0.552865 0.343981 0.072396 0.102778
5 0.464583 0.365741 0.111458 0.090741
22 0.679167 0.250000 0.046875 0.048148
24 0.632552 0.225463 0.055729 0.052778
17 0.697656 0.333796 0.023438 0.050926
14 0.644271 0.295370 0.023958 0.092593
19 0.638802 0.320833 0.023438 0.065741
28 0.645833 0.488889 0.062500 0.100000
13 0.624740 0.363426 0.098437 0.106481
12 0.566927 0.416667 0.077604 0.109259
16 0.565625 0.290741 0.006250 0.012963
16 0.555729 0.304167 0.007292 0.012037
16 0.580469 0.293519 0.005729 0.007407
16 0.585417 0.299537 0.006250 0.012037
16 0.578125 0.298611 0.006250 0.008333
16 0.572135 0.307870 0.006771 0.010185
16 0.569531 0.312963 0.005729 0.009259
16 0.572917 0.318981 0.005208 0.008333
16 0.540365 0.350463 0.006771 0.010185
31 0.545573 0.367130 0.008854 0.023148
11 0.521615 0.499074 0.090104 0.159259
10 0.440885 0.539352 0.093229 0.169444
22 0.506250 0.311574 0.048958 0.037963
0 0.545312 0.252778 0.038542 0.075926
1 0.518490 0.287963 0.067187 0.081481
19 0.526823 0.381019 0.018229 0.060185
18 0.509896 0.357870 0.021875 0.025000
4 0.471094 0.413426 0.116146 0.028704
13 0.350260 0.611574 0.090104 0.141667
26 0.551042 0.593519 0.127083 0.227778
17 0.496615 0.298148 0.008854 0.009259
17 0.502344 0.300000 0.007812 0.012963
17 0.508333 0.305093 0.010417 0.013889
17 0.515625 0.306481 0.009375 0.012963
17 0.522396 0.306944 0.007292 0.015741
14 0.528125 0.357407 0.019792 0.090741
16 0.575000 0.303704 0.006250 0.011111
2 0.391927 0.456944 0.055729 0.080556
3 0.411719 0.444907 0.077604 0.071296
