34 0.183073 0.471296 0.014063 0.146296
24 0.263021 0.254630 0.083333 0.105556
30 0.279948 0.334259 0.052604 0.062963
27 0.420833 0.161574 0.111458 0.319444
1 0.459375 0.223148 0.089583 0.164815
0 0.414323 0.324537 0.069271 0.176852
14 0.379427 0.378704 0.033854 0.048148
19 0.391406 0.392593 0.026562 0.050000
28 0.523958 0.248611 0.056250 0.108333
17 0.503125 0.089815 0.047917 0.012963
26 0.617188 0.219907 0.092708 0.217593
16 0.450000 0.478704 0.007292 0.022222
16 0.458073 0.478704 0.008854 0.022222
16 0.465885 0.475463 0.007812 0.023148
16 0.452344 0.533796 0.008854 0.021296
16 0.503646 0.484259 0.010417 0.022222
16 0.511719 0.483796 0.008854 0.019444
16 0.490885 0.526389 0.010937 0.019444
21 0.489063 0.501389 0.086458 0.076852
22 0.758333 0.150000 0.070833 0.153704
29 0.838542 0.180556 0.033333 0.200000
13 0.922396 0.368519 0.087500 0.118519
12 0.840885 0.355556 0.093229 0.120370
13 0.760938 0.352778 0.095833 0.138889
5 0.860156 0.586574 0.056771 0.234259
4 0.823177 0.549074 0.039062 0.237037
10 0.766146 0.492593 0.109375 0.127778
2 0.704427 0.660185 0.038021 0.214815
11 0.672656 0.457407 0.136979 0.227778
14 0.603125 0.415741 0.033333 0.048148
19 0.590625 0.425926 0.025000 0.048148
3 0.595313 0.617130 0.121875 0.054630
