22 0.311458 0.340625 0.105208 0.149306
30 0.474219 0.431250 0.079687 0.097222
16 0.610417 0.279861 0.013542 0.020833
27 0.601042 0.286458 0.160417 0.272917
17 0.663021 0.388542 0.043750 0.031250
28 0.726823 0.447569 0.073438 0.102083
34 0.348958 0.653125 0.150000 0.061806
14 0.551562 0.532639 0.058333 0.116667
24 0.569792 0.825694 0.140625 0.150000
25 0.658594 0.846528 0.085938 0.175000
16 0.555990 0.644444 0.016146 0.029167
16 0.613802 0.665625 0.014063 0.028472
16 0.551042 0.675000 0.016667 0.029167
16 0.564063 0.680208 0.013542 0.027083
16 0.576042 0.684375 0.014583 0.025694
16 0.588021 0.688889 0.015625 0.020833
16 0.600000 0.694097 0.015625 0.021528
16 0.546094 0.712847 0.018229 0.021528
16 0.571875 0.720486 0.019792 0.022917
16 0.628646 0.739236 0.016667 0.022917
21 0.607031 0.704861 0.175521 0.140278
0 0.508073 0.611458 0.138021 0.222917
1 0.646094 0.578472 0.205729 0.281944
29 0.723177 0.547569 0.096354 0.088194
14 0.759115 0.596181 0.073438 0.088194
26 0.873958 0.534375 0.117708 0.156250
12 0.888542 0.602083 0.071875 0.072222
10 0.810937 0.598264 0.102083 0.185417
3 0.787760 0.698264 0.038021 0.049306
4 0.815365 0.727778 0.042188 0.066667
11 0.862760 0.699653 0.097396 0.139583
13 0.886719 0.823611 0.081771 0.134722
