13 0.257812 0.198611 0.037500 0.071296
12 0.272917 0.218519 0.040625 0.064815
13 0.295833 0.237963 0.042708 0.046296
29 0.206250 0.268519 0.080208 0.068519
22 0.214844 0.315278 0.074479 0.080556
5 0.341927 0.181944 0.077604 0.058333
10 0.340365 0.204630 0.046354 0.074074
11 0.346615 0.247222 0.054688 0.103704
3 0.454948 0.279167 0.033854 0.049074
16 0.404167 0.307407 0.006250 0.012963
16 0.408854 0.311574 0.007292 0.012037
16 0.411198 0.315741 0.007812 0.011111
16 0.422396 0.324074 0.007292 0.012963
16 0.427083 0.326852 0.006250 0.014815
16 0.434896 0.325463 0.006250 0.012037
16 0.439844 0.330093 0.005729 0.010185
16 0.436719 0.305556 0.008854 0.011111
16 0.460156 0.326389 0.008854 0.013889
16 0.454167 0.353704 0.007292 0.011111
16 0.459115 0.357407 0.006771 0.011111
21 0.436198 0.335648 0.072396 0.080556
16 0.375260 0.425926 0.022396 0.033333
26 0.283594 0.325000 0.082812 0.161111
17 0.266406 0.500463 0.022396 0.056481
1 0.351302 0.360185 0.063021 0.146296
27 0.334375 0.460648 0.150000 0.187963
14 0.460677 0.411574 0.022396 0.099074
19 0.464323 0.441667 0.026562 0.077778
0 0.425000 0.444444 0.058333 0.131481
24 0.487760 0.658333 0.099479 0.157407
30 0.510938 0.577315 0.054167 0.093519
34 0.670833 0.587963 0.028125 0.033333
28 0.323177 0.407407 0.025521 0.062963
