0 0.293490 0.331481 0.047396 0.142593
14 0.418750 0.356944 0.029167 0.119444
5 0.508594 0.887963 0.175521 0.222222
4 0.503385 0.790278 0.141146 0.212037
13 0.685156 0.789352 0.116146 0.204630
12 0.613802 0.659722 0.100521 0.186111
2 0.358854 0.681019 0.130208 0.169444
10 0.485417 0.622222 0.083333 0.198148
13 0.552865 0.561111 0.073438 0.146296
11 0.444531 0.495833 0.108854 0.206481
29 0.690104 0.584259 0.080208 0.120370
22 0.634635 0.485185 0.079687 0.122222
19 0.420573 0.398611 0.025521 0.078704
16 0.371354 0.421296 0.008333 0.014815
16 0.369271 0.414352 0.011458 0.010185
16 0.366667 0.407870 0.011458 0.010185
16 0.353385 0.393981 0.009896 0.012037
16 0.349740 0.387037 0.008854 0.009259
16 0.347656 0.380093 0.008854 0.012037
16 0.345313 0.375926 0.007292 0.009259
16 0.340104 0.347222 0.011458 0.012963
16 0.338021 0.340278 0.010417 0.010185
16 0.335417 0.335185 0.010417 0.009259
16 0.322396 0.375463 0.011458 0.012037
16 0.327865 0.392593 0.008854 0.014815
31 0.303646 0.343056 0.016667 0.043519
7 0.295573 0.332870 0.010937 0.021296
21 0.345052 0.406019 0.071354 0.128704
3 0.259896 0.249537 0.067708 0.163889
1 0.251042 0.280093 0.072917 0.202778
28 0.454427 0.326389 0.036979 0.076852
26 0.499740 0.334259 0.090104 0.164815
16 0.429427 0.216667 0.009896 0.012963
27 0.440104 0.220370 0.086458 0.200000
24 0.370052 0.207870 0.052604 0.060185
30 0.347135 0.225463 0.032813 0.045370
14 0.353646 0.254167 0.025000 0.087963
19 0.358854 0.276389 0.025000 0.069444
34 0.284115 0.208333 0.036979 0.024074
