34 0.283854 0.473611 0.055208 0.112500
30 0.432031 0.401042 0.063021 0.057639
29 0.515625 0.305208 0.122917 0.056250
17 0.723437 0.326389 0.050000 0.022222
16 0.665104 0.324653 0.014583 0.014583
16 0.744271 0.535069 0.011458 0.010417
16 0.754167 0.541319 0.012500 0.017361
16 0.783073 0.555208 0.011979 0.021528
16 0.793490 0.560417 0.009896 0.022222
16 0.803646 0.563194 0.015625 0.020833
21 0.713542 0.575000 0.184375 0.055556
27 0.641667 0.314583 0.118750 0.263889
28 0.746354 0.428472 0.078125 0.102778
26 0.860938 0.408333 0.123958 0.183333
14 0.864062 0.557986 0.083333 0.127083
19 0.838542 0.596181 0.060417 0.075694
13 0.978646 0.592014 0.042708 0.127083
11 0.971094 0.744097 0.057813 0.171528
10 0.921875 0.653125 0.120833 0.218750
24 0.715104 0.755556 0.121875 0.150000
25 0.591927 0.695833 0.064062 0.125000
2 0.661198 0.477431 0.246354 0.088194
1 0.646354 0.498611 0.151042 0.172222
0 0.561198 0.568750 0.092188 0.179167
22 0.989323 0.495486 0.021354 0.089583
3 0.933594 0.778472 0.041146 0.052778
