27 0.306510 0.453241 0.170313 0.195370
29 0.484375 0.518519 0.084375 0.129630
13 0.340885 0.172222 0.040104 0.055556
10 0.338542 0.200926 0.042708 0.077778
11 0.341146 0.268519 0.055208 0.109259
26 0.254427 0.236574 0.078646 0.147222
28 0.297656 0.365741 0.057813 0.083333
12 0.371354 0.311574 0.048958 0.097222
13 0.384896 0.370370 0.111458 0.105556
2 0.407813 0.212037 0.081250 0.035185
3 0.416406 0.223148 0.073438 0.050000
14 0.405208 0.262963 0.019792 0.092593
19 0.408854 0.285648 0.018750 0.069444
5 0.455729 0.258333 0.035417 0.083333
16 0.426042 0.294907 0.008333 0.013889
16 0.430469 0.289815 0.006771 0.012963
16 0.434115 0.299537 0.007812 0.010185
16 0.453125 0.339815 0.007292 0.011111
16 0.460938 0.338426 0.006250 0.008333
16 0.465625 0.344444 0.006250 0.011111
16 0.470833 0.349074 0.006250 0.011111
16 0.474479 0.353704 0.005208 0.011111
16 0.473438 0.363426 0.006250 0.012037
16 0.479687 0.358333 0.007292 0.011111
16 0.475260 0.328241 0.009896 0.012037
16 0.492448 0.345833 0.009896 0.012037
31 0.416406 0.300000 0.007812 0.018519
21 0.456250 0.343056 0.088542 0.106481
18 0.461458 0.307870 0.011458 0.028704
18 0.504687 0.350926 0.018750 0.011111
1 0.490104 0.280093 0.056250 0.125000
14 0.425000 0.392130 0.025000 0.100926
19 0.429427 0.424074 0.026562 0.077778
30 0.462240 0.460648 0.047396 0.076852
17 0.505469 0.320370 0.008854 0.011111
17 0.510156 0.313426 0.008854 0.010185
17 0.514844 0.306019 0.011979 0.013889
17 0.519271 0.299537 0.018750 0.017593
17 0.523438 0.293056 0.025000 0.023148
17 0.533333 0.287500 0.027083 0.023148
22 0.521615 0.312037 0.049479 0.066667
0 0.539844 0.332407 0.063021 0.079630
34 0.575260 0.382407 0.049479 0.051852
24 0.606250 0.531019 0.088542 0.130556
16 0.486979 0.515278 0.010417 0.034259
22 0.529167 0.586111 0.098958 0.144444
17 0.335677 0.406019 0.045312 0.019444
16 0.306771 0.620370 0.016667 0.050000
4 0.414844 0.260648 0.052604 0.082407
