7 0.534635 0.740972 0.086979 0.040278
0 0.452604 0.737500 0.235417 0.280556
22 0.233333 0.154861 0.101042 0.125000
34 0.269792 0.414583 0.143750 0.043056
30 0.387760 0.212847 0.076563 0.086806
16 0.533333 0.075694 0.018750 0.015278
27 0.516667 0.101389 0.154167 0.202778
17 0.589323 0.171875 0.048438 0.028472
28 0.658594 0.225347 0.077604 0.103472
22 0.523177 0.270833 0.114062 0.147222
29 0.643750 0.310764 0.135417 0.085417
16 0.464062 0.389583 0.015625 0.026389
16 0.526042 0.410069 0.015625 0.027083
16 0.457552 0.417361 0.015104 0.022222
16 0.471615 0.421528 0.016146 0.026389
16 0.485417 0.425694 0.015625 0.025000
16 0.497656 0.431944 0.014063 0.022222
16 0.510417 0.435417 0.016667 0.023611
16 0.453646 0.453125 0.025000 0.024306
16 0.543229 0.480903 0.017708 0.024306
16 0.615365 0.474653 0.017188 0.021528
31 0.638281 0.447917 0.017188 0.026389
16 0.635677 0.480208 0.018229 0.018750
16 0.634375 0.497569 0.018750 0.021528
21 0.535156 0.459375 0.208854 0.152083
14 0.459635 0.307639 0.052604 0.122222
14 0.667969 0.350694 0.091146 0.127778
19 0.447917 0.337847 0.053125 0.095139
19 0.640885 0.392014 0.066146 0.082639
24 0.480990 0.607292 0.145313 0.153472
25 0.592187 0.601736 0.093750 0.182639
2 0.683594 0.538542 0.052604 0.254861
4 0.746615 0.581944 0.081771 0.223611
5 0.758854 0.641667 0.081250 0.236111
3 0.765625 0.776736 0.408333 0.154861
16 0.523698 0.728125 0.069271 0.045139
1 0.850781 0.838194 0.276562 0.283333
13 0.845313 0.610069 0.093750 0.143750
11 0.831771 0.449306 0.136458 0.213889
10 0.754687 0.390278 0.115625 0.148611
26 0.823958 0.300000 0.121875 0.140278
