0 0.345573 0.695370 0.061979 0.168519
34 0.368490 0.619907 0.036979 0.071296
1 0.463542 0.694444 0.118750 0.157407
25 0.424219 0.651852 0.072396 0.109259
24 0.521354 0.635185 0.073958 0.094444
2 0.625260 0.675463 0.104688 0.147222
3 0.640104 0.531481 0.057292 0.211111
4 0.666406 0.554167 0.076563 0.217593
5 0.687240 0.616667 0.053646 0.233333
13 0.780469 0.564352 0.100521 0.147222
11 0.755729 0.410648 0.113542 0.147222
10 0.671094 0.330556 0.091146 0.190741
26 0.765104 0.241204 0.117708 0.204630
12 0.828906 0.251852 0.053646 0.109259
29 0.579167 0.337037 0.112500 0.050000
14 0.597917 0.417130 0.037500 0.056481
19 0.585156 0.431019 0.026562 0.050926
17 0.522656 0.168981 0.046354 0.028704
27 0.448698 0.174537 0.097396 0.195370
13 0.481510 0.363426 0.076563 0.110185
14 0.436458 0.449074 0.028125 0.061111
19 0.445573 0.461574 0.030729 0.049074
16 0.460938 0.507870 0.008333 0.023148
16 0.459375 0.532870 0.009375 0.019444
16 0.467708 0.532870 0.009375 0.021296
16 0.474479 0.531019 0.006250 0.021296
16 0.481771 0.532870 0.008333 0.019444
16 0.488542 0.532870 0.010417 0.019444
16 0.460417 0.560185 0.012500 0.018519
16 0.483594 0.556481 0.011979 0.018519
16 0.497917 0.505093 0.010417 0.023148
16 0.512500 0.558796 0.009375 0.021296
31 0.570833 0.500463 0.009375 0.023148
16 0.556771 0.529167 0.007292 0.013889
16 0.571875 0.527778 0.010417 0.011111
16 0.572135 0.540741 0.010937 0.018519
21 0.515365 0.530556 0.128646 0.077778
30 0.386979 0.346759 0.043750 0.056481
22 0.272135 0.331481 0.073438 0.150000
28 0.588802 0.200463 0.063021 0.117593
