34 0.179688 0.457986 0.048958 0.121528
30 0.323177 0.358681 0.064062 0.053472
29 0.402604 0.254167 0.123958 0.045833
16 0.550000 0.251389 0.014583 0.015278
16 0.544531 0.428125 0.016146 0.020139
16 0.555208 0.431597 0.011458 0.022917
16 0.566667 0.434028 0.011458 0.022222
16 0.619271 0.446181 0.014583 0.021528
16 0.631510 0.448611 0.011979 0.020833
16 0.642448 0.452778 0.013021 0.020833
16 0.652604 0.453819 0.013542 0.021528
16 0.682292 0.462847 0.011458 0.021528
16 0.692969 0.465625 0.009896 0.021528
16 0.703646 0.467361 0.016667 0.019444
16 0.539323 0.477083 0.014063 0.020833
16 0.596875 0.493403 0.013542 0.021528
31 0.629167 0.497222 0.013542 0.022222
21 0.615625 0.491319 0.188542 0.111806
27 0.531510 0.247569 0.118229 0.268750
17 0.612240 0.251389 0.050521 0.018056
28 0.640104 0.345486 0.077083 0.099306
26 0.751823 0.313889 0.117188 0.179167
14 0.488802 0.428472 0.038021 0.106944
19 0.488281 0.460764 0.040104 0.082639
14 0.762240 0.453819 0.072396 0.132639
19 0.739323 0.497222 0.057813 0.084722
22 0.907552 0.400347 0.061979 0.107639
12 0.965885 0.498958 0.068229 0.115972
13 0.902604 0.479167 0.084375 0.125000
11 0.915365 0.621181 0.116146 0.170139
10 0.829167 0.540278 0.127083 0.206944
4 0.976562 0.664583 0.046875 0.215278
3 0.852344 0.759375 0.055729 0.246528
2 0.794531 0.728472 0.098437 0.241667
24 0.638281 0.643056 0.099479 0.119444
25 0.465625 0.572569 0.109375 0.153472
1 0.555208 0.621875 0.197917 0.247917
0 0.339583 0.676042 0.156250 0.307639
