34 0.646094 0.237963 0.046354 0.029630
24 0.707031 0.306944 0.039062 0.067593
30 0.670833 0.287500 0.026042 0.030556
14 0.629167 0.283796 0.018750 0.043519
0 0.622396 0.361574 0.054167 0.037963
27 0.702865 0.365278 0.139063 0.182407
31 0.692969 0.362963 0.009896 0.046296
1 0.667448 0.327315 0.075521 0.075000
16 0.544531 0.375000 0.006771 0.011111
16 0.548698 0.371296 0.006771 0.007407
16 0.547396 0.381944 0.006250 0.008333
16 0.546094 0.389352 0.007812 0.008333
16 0.521094 0.382870 0.007812 0.013889
21 0.537240 0.404167 0.068229 0.080556
14 0.535417 0.429630 0.020833 0.092593
19 0.534375 0.457407 0.019792 0.074074
3 0.452865 0.416204 0.082812 0.089815
17 0.726042 0.507407 0.015625 0.057407
26 0.620313 0.488426 0.103125 0.189815
11 0.482031 0.503241 0.109896 0.132407
10 0.403906 0.584722 0.097396 0.178704
2 0.373177 0.491204 0.086979 0.056481
13 0.475000 0.660185 0.098958 0.153704
12 0.411458 0.781481 0.114583 0.211111
4 0.333333 0.681019 0.117708 0.132407
5 0.271615 0.711574 0.127604 0.182407
13 0.325521 0.903704 0.133333 0.192593
29 0.514844 0.926389 0.132812 0.147222
22 0.593750 0.801852 0.110417 0.177778
