34 0.088802 0.596181 0.068229 0.146528
24 0.261458 0.431250 0.115625 0.098611
30 0.259635 0.501736 0.075521 0.075694
16 0.484896 0.418403 0.028125 0.042361
31 0.571615 0.444792 0.041146 0.046528
27 0.496875 0.401389 0.140625 0.316667
17 0.573698 0.389583 0.023438 0.012500
28 0.597135 0.516319 0.044271 0.113194
1 0.631250 0.505903 0.138542 0.247917
26 0.740365 0.494097 0.129688 0.192361
19 0.656771 0.652431 0.014583 0.039583
14 0.727865 0.576042 0.056771 0.082639
22 0.836719 0.516667 0.069271 0.101389
29 0.894010 0.556597 0.051562 0.127083
13 0.972656 0.685417 0.054688 0.095833
13 0.870313 0.657292 0.084375 0.125694
12 0.929427 0.670833 0.069271 0.108333
5 0.971875 0.865972 0.046875 0.205556
4 0.939844 0.883333 0.027604 0.116667
10 0.899740 0.775347 0.107813 0.134028
2 0.854427 0.869097 0.036979 0.039583
11 0.836198 0.739583 0.128646 0.230556
0 0.503125 0.764583 0.117708 0.298611
3 0.659115 0.952431 0.088021 0.090972
16 0.663542 0.785069 0.009375 0.022917
16 0.653125 0.788542 0.019792 0.018750
16 0.619010 0.785417 0.015104 0.029167
16 0.607552 0.818403 0.018229 0.021528
16 0.618490 0.856944 0.019271 0.029167
16 0.593229 0.800694 0.015625 0.025000
16 0.580469 0.800694 0.018229 0.025000
16 0.554167 0.856250 0.025000 0.020833
21 0.600521 0.821875 0.162500 0.100694
19 0.403125 0.594444 0.045833 0.083333
14 0.404687 0.559028 0.042708 0.104167
