24 0.072135 0.243403 0.132812 0.207639
23 0.160938 0.061458 0.159375 0.122917
16 0.251823 0.019097 0.032813 0.038194
29 0.261198 0.092014 0.078646 0.184028
30 0.364583 0.095833 0.096875 0.097222
19 0.457031 0.071875 0.065104 0.129861
14 0.466406 0.051389 0.055729 0.102778
27 0.544792 0.022569 0.119792 0.045139
13 0.583854 0.140625 0.161458 0.188194
28 0.739583 0.072917 0.098958 0.131944
12 0.717708 0.205208 0.140625 0.249306
11 0.848958 0.307986 0.129167 0.202083
10 0.925000 0.410764 0.122917 0.177083
13 0.961458 0.520139 0.077083 0.145833
26 0.928906 0.191667 0.142187 0.197222
5 0.822135 0.560764 0.057813 0.261806
3 0.862240 0.585417 0.057813 0.230556
2 0.882031 0.588542 0.067187 0.204861
4 0.656250 0.694792 0.378125 0.217361
1 0.736719 0.717014 0.339062 0.335417
8 0.461719 0.633681 0.021354 0.014583
16 0.417969 0.655903 0.053646 0.050694
0 0.378125 0.752431 0.142708 0.286806
34 0.267188 0.555903 0.200000 0.043750
17 0.509896 0.449306 0.110417 0.036111
17 0.507031 0.481944 0.111979 0.034722
17 0.503906 0.515625 0.113021 0.031250
17 0.500521 0.548264 0.113542 0.031250
17 0.497917 0.581597 0.113542 0.029861
17 0.493750 0.631250 0.100000 0.029167
22 0.497917 0.534722 0.133333 0.236111
18 0.615365 0.448958 0.088021 0.035417
19 0.739844 0.344792 0.088021 0.095139
14 0.771094 0.320139 0.110937 0.101389
31 0.697917 0.311806 0.023958 0.036111
16 0.668490 0.351736 0.022396 0.027083
16 0.696354 0.356250 0.025000 0.025000
16 0.696615 0.377083 0.023438 0.030556
16 0.548698 0.280556 0.026562 0.031944
16 0.534115 0.300694 0.028646 0.030556
16 0.514583 0.293056 0.020833 0.038889
16 0.495573 0.289931 0.022396 0.040972
16 0.478385 0.288194 0.021354 0.038889
16 0.461458 0.263194 0.030208 0.026389
16 0.460938 0.287153 0.022917 0.034028
16 0.454427 0.355556 0.029687 0.031944
21 0.563281 0.341319 0.269271 0.163194
