5 0.961458 0.954514 0.048958 0.084028
2 0.836719 0.836111 0.031771 0.054167
21 0.571615 0.643750 0.228646 0.198611
34 0.144531 0.340625 0.081771 0.121528
24 0.327604 0.224306 0.115625 0.098611
30 0.314323 0.282639 0.074479 0.077778
16 0.554427 0.267014 0.029687 0.047917
17 0.657292 0.263889 0.054167 0.037500
14 0.443750 0.353819 0.041667 0.113194
19 0.438021 0.392014 0.044792 0.090972
28 0.663802 0.383333 0.091146 0.120833
26 0.793750 0.396875 0.145833 0.203472
27 0.567187 0.234375 0.160417 0.310417
16 0.501042 0.550694 0.021875 0.023611
16 0.513802 0.557639 0.015104 0.030556
16 0.527344 0.562500 0.015104 0.027778
16 0.477083 0.615625 0.016667 0.029861
16 0.588802 0.618056 0.014063 0.020833
16 0.598177 0.623958 0.018229 0.024306
16 0.626302 0.622222 0.017188 0.029167
16 0.660417 0.641667 0.015625 0.029167
16 0.672917 0.649306 0.013542 0.029167
16 0.685417 0.654861 0.014583 0.029167
16 0.607552 0.649653 0.019271 0.021528
16 0.623698 0.697222 0.016146 0.030556
31 0.586719 0.680208 0.044271 0.050694
7 0.653906 0.710417 0.097396 0.036111
14 0.742188 0.517361 0.100000 0.127778
19 0.709375 0.558681 0.069792 0.081250
22 0.897396 0.472917 0.064583 0.123611
29 0.953385 0.541319 0.038021 0.138194
12 0.969010 0.649653 0.061979 0.096528
13 0.907813 0.625000 0.092708 0.138889
11 0.830990 0.683681 0.198437 0.277083
3 0.843229 0.769444 0.313542 0.116667
1 0.907031 0.830556 0.185938 0.288889
0 0.528125 0.710069 0.173958 0.299306
