22 0.525000 0.584722 0.092708 0.154630
30 0.453646 0.462037 0.046875 0.077778
13 0.409635 0.376852 0.073438 0.112963
27 0.339583 0.465278 0.105208 0.175000
28 0.296875 0.365278 0.057292 0.084259
29 0.354687 0.336111 0.048958 0.081481
19 0.469010 0.362500 0.024479 0.076852
14 0.460938 0.323148 0.030208 0.101852
14 0.380729 0.257407 0.031250 0.111111
19 0.390625 0.288889 0.025000 0.072222
10 0.325521 0.269907 0.088542 0.113889
26 0.262500 0.232407 0.075000 0.146296
12 0.237500 0.245370 0.026042 0.062963
11 0.321875 0.209722 0.044792 0.065741
13 0.366927 0.186574 0.039062 0.075000
3 0.408073 0.263889 0.084896 0.046296
4 0.406250 0.244907 0.090625 0.032407
5 0.422656 0.209722 0.068229 0.052778
2 0.456510 0.231019 0.025521 0.073148
31 0.421615 0.276852 0.007812 0.018519
16 0.431250 0.272685 0.006250 0.015741
16 0.434896 0.268519 0.006250 0.012963
16 0.438281 0.274537 0.007812 0.013889
16 0.455990 0.314815 0.004687 0.009259
16 0.475000 0.313889 0.005208 0.012963
16 0.478906 0.318056 0.005729 0.010185
16 0.483073 0.322222 0.005729 0.009259
16 0.486458 0.325000 0.006250 0.009259
16 0.477083 0.333796 0.005208 0.010185
16 0.495312 0.319444 0.006250 0.012963
21 0.460156 0.317130 0.085938 0.099074
24 0.492708 0.286111 0.060417 0.068519
25 0.546094 0.332407 0.067187 0.070370
0 0.597656 0.315741 0.059896 0.088889
34 0.554688 0.288889 0.042708 0.064815
1 0.531250 0.211111 0.057292 0.114815
16 0.483073 0.308333 0.009896 0.014815
