12 0.908073 0.488194 0.091146 0.084722
27 0.432031 0.320833 0.151562 0.362500
24 0.089323 0.766319 0.075521 0.171528
22 0.141146 0.579167 0.085417 0.179167
30 0.328906 0.598958 0.063021 0.078472
16 0.410938 0.337847 0.014583 0.024306
16 0.438021 0.318403 0.021875 0.032639
17 0.570052 0.370486 0.016146 0.021528
0 0.324479 0.334375 0.097917 0.168750
1 0.509115 0.357292 0.144271 0.234028
28 0.654427 0.420486 0.096354 0.121528
13 0.542969 0.534722 0.054688 0.131944
34 0.305729 0.890278 0.037500 0.095833
14 0.405469 0.753472 0.053646 0.080556
19 0.429167 0.763542 0.038542 0.070139
29 0.515625 0.694792 0.186458 0.072917
16 0.455990 0.838542 0.026562 0.022917
16 0.458594 0.863542 0.020313 0.025694
16 0.479167 0.860069 0.020833 0.022917
16 0.494010 0.875000 0.016146 0.034722
16 0.510156 0.876736 0.016146 0.029861
16 0.526042 0.873611 0.016667 0.031944
16 0.536458 0.828472 0.017708 0.033333
16 0.464062 0.926389 0.027083 0.023611
16 0.572396 0.904514 0.026042 0.022917
21 0.552344 0.862847 0.229687 0.138194
26 0.871094 0.421875 0.147396 0.196528
11 0.813021 0.600347 0.154167 0.260417
5 0.873958 0.786806 0.036458 0.086111
13 0.947135 0.778819 0.103646 0.142361
10 0.904427 0.634028 0.127604 0.150000
4 0.857812 0.733333 0.035417 0.052778
