34 0.161198 0.530556 0.049479 0.137500
30 0.308333 0.421528 0.071875 0.061111
29 0.400260 0.291667 0.136979 0.050000
17 0.638281 0.281250 0.057813 0.019444
16 0.553125 0.514236 0.018750 0.024306
16 0.562240 0.295486 0.017188 0.017361
16 0.565625 0.518403 0.014583 0.027083
16 0.579167 0.520486 0.014583 0.027083
16 0.545833 0.575000 0.016667 0.016667
21 0.580990 0.558333 0.104688 0.105556
16 0.639583 0.528125 0.014583 0.009028
27 0.542969 0.288542 0.136979 0.318750
28 0.668229 0.401389 0.090625 0.118056
26 0.800521 0.366667 0.140625 0.216667
22 0.967448 0.453125 0.065104 0.129861
13 0.957812 0.555208 0.084375 0.145139
11 0.953646 0.730556 0.092708 0.184722
10 0.879687 0.633333 0.140625 0.247222
14 0.818229 0.546528 0.073958 0.133333
19 0.796354 0.587500 0.036458 0.072222
3 0.897396 0.805556 0.046875 0.062500
24 0.645573 0.794097 0.140104 0.150694
25 0.457292 0.738542 0.153125 0.159028
14 0.526042 0.622569 0.072917 0.095139
0 0.469792 0.696875 0.143750 0.246528
2 0.626042 0.626042 0.202083 0.188194
6 0.523438 0.629514 0.022917 0.020139
1 0.686719 0.683333 0.245312 0.338889
