34 0.081771 0.707292 0.031250 0.138194
24 0.186719 0.507292 0.089063 0.102083
30 0.190365 0.568403 0.061979 0.071528
19 0.302865 0.591319 0.061979 0.084028
14 0.285677 0.564931 0.068229 0.089583
16 0.382552 0.419792 0.029687 0.045139
27 0.366406 0.387847 0.170313 0.295139
28 0.505729 0.436458 0.086458 0.113194
17 0.467708 0.330903 0.056250 0.018750
7 0.607292 0.332639 0.029167 0.029167
26 0.623437 0.356597 0.117708 0.214583
3 0.725781 0.204514 0.168229 0.192361
1 0.758854 0.244444 0.122917 0.269444
29 0.847396 0.345139 0.073958 0.120833
12 0.902865 0.455903 0.099479 0.107639
13 0.964323 0.453472 0.071354 0.098611
13 0.847135 0.464236 0.067187 0.106250
10 0.904427 0.584722 0.090104 0.140278
4 0.959635 0.675694 0.053646 0.140278
5 0.972656 0.654167 0.054688 0.222222
11 0.699219 0.592014 0.083854 0.274306
14 0.592187 0.477431 0.047917 0.149306
19 0.580729 0.527083 0.043750 0.093056
0 0.446354 0.863889 0.116667 0.222222
31 0.495052 0.794792 0.013021 0.015972
16 0.533333 0.781944 0.016667 0.031944
16 0.589844 0.693403 0.020313 0.022917
16 0.577604 0.694444 0.015625 0.026389
16 0.561979 0.702083 0.023958 0.020833
16 0.523438 0.710764 0.022917 0.020139
16 0.513542 0.729861 0.015625 0.027778
16 0.497396 0.732292 0.016667 0.025694
16 0.483854 0.736111 0.016667 0.027778
16 0.391667 0.809375 0.016667 0.020139
16 0.417448 0.731250 0.017188 0.027778
16 0.404167 0.735069 0.016667 0.031250
16 0.390885 0.736806 0.018229 0.026389
21 0.498698 0.756597 0.233854 0.135417
22 0.793750 0.336806 0.038542 0.080556
