24 0.077865 0.525694 0.069271 0.148611
34 0.144531 0.591319 0.024479 0.164583
22 0.124479 0.376389 0.072917 0.144444
30 0.257552 0.364236 0.069271 0.072917
16 0.330208 0.162847 0.011458 0.013194
27 0.353646 0.148611 0.128125 0.283333
17 0.452604 0.202431 0.052083 0.052083
28 0.539844 0.217361 0.080729 0.101389
13 0.474479 0.296875 0.113542 0.114583
14 0.296615 0.419097 0.046354 0.070139
14 0.554688 0.382292 0.044792 0.154861
19 0.540885 0.438889 0.048438 0.084722
19 0.306771 0.446875 0.028125 0.057639
29 0.452604 0.430556 0.105208 0.061111
16 0.415885 0.501736 0.016146 0.018750
16 0.528906 0.526042 0.020313 0.020139
16 0.551302 0.521181 0.022396 0.018750
16 0.555469 0.539931 0.017188 0.021528
16 0.407292 0.535417 0.014583 0.026389
16 0.392969 0.536458 0.016146 0.024306
16 0.381510 0.542014 0.009896 0.020139
16 0.419792 0.571181 0.019792 0.022917
31 0.550260 0.486458 0.016146 0.032639
21 0.467708 0.542708 0.203125 0.111806
0 0.357292 0.448611 0.109375 0.216667
1 0.479167 0.509722 0.136458 0.261111
26 0.751563 0.205903 0.127083 0.177083
12 0.803646 0.269792 0.097917 0.095139
10 0.788802 0.391319 0.127604 0.164583
13 0.848958 0.535417 0.113542 0.152778
5 0.747135 0.631250 0.076563 0.287500
4 0.729427 0.592014 0.056771 0.285417
2 0.644010 0.597222 0.114062 0.259722
11 0.663542 0.375000 0.175000 0.277778
3 0.464583 0.706250 0.115625 0.088889
