27 0.420312 0.368519 0.119792 0.220370
29 0.557292 0.446296 0.058333 0.094444
26 0.565104 0.239352 0.062500 0.115741
3 0.560156 0.318981 0.036979 0.204630
1 0.583854 0.274537 0.083333 0.137963
11 0.605208 0.361574 0.071875 0.065741
14 0.595833 0.365278 0.018750 0.073148
19 0.594792 0.376389 0.018750 0.052778
16 0.632812 0.400926 0.007292 0.012963
16 0.639844 0.403704 0.006771 0.012963
16 0.595313 0.486111 0.008333 0.014815
16 0.609375 0.491204 0.008333 0.013889
16 0.610938 0.481944 0.011458 0.012037
16 0.624479 0.497222 0.010417 0.012963
31 0.620573 0.395370 0.009896 0.020370
21 0.618490 0.465741 0.060937 0.133333
16 0.552344 0.427315 0.007812 0.021296
0 0.594010 0.441204 0.090104 0.082407
13 0.523698 0.391204 0.061979 0.099074
28 0.503125 0.339352 0.042708 0.071296
17 0.464583 0.367130 0.006250 0.021296
30 0.482552 0.525463 0.043229 0.078704
22 0.404948 0.661574 0.105729 0.130556
24 0.479948 0.781481 0.113021 0.161111
34 0.562760 0.607407 0.090104 0.027778
2 0.661979 0.379630 0.103125 0.042593
16 0.427083 0.387963 0.013542 0.038889
14 0.567448 0.461574 0.023438 0.106481
19 0.561719 0.491204 0.026562 0.080556
4 0.682552 0.371296 0.090104 0.064815
5 0.714583 0.380093 0.067708 0.047222
10 0.629687 0.256019 0.055208 0.047222
