22 0.458594 0.299653 0.100521 0.142361
30 0.611458 0.402083 0.076042 0.091667
27 0.727083 0.327431 0.127083 0.175694
17 0.797135 0.391667 0.049479 0.047222
28 0.861979 0.464236 0.072917 0.109028
34 0.516406 0.621875 0.152604 0.111806
10 0.932292 0.625000 0.108333 0.205556
11 0.968229 0.743750 0.063542 0.156944
26 0.978385 0.594097 0.043229 0.120139
29 0.846875 0.561111 0.111458 0.105556
14 0.890365 0.622222 0.105729 0.077778
19 0.855469 0.656250 0.070312 0.068056
13 0.736979 0.496528 0.119792 0.158333
14 0.693490 0.512847 0.089063 0.131250
19 0.666927 0.557986 0.068229 0.085417
16 0.678385 0.624653 0.018229 0.024306
16 0.733854 0.657639 0.012500 0.027778
16 0.671354 0.654167 0.013542 0.029167
16 0.683594 0.660764 0.010937 0.025694
16 0.694010 0.668056 0.013021 0.025000
16 0.705990 0.675347 0.011979 0.021528
16 0.716406 0.682986 0.014063 0.020139
16 0.663281 0.687153 0.016146 0.027083
16 0.700000 0.707639 0.018750 0.020833
16 0.741406 0.736111 0.016146 0.022222
31 0.827083 0.714236 0.021875 0.027083
16 0.806771 0.737153 0.015625 0.018750
16 0.822656 0.746528 0.018229 0.019444
16 0.821094 0.763889 0.016146 0.020833
21 0.730469 0.704861 0.190104 0.179167
3 0.876823 0.803819 0.093229 0.213194
4 0.895833 0.844097 0.107292 0.209028
13 0.973177 0.894444 0.053646 0.147222
5 0.905729 0.899306 0.085417 0.201389
2 0.819792 0.928125 0.064583 0.143750
24 0.710417 0.853819 0.133333 0.121528
0 0.424740 0.732639 0.125521 0.276389
25 0.550781 0.772917 0.151562 0.151389
1 0.676562 0.851389 0.210417 0.297222
