24 0.063021 0.737153 0.088542 0.186806
22 0.116927 0.541319 0.090104 0.188194
30 0.317969 0.561111 0.057813 0.079167
27 0.425000 0.361111 0.142708 0.213889
17 0.532813 0.370139 0.050000 0.059722
28 0.628125 0.403125 0.092708 0.118750
13 0.579427 0.502778 0.128646 0.143056
26 0.827604 0.412847 0.136458 0.181250
12 0.860417 0.477778 0.083333 0.073611
13 0.900521 0.742361 0.093750 0.133333
5 0.833073 0.827083 0.043229 0.236111
4 0.810156 0.752778 0.049479 0.159722
10 0.857812 0.607986 0.120833 0.143750
14 0.695312 0.635764 0.069792 0.106250
11 0.764583 0.600347 0.166667 0.278472
14 0.402604 0.709722 0.055208 0.079167
19 0.404948 0.740278 0.053646 0.048611
29 0.463021 0.686458 0.123958 0.059028
16 0.457031 0.776736 0.024479 0.022917
16 0.457031 0.799306 0.017188 0.033333
16 0.473177 0.794792 0.015104 0.032639
16 0.489063 0.792361 0.016667 0.034722
16 0.505469 0.792708 0.016146 0.034028
16 0.523438 0.792014 0.019792 0.024306
16 0.532552 0.769444 0.020313 0.029167
16 0.463281 0.861458 0.020313 0.029861
16 0.540104 0.847569 0.021875 0.028472
21 0.510938 0.815625 0.152083 0.115972
3 0.589323 0.947917 0.097396 0.090278
0 0.339583 0.357986 0.168750 0.192361
1 0.472396 0.490625 0.129167 0.268750
