34 0.122396 0.537153 0.047917 0.128472
30 0.247656 0.423264 0.066146 0.063194
24 0.252083 0.362847 0.098958 0.086806
19 0.359115 0.469792 0.057813 0.089583
14 0.343229 0.437500 0.061458 0.098611
16 0.446615 0.268750 0.019271 0.018056
27 0.442188 0.276042 0.164583 0.307639
17 0.559896 0.252083 0.059375 0.013889
28 0.584896 0.365278 0.087500 0.116667
19 0.652083 0.480903 0.055208 0.089583
14 0.671094 0.426736 0.069271 0.153472
26 0.719010 0.313542 0.132812 0.214583
22 0.863281 0.337847 0.092188 0.110417
29 0.943490 0.377083 0.063021 0.143056
12 0.970573 0.506250 0.058854 0.131944
13 0.906771 0.487847 0.105208 0.139583
10 0.936719 0.628125 0.126562 0.165972
4 0.991927 0.714583 0.016146 0.054167
2 0.877344 0.855208 0.051562 0.278472
11 0.815104 0.583681 0.218750 0.271528
3 0.747396 0.728819 0.102083 0.218750
1 0.777083 0.805208 0.201042 0.385417
16 0.636458 0.645833 0.020833 0.027778
16 0.623177 0.643750 0.016146 0.029167
16 0.607292 0.646528 0.023958 0.022222
16 0.565885 0.640625 0.024479 0.021528
16 0.552865 0.675694 0.021354 0.027778
16 0.536198 0.656944 0.016146 0.030556
16 0.522396 0.657292 0.020833 0.025694
16 0.564583 0.717361 0.016667 0.033333
16 0.419792 0.702778 0.020833 0.026389
16 0.427865 0.629167 0.020313 0.027778
16 0.440885 0.630208 0.016146 0.029861
16 0.454427 0.630903 0.017188 0.028472
16 0.466667 0.684375 0.009375 0.007639
21 0.528385 0.681944 0.238021 0.113889
0 0.467448 0.764236 0.139063 0.227083
