13 0.445833 0.730556 0.073958 0.175926
11 0.513281 0.611574 0.088021 0.186111
5 0.362240 0.670370 0.150521 0.172222
4 0.385156 0.581481 0.143229 0.061111
3 0.383594 0.543981 0.123438 0.075000
2 0.306510 0.622222 0.058854 0.203704
10 0.484115 0.493519 0.098437 0.151852
12 0.615885 0.587500 0.096354 0.160185
26 0.569271 0.475463 0.081250 0.187963
14 0.408073 0.411574 0.025521 0.125000
19 0.412500 0.447222 0.028125 0.085185
29 0.443750 0.409722 0.045833 0.071296
28 0.501042 0.381944 0.048958 0.080556
17 0.484375 0.336574 0.022917 0.034259
13 0.395573 0.359259 0.064062 0.100000
27 0.451823 0.283333 0.071354 0.120370
30 0.370052 0.305556 0.032813 0.046296
14 0.338021 0.318519 0.026042 0.114815
19 0.344271 0.355556 0.028125 0.074074
16 0.327344 0.378704 0.010937 0.012963
16 0.315885 0.384259 0.008854 0.011111
16 0.303906 0.394444 0.007812 0.014815
16 0.318229 0.389352 0.008333 0.010185
16 0.321615 0.392593 0.007812 0.012963
16 0.322917 0.397222 0.007292 0.011111
16 0.325521 0.403241 0.008333 0.012037
16 0.340885 0.401852 0.009896 0.012963
16 0.311979 0.407870 0.009375 0.010185
16 0.321094 0.431019 0.009896 0.012037
16 0.351562 0.455556 0.011458 0.011111
31 0.369271 0.454167 0.012500 0.017593
16 0.358073 0.466667 0.007812 0.011111
16 0.351823 0.473611 0.007812 0.013889
21 0.340365 0.445370 0.079687 0.131481
24 0.290365 0.492593 0.067187 0.109259
25 0.264583 0.427315 0.048958 0.075000
22 0.341406 0.251852 0.060937 0.066667
0 0.210938 0.343519 0.079167 0.111111
1 0.234635 0.376389 0.070312 0.106481
34 0.253125 0.295833 0.027083 0.058333
