24 0.230729 0.427431 0.097917 0.139583
22 0.307031 0.302083 0.088021 0.119444
30 0.457031 0.347569 0.068229 0.075694
16 0.589844 0.190972 0.010937 0.015278
27 0.573958 0.184028 0.136458 0.266667
17 0.652604 0.273611 0.047917 0.034722
28 0.727604 0.317014 0.076042 0.099306
13 0.667969 0.367014 0.105729 0.134028
26 0.903646 0.373611 0.123958 0.163889
12 0.932552 0.451389 0.081771 0.087500
10 0.914583 0.550000 0.104167 0.155556
13 0.940625 0.696528 0.096875 0.147222
5 0.852344 0.752778 0.079687 0.259722
2 0.767969 0.646875 0.053646 0.167361
3 0.775000 0.794444 0.110417 0.208333
11 0.803125 0.540625 0.136458 0.186806
14 0.735938 0.493403 0.070833 0.081250
19 0.716146 0.521181 0.061458 0.081250
16 0.544792 0.522569 0.020833 0.022917
16 0.605729 0.537847 0.017708 0.024306
16 0.541927 0.551042 0.014063 0.027083
16 0.555208 0.557292 0.013542 0.025694
16 0.568229 0.558681 0.012500 0.022917
16 0.580208 0.562500 0.014583 0.023611
16 0.593229 0.564236 0.013542 0.024306
16 0.535677 0.587153 0.017188 0.027083
16 0.563802 0.593403 0.015104 0.028472
16 0.600781 0.601042 0.019271 0.020139
16 0.697396 0.594097 0.017708 0.018750
16 0.717969 0.596875 0.018229 0.017361
16 0.717969 0.613889 0.016146 0.022222
31 0.720313 0.563889 0.017708 0.026389
21 0.619010 0.585764 0.204687 0.128472
14 0.526563 0.436806 0.042708 0.100000
19 0.517969 0.471181 0.046354 0.082639
29 0.612500 0.470486 0.150000 0.114583
34 0.383333 0.485764 0.035417 0.111806
0 0.364583 0.606250 0.096875 0.179167
1 0.773177 0.837847 0.106771 0.256250
