28 0.625260 0.502778 0.073438 0.105556
34 0.132812 0.597917 0.063542 0.136111
24 0.292708 0.441667 0.107292 0.087500
30 0.293229 0.504514 0.069792 0.067361
16 0.519010 0.443750 0.019271 0.050000
17 0.597656 0.393750 0.051562 0.020833
27 0.513542 0.400000 0.130208 0.290278
16 0.645312 0.470486 0.018750 0.028472
16 0.517188 0.721528 0.019792 0.025000
16 0.529167 0.722222 0.012500 0.027778
16 0.542448 0.722569 0.014063 0.027083
16 0.511979 0.786458 0.017708 0.027083
16 0.604167 0.749306 0.017708 0.023611
16 0.618229 0.750347 0.014583 0.022917
16 0.629167 0.736458 0.014583 0.027083
16 0.642188 0.736806 0.012500 0.026389
16 0.672917 0.742014 0.015625 0.024306
16 0.684635 0.739931 0.013021 0.025694
16 0.694531 0.741319 0.014063 0.022917
16 0.641667 0.801042 0.016667 0.024306
31 0.605990 0.799306 0.020313 0.022222
21 0.596354 0.772222 0.208333 0.105556
3 0.695833 0.915625 0.063542 0.081250
14 0.430729 0.544444 0.038542 0.098611
19 0.429427 0.579861 0.042188 0.080556
26 0.755469 0.472569 0.098437 0.179861
1 0.683073 0.499653 0.084896 0.159028
22 0.840625 0.496181 0.075000 0.095139
29 0.901042 0.530208 0.054167 0.117361
13 0.979688 0.651736 0.040625 0.093750
12 0.940625 0.637500 0.070833 0.106944
13 0.881250 0.625000 0.082292 0.118056
10 0.913802 0.735764 0.108854 0.135417
5 0.982292 0.827083 0.035417 0.201389
11 0.847917 0.699306 0.119792 0.218056
0 0.595313 0.907639 0.139583 0.184722
4 0.959635 0.840972 0.030729 0.119444
14 0.747396 0.579861 0.023958 0.034722
19 0.686198 0.644444 0.018229 0.044444
