13 0.257552 0.198611 0.036979 0.071296
12 0.272396 0.218519 0.041667 0.064815
13 0.296094 0.237963 0.043229 0.046296
5 0.341927 0.181481 0.077604 0.059259
10 0.340365 0.211111 0.046354 0.087037
11 0.362760 0.253241 0.086979 0.119444
29 0.206250 0.268981 0.080208 0.067593
22 0.214323 0.315741 0.073438 0.081481
26 0.293490 0.325000 0.102604 0.161111
14 0.371615 0.289815 0.036979 0.101852
19 0.383073 0.322222 0.026562 0.070370
28 0.336979 0.402778 0.052083 0.079630
17 0.266667 0.500926 0.022917 0.055556
16 0.357812 0.453241 0.013542 0.047222
27 0.341927 0.463889 0.151562 0.183333
16 0.420833 0.298611 0.006250 0.012037
16 0.425781 0.303241 0.006771 0.013889
16 0.440104 0.313426 0.005208 0.010185
16 0.445312 0.316667 0.005208 0.011111
16 0.447917 0.321296 0.005208 0.011111
16 0.451562 0.325926 0.004167 0.009259
16 0.462240 0.312037 0.006771 0.012963
16 0.472396 0.324537 0.009375 0.012037
16 0.462240 0.351389 0.006771 0.010185
16 0.466667 0.354630 0.008333 0.011111
16 0.470833 0.359722 0.008333 0.008333
16 0.490625 0.344907 0.010417 0.012037
21 0.457292 0.340741 0.081250 0.103704
31 0.462240 0.235648 0.013021 0.047222
7 0.463281 0.197685 0.005729 0.036111
3 0.454427 0.099074 0.021354 0.198148
1 0.450781 0.062963 0.042188 0.125926
0 0.486719 0.237963 0.058854 0.118519
14 0.460677 0.412037 0.023438 0.100000
19 0.465365 0.440741 0.026562 0.083333
24 0.488021 0.658333 0.101042 0.157407
30 0.510938 0.577315 0.054167 0.091667
34 0.670833 0.588426 0.028125 0.032407
2 0.415625 0.219907 0.054167 0.049074
4 0.340365 0.205093 0.073438 0.052778
