0 0.495573 0.631944 0.072396 0.139815
1 0.625781 0.731019 0.077604 0.152778
3 0.590625 0.706019 0.114583 0.169444
31 0.520052 0.598148 0.014063 0.033333
7 0.527344 0.613889 0.019271 0.029630
16 0.481771 0.549537 0.009375 0.021296
16 0.444271 0.546296 0.008333 0.022222
16 0.446615 0.493056 0.010937 0.019444
16 0.454167 0.493981 0.008333 0.023148
16 0.461719 0.493519 0.007812 0.024074
16 0.497656 0.513426 0.011979 0.015741
16 0.505990 0.510648 0.008854 0.021296
16 0.520052 0.514352 0.010937 0.017593
16 0.543490 0.502315 0.008854 0.021296
16 0.551562 0.503241 0.009375 0.023148
16 0.559115 0.504630 0.009896 0.020370
16 0.501042 0.525463 0.130208 0.082407
2 0.704688 0.659722 0.038542 0.215741
5 0.860156 0.587037 0.057813 0.235185
4 0.822917 0.549074 0.040625 0.237037
10 0.766406 0.492593 0.109896 0.129630
11 0.672396 0.457870 0.137500 0.228704
19 0.566146 0.410185 0.030208 0.050000
14 0.576302 0.385648 0.034896 0.076852
13 0.761198 0.353241 0.096354 0.137963
12 0.841146 0.355556 0.093750 0.120370
13 0.922135 0.369444 0.088021 0.120370
29 0.839063 0.180556 0.034375 0.200000
22 0.758594 0.149537 0.071354 0.152778
26 0.616927 0.219907 0.093229 0.219444
28 0.522917 0.249537 0.059375 0.113889
17 0.503125 0.090278 0.047917 0.013889
16 0.419010 0.193519 0.009896 0.025926
27 0.420573 0.164815 0.125521 0.318519
14 0.378385 0.377778 0.034896 0.048148
19 0.390104 0.393056 0.027083 0.049074
30 0.280208 0.334259 0.053125 0.064815
24 0.263021 0.255093 0.084375 0.106481
34 0.182812 0.470833 0.014583 0.147222
16 0.512240 0.515278 0.007812 0.019444
