34 0.275260 0.212037 0.054688 0.031481
30 0.346875 0.225463 0.032292 0.045370
24 0.370052 0.207870 0.052604 0.060185
14 0.351302 0.234722 0.019271 0.047222
1 0.429688 0.217130 0.045833 0.086111
27 0.446875 0.220833 0.079167 0.199074
16 0.371354 0.376852 0.008333 0.011111
16 0.374740 0.382870 0.007812 0.013889
16 0.384896 0.398148 0.010417 0.012963
16 0.388542 0.404630 0.010417 0.012963
16 0.392969 0.409259 0.007812 0.014815
16 0.354427 0.407407 0.010937 0.012963
21 0.368750 0.418981 0.065625 0.087963
3 0.327604 0.525926 0.045833 0.159259
28 0.454688 0.327315 0.036458 0.075000
14 0.421094 0.397685 0.025521 0.093519
19 0.426302 0.421296 0.025521 0.064815
26 0.499740 0.333796 0.089063 0.163889
11 0.444531 0.495370 0.107813 0.205556
22 0.634635 0.484259 0.079687 0.122222
29 0.689844 0.583796 0.079687 0.119444
13 0.685156 0.789352 0.115104 0.202778
12 0.613281 0.659722 0.099479 0.184259
13 0.552604 0.561111 0.072917 0.146296
10 0.485417 0.622222 0.082292 0.198148
2 0.358594 0.680556 0.129688 0.168519
4 0.503125 0.789815 0.140625 0.211111
5 0.508594 0.888889 0.174479 0.222222
