27 0.760417 0.351389 0.141667 0.330556
22 0.461198 0.302431 0.070312 0.106250
26 0.546354 0.277778 0.119792 0.202778
11 0.523698 0.474306 0.152604 0.212500
3 0.416406 0.410764 0.097396 0.359028
0 0.377604 0.464931 0.188542 0.396528
30 0.650521 0.296181 0.057292 0.065972
14 0.693750 0.414931 0.050000 0.113194
16 0.793750 0.383333 0.014583 0.013889
17 0.877083 0.397222 0.053125 0.036111
16 0.624479 0.735764 0.016667 0.031250
16 0.639062 0.743403 0.015625 0.031250
16 0.653125 0.748958 0.014583 0.031250
16 0.666146 0.757639 0.014583 0.031944
16 0.680729 0.760069 0.014583 0.031250
16 0.674740 0.721528 0.023438 0.025000
16 0.717969 0.795486 0.016146 0.025694
16 0.755208 0.757986 0.020833 0.020139
16 0.802344 0.778472 0.018229 0.025000
16 0.797135 0.813194 0.017188 0.030556
16 0.823177 0.824653 0.018229 0.022917
16 0.818750 0.845486 0.016667 0.021528
21 0.708854 0.783681 0.234375 0.186806
16 0.688802 0.643056 0.025521 0.036111
29 0.717448 0.664583 0.144271 0.116667
28 0.852865 0.522222 0.095312 0.130556
12 0.950781 0.594792 0.098437 0.149306
13 0.971875 0.743750 0.056250 0.123611
1 0.649740 0.480903 0.180729 0.222917
