34 0.258333 0.285648 0.043750 0.041667
3 0.277865 0.193981 0.039062 0.163889
0 0.266667 0.193981 0.062500 0.132407
11 0.310156 0.279167 0.072396 0.137963
1 0.322135 0.275463 0.048438 0.100926
14 0.349740 0.288426 0.021354 0.117593
19 0.357031 0.324537 0.024479 0.067593
16 0.290365 0.407870 0.007812 0.013889
16 0.295052 0.420370 0.011979 0.011111
16 0.307031 0.410185 0.011979 0.009259
16 0.309635 0.418056 0.010937 0.010185
16 0.318490 0.438426 0.007812 0.013889
16 0.304167 0.449074 0.009375 0.012963
16 0.311719 0.462037 0.007812 0.012963
31 0.322917 0.448611 0.008333 0.017593
21 0.303906 0.448611 0.060937 0.110185
29 0.338281 0.401852 0.046354 0.092593
26 0.369010 0.216667 0.067187 0.127778
30 0.426823 0.259722 0.032813 0.034259
16 0.418490 0.301389 0.010937 0.036111
27 0.429167 0.277315 0.092708 0.202778
17 0.504687 0.361574 0.025000 0.037963
28 0.430990 0.389815 0.047396 0.079630
12 0.458854 0.459722 0.073958 0.128704
13 0.401042 0.524537 0.078125 0.136111
24 0.502604 0.571296 0.080208 0.131481
14 0.542188 0.628704 0.029167 0.107407
19 0.539583 0.658333 0.031250 0.070370
13 0.554948 0.767130 0.084896 0.187963
10 0.468490 0.909722 0.135937 0.180556
2 0.442969 0.884722 0.143229 0.230556
4 0.401042 0.692593 0.135417 0.175926
5 0.380990 0.663426 0.141146 0.204630
22 0.333333 0.229167 0.030208 0.052778
16 0.420573 0.274537 0.004687 0.010185
