13 0.355729 0.674074 0.105208 0.168519
29 0.480208 0.568981 0.077083 0.143519
4 0.396094 0.504167 0.107813 0.089815
5 0.410938 0.459259 0.109375 0.098148
31 0.474740 0.455093 0.013021 0.023148
16 0.462500 0.449537 0.007292 0.017593
16 0.453646 0.452778 0.011458 0.016667
16 0.471354 0.434259 0.008333 0.012963
16 0.499479 0.418056 0.010417 0.012037
16 0.502865 0.411574 0.009896 0.012037
16 0.508333 0.405093 0.010417 0.013889
16 0.519792 0.389352 0.007292 0.013889
16 0.520833 0.382407 0.009375 0.014815
16 0.503125 0.375000 0.011458 0.018519
21 0.491667 0.429167 0.091667 0.123148
12 0.537240 0.446296 0.074479 0.129630
1 0.533333 0.325926 0.101042 0.092593
14 0.561719 0.339815 0.027604 0.111111
19 0.556771 0.381019 0.020833 0.045370
2 0.563542 0.226389 0.021875 0.184259
0 0.564323 0.184722 0.056771 0.141667
34 0.605729 0.202315 0.032292 0.019444
11 0.640104 0.226389 0.041667 0.093519
10 0.621354 0.266667 0.057292 0.112963
14 0.614583 0.261574 0.030208 0.106481
19 0.607292 0.295370 0.017708 0.044444
13 0.597135 0.361111 0.066146 0.111111
26 0.704948 0.239352 0.069271 0.139815
16 0.708073 0.314352 0.008854 0.019444
27 0.729688 0.341667 0.151042 0.188889
30 0.726042 0.332407 0.025000 0.035185
17 0.711198 0.469907 0.017188 0.058333
28 0.646094 0.487037 0.064062 0.101852
34 0.844271 0.085185 0.011458 0.024074
