0 0.311719 0.507292 0.343229 0.402083
1 0.801302 0.569097 0.272396 0.345139
24 0.632292 0.504514 0.212500 0.218750
25 0.817969 0.547222 0.186979 0.141667
34 0.156510 0.397917 0.019271 0.104167
11 0.247135 0.240278 0.159896 0.219444
22 0.241927 0.091667 0.092188 0.144444
26 0.308073 0.048611 0.165104 0.097222
10 0.382292 0.178819 0.204167 0.215972
14 0.506250 0.095833 0.098958 0.191667
19 0.533333 0.157292 0.076042 0.134028
13 0.692708 0.115972 0.183333 0.198611
14 0.866927 0.114931 0.119271 0.229861
19 0.833854 0.190972 0.091667 0.138889
12 0.934635 0.205208 0.130729 0.221528
16 0.842708 0.297917 0.023958 0.040278
16 0.861458 0.306944 0.023958 0.034722
16 0.878906 0.309722 0.023438 0.033333
16 0.895052 0.312847 0.020313 0.039583
16 0.911719 0.315625 0.020313 0.040972
16 0.841406 0.400000 0.026562 0.036111
16 0.956250 0.332292 0.023958 0.036806
16 0.973437 0.337847 0.019792 0.038194
16 0.989323 0.343750 0.017188 0.031944
21 0.903385 0.383333 0.193229 0.180556
3 0.374479 0.439236 0.367708 0.247917
7 0.569271 0.430556 0.033333 0.013889
12 0.934896 0.205208 0.130208 0.221528
