29 0.604167 0.431250 0.186458 0.086111
0 0.445833 0.706944 0.207292 0.327778
27 0.588281 0.151736 0.150521 0.299306
16 0.544792 0.518056 0.016667 0.030556
16 0.524479 0.598958 0.032292 0.050694
16 0.530990 0.515625 0.014063 0.029861
16 0.546875 0.485069 0.019792 0.025694
16 0.517448 0.513542 0.015104 0.032639
16 0.613021 0.526389 0.016667 0.030556
16 0.681250 0.534722 0.015625 0.031944
16 0.628646 0.496875 0.020833 0.022917
16 0.502865 0.511458 0.016146 0.028472
16 0.679167 0.503819 0.022917 0.028472
16 0.707031 0.539236 0.021354 0.021528
31 0.707812 0.504167 0.019792 0.033333
21 0.600781 0.536806 0.231771 0.127778
34 0.253385 0.441667 0.017188 0.129167
22 0.306771 0.233681 0.086458 0.113194
26 0.376823 0.167014 0.121354 0.184028
30 0.488021 0.152778 0.053125 0.056944
14 0.509896 0.249306 0.044792 0.158333
19 0.518490 0.304861 0.044271 0.095833
16 0.599740 0.195833 0.014063 0.058333
17 0.716667 0.167708 0.057292 0.022917
28 0.701823 0.275000 0.090104 0.116667
24 0.920833 0.371875 0.095833 0.110417
13 0.853646 0.450000 0.126042 0.138889
3 0.476302 0.640625 0.072396 0.145139
11 0.387760 0.341319 0.139063 0.154861
4 0.961458 0.579861 0.051042 0.275000
5 0.942187 0.572569 0.068750 0.282639
12 0.820833 0.313889 0.123958 0.129167
16 0.706771 0.557292 0.021875 0.021528
1 0.590625 0.726042 0.172917 0.297917
8 0.984115 0.731944 0.006771 0.037500
