22 0.227604 0.351389 0.076042 0.095833
26 0.348698 0.275694 0.106771 0.165278
13 0.325521 0.434722 0.110417 0.109722
27 0.523438 0.284375 0.126042 0.265972
34 0.210938 0.520139 0.034375 0.123611
5 0.296354 0.601042 0.109375 0.245139
4 0.378125 0.570833 0.109375 0.234722
17 0.524219 0.277083 0.060937 0.022222
28 0.628385 0.385764 0.079687 0.102083
12 0.658594 0.504167 0.119271 0.126389
16 0.622917 0.313194 0.011458 0.037500
30 0.706510 0.430556 0.064062 0.065278
3 0.845573 0.650694 0.059896 0.225000
2 0.968229 0.671528 0.060417 0.205556
29 0.907813 0.579861 0.059375 0.172222
13 0.956250 0.527431 0.083333 0.124306
14 0.929167 0.464931 0.060417 0.082639
14 0.878125 0.417014 0.055208 0.084028
19 0.914062 0.480903 0.054167 0.064583
19 0.862240 0.438542 0.053646 0.075694
17 0.436719 0.543403 0.011979 0.077083
17 0.452344 0.542361 0.011979 0.070833
17 0.523698 0.553472 0.011979 0.081944
24 0.769010 0.548264 0.088021 0.135417
22 0.479427 0.555208 0.114062 0.092361
17 0.599740 0.631250 0.111979 0.072222
18 0.569792 0.602778 0.057292 0.037500
0 0.471615 0.702431 0.253646 0.265972
1 0.686458 0.690625 0.250000 0.260417
11 0.682292 0.309375 0.116667 0.188194
