2 0.954427 0.505556 0.091146 0.215278
10 0.977083 0.487500 0.045833 0.166667
13 0.920573 0.349306 0.101562 0.127778
29 0.870573 0.427778 0.089063 0.188889
14 0.874740 0.290972 0.055729 0.104167
14 0.803906 0.258333 0.049479 0.104167
19 0.791667 0.287500 0.051042 0.086111
19 0.860417 0.315278 0.055208 0.083333
11 0.557552 0.219444 0.149479 0.179167
28 0.514583 0.328819 0.081250 0.111806
24 0.678906 0.480903 0.060937 0.111806
12 0.554948 0.439236 0.143229 0.195139
1 0.640625 0.382292 0.201042 0.161806
5 0.223958 0.593056 0.052083 0.106944
13 0.222396 0.480556 0.103125 0.133333
34 0.142187 0.635764 0.016667 0.131250
23 0.129688 0.459028 0.059375 0.120833
26 0.209896 0.336806 0.122917 0.169444
17 0.420833 0.445486 0.020833 0.015972
17 0.416146 0.464236 0.033333 0.021528
17 0.411198 0.485417 0.048438 0.027778
17 0.411458 0.504514 0.054167 0.031250
17 0.408854 0.525000 0.061458 0.033333
17 0.408073 0.556250 0.067187 0.031944
22 0.410938 0.511806 0.086458 0.159722
4 0.429167 0.322917 0.083333 0.387500
0 0.389062 0.376042 0.218750 0.413194
27 0.355469 0.206250 0.114062 0.154167
16 0.411198 0.604861 0.015104 0.030556
16 0.422917 0.601389 0.017708 0.023611
16 0.435937 0.598958 0.019792 0.021528
16 0.449740 0.592361 0.016146 0.027778
16 0.464583 0.589931 0.018750 0.027083
16 0.489583 0.582639 0.016667 0.027778
16 0.502865 0.577778 0.016146 0.027778
16 0.528906 0.572222 0.022396 0.026389
16 0.577865 0.555903 0.022396 0.024306
16 0.455469 0.643403 0.016146 0.028472
16 0.587240 0.586458 0.019271 0.028472
16 0.613021 0.575694 0.020833 0.025000
16 0.616146 0.593056 0.023958 0.022222
31 0.603646 0.544444 0.021875 0.027778
21 0.519010 0.617708 0.232813 0.154861
