16 0.433073 0.646181 0.014063 0.027083
16 0.472656 0.617361 0.015104 0.030556
16 0.483854 0.651042 0.015625 0.022917
16 0.498177 0.651389 0.015104 0.026389
16 0.510938 0.653819 0.017708 0.024306
16 0.535937 0.653125 0.014583 0.027083
16 0.534896 0.623958 0.014583 0.027083
16 0.547656 0.624306 0.017188 0.025000
16 0.591927 0.628819 0.019271 0.022917
16 0.595313 0.659028 0.016667 0.026389
16 0.618229 0.657986 0.019792 0.018750
16 0.618750 0.673611 0.018750 0.019444
31 0.617708 0.625694 0.017708 0.026389
21 0.521354 0.661458 0.212500 0.102083
29 0.517188 0.559028 0.156250 0.059722
34 0.177083 0.554861 0.016667 0.134722
22 0.236979 0.347917 0.087500 0.108333
26 0.317188 0.297222 0.110417 0.180556
30 0.415104 0.293056 0.050000 0.050000
14 0.441667 0.396528 0.035417 0.143056
19 0.439844 0.447917 0.039062 0.081944
16 0.521354 0.305903 0.014583 0.020139
27 0.516406 0.312500 0.126562 0.273611
17 0.619271 0.324653 0.050000 0.021528
28 0.608854 0.425000 0.082292 0.104167
12 0.709896 0.456597 0.107292 0.110417
24 0.796354 0.500694 0.082292 0.088889
13 0.749740 0.574653 0.091146 0.115972
13 0.911719 0.566667 0.076563 0.115278
14 0.891406 0.510417 0.057813 0.077778
19 0.874219 0.526736 0.051562 0.064583
10 0.962760 0.694444 0.074479 0.136111
2 0.923958 0.702431 0.056250 0.190972
4 0.840104 0.674653 0.056250 0.225694
5 0.822135 0.670139 0.067187 0.237500
3 0.317708 0.734375 0.176042 0.253472
0 0.346875 0.770486 0.157292 0.307639
1 0.655469 0.609375 0.177604 0.264583
16 0.579427 0.520833 0.029687 0.047222
11 0.324740 0.488889 0.138021 0.170833
