0 0.502083 0.644792 0.117708 0.184028
2 0.522396 0.659722 0.065625 0.272222
3 0.470833 0.554167 0.052083 0.086111
1 0.650000 0.385069 0.146875 0.139583
10 0.577865 0.452083 0.122396 0.163889
14 0.663802 0.453472 0.035937 0.073611
19 0.657031 0.469444 0.044271 0.080556
24 0.694271 0.678125 0.094792 0.127083
34 0.302865 0.619097 0.049479 0.140972
11 0.439323 0.436806 0.127604 0.155556
22 0.425000 0.322917 0.084375 0.101389
26 0.516667 0.285764 0.100000 0.174306
30 0.604688 0.292361 0.048958 0.051389
28 0.832552 0.379167 0.069271 0.088889
17 0.763281 0.312500 0.046354 0.020833
27 0.687240 0.249653 0.114062 0.220139
16 0.709375 0.271875 0.009375 0.011806
14 0.852083 0.475000 0.034375 0.051389
12 0.892708 0.532639 0.087500 0.120833
29 0.966406 0.565278 0.067187 0.062500
16 0.903906 0.603125 0.009896 0.017361
31 0.948958 0.614236 0.014583 0.021528
16 0.936719 0.638194 0.008854 0.015278
16 0.950260 0.640972 0.011979 0.013889
21 0.925260 0.646181 0.050521 0.082639
16 0.949479 0.654514 0.014583 0.014583
5 0.977604 0.738194 0.044792 0.240278
4 0.989323 0.704167 0.021354 0.140278
