13 0.660156 0.259259 0.046354 0.068519
10 0.724740 0.255556 0.056771 0.081481
2 0.711198 0.289815 0.081771 0.031481
5 0.659896 0.313889 0.044792 0.035185
14 0.637240 0.245370 0.015104 0.075926
19 0.630990 0.266204 0.019271 0.060185
13 0.634375 0.339352 0.052083 0.045370
24 0.606510 0.313426 0.041146 0.060185
12 0.574219 0.344444 0.051562 0.092593
16 0.495833 0.372685 0.010417 0.013889
17 0.478646 0.355093 0.022917 0.034259
16 0.591146 0.494444 0.009375 0.016667
16 0.633594 0.472685 0.009896 0.013889
16 0.631771 0.480093 0.010417 0.015741
16 0.619271 0.514352 0.012500 0.013889
16 0.645573 0.485648 0.010937 0.012037
16 0.641927 0.496759 0.008854 0.012037
16 0.639844 0.507407 0.010937 0.011111
16 0.630990 0.534722 0.009896 0.012037
16 0.629687 0.546759 0.010417 0.013889
21 0.640885 0.518056 0.066146 0.121296
29 0.598437 0.488889 0.028125 0.062963
28 0.540625 0.381019 0.047917 0.058333
27 0.464062 0.381019 0.110417 0.217593
3 0.528906 0.475000 0.045312 0.224074
7 0.533854 0.591204 0.006250 0.019444
11 0.510677 0.590741 0.099479 0.233333
26 0.391927 0.531481 0.098437 0.207407
22 0.352604 0.700000 0.117708 0.157407
34 0.515885 0.833796 0.111979 0.034259
1 0.532552 0.470370 0.120313 0.148148
0 0.550781 0.490741 0.111979 0.198148
