23 0.188281 0.324074 0.071354 0.144444
34 0.238802 0.550000 0.019271 0.138889
5 0.302865 0.622685 0.055729 0.243519
0 0.309896 0.750000 0.079167 0.159259
4 0.376823 0.570833 0.049479 0.232407
17 0.404687 0.554167 0.008333 0.084259
17 0.414844 0.552778 0.008854 0.083333
17 0.424740 0.552315 0.007812 0.082407
17 0.434896 0.550926 0.008333 0.077778
17 0.460938 0.549537 0.009375 0.076852
22 0.433854 0.550000 0.073958 0.092593
13 0.311979 0.449074 0.087500 0.114815
16 0.595313 0.628241 0.010417 0.021296
16 0.591927 0.600463 0.008854 0.019444
16 0.565885 0.628241 0.010937 0.015741
16 0.565365 0.602778 0.008854 0.024074
16 0.543490 0.600926 0.009896 0.024074
16 0.528125 0.602315 0.010417 0.021296
16 0.519792 0.602778 0.009375 0.024074
16 0.512760 0.605093 0.009896 0.017593
16 0.504167 0.604167 0.010417 0.021296
16 0.496615 0.604167 0.008854 0.025000
16 0.550260 0.603241 0.010937 0.021296
21 0.547917 0.625463 0.119792 0.076852
18 0.552604 0.487500 0.039583 0.034259
12 0.555208 0.485648 0.076042 0.100926
1 0.611458 0.567593 0.086458 0.188889
3 0.697656 0.602315 0.034896 0.217593
24 0.641146 0.502778 0.057292 0.131481
29 0.770052 0.526852 0.034896 0.198148
2 0.820833 0.627315 0.036458 0.225000
10 0.883594 0.645370 0.095312 0.153704
13 0.847917 0.468519 0.105208 0.133333
14 0.820052 0.409722 0.055729 0.047222
14 0.767708 0.353704 0.053125 0.055556
19 0.750521 0.366204 0.042708 0.054630
19 0.799740 0.418056 0.048438 0.050926
16 0.539062 0.196296 0.006250 0.012963
11 0.593229 0.211574 0.118750 0.228704
30 0.601042 0.376852 0.046875 0.055556
28 0.538802 0.337500 0.060937 0.108333
17 0.447656 0.257407 0.050521 0.038889
27 0.443750 0.234722 0.118750 0.304630
26 0.287500 0.240741 0.108333 0.172222
