2 0.664062 0.550347 0.104167 0.279861
0 0.643750 0.577778 0.135417 0.211111
10 0.688542 0.450694 0.089583 0.181944
1 0.762240 0.460764 0.155729 0.193750
3 0.566406 0.572222 0.084896 0.173611
34 0.440104 0.459722 0.058333 0.119444
11 0.560417 0.396181 0.132292 0.160417
22 0.570833 0.274653 0.093750 0.109028
26 0.675260 0.266667 0.104688 0.183333
30 0.752865 0.305903 0.052604 0.064583
16 0.830729 0.314931 0.029167 0.029861
27 0.842448 0.309375 0.139063 0.256250
19 0.821615 0.436806 0.036979 0.077778
17 0.906250 0.386806 0.042708 0.034722
13 0.875521 0.528125 0.089583 0.139583
28 0.960677 0.484375 0.069271 0.103472
14 0.956250 0.592361 0.044792 0.055556
19 0.931510 0.609375 0.039062 0.047917
12 0.966927 0.658681 0.066146 0.142361
16 0.953125 0.703819 0.007292 0.020139
16 0.970573 0.725000 0.013021 0.023611
16 0.978906 0.732639 0.010937 0.023611
16 0.985938 0.739236 0.011458 0.017361
21 0.975781 0.774306 0.048438 0.125000
24 0.768750 0.731944 0.097917 0.165278
