2 0.595313 0.738542 0.139583 0.304861
17 0.908594 0.333333 0.050521 0.033333
16 0.820573 0.282292 0.039062 0.038194
27 0.828385 0.263194 0.153646 0.316667
30 0.724219 0.281250 0.067187 0.072222
22 0.514583 0.307292 0.083333 0.142361
26 0.625781 0.244792 0.127604 0.184028
7 0.513281 0.438889 0.009896 0.023611
3 0.463802 0.287153 0.106771 0.297917
0 0.444271 0.313194 0.133333 0.341667
11 0.510677 0.432292 0.152604 0.246528
1 0.631771 0.369444 0.197917 0.193056
10 0.691406 0.487500 0.160938 0.155556
14 0.830990 0.469097 0.057813 0.111806
13 0.888802 0.539931 0.123438 0.170139
12 0.983854 0.630208 0.032292 0.128472
14 0.958073 0.631944 0.083854 0.084722
19 0.938021 0.649306 0.079167 0.079167
16 0.963802 0.692708 0.013021 0.028472
16 0.973698 0.702431 0.014063 0.024306
16 0.982031 0.705903 0.013021 0.022917
16 0.989323 0.709028 0.010937 0.029167
16 0.996875 0.711458 0.006250 0.027083
16 0.957031 0.762500 0.011979 0.027778
16 0.983333 0.775000 0.011458 0.026389
21 0.963021 0.746875 0.073958 0.121528
28 0.970052 0.432292 0.059896 0.114583
