22 0.288802 0.161111 0.077604 0.134722
11 0.380729 0.239583 0.154167 0.197222
14 0.479948 0.098264 0.083854 0.174306
30 0.460417 0.019792 0.065625 0.039583
26 0.337240 0.078819 0.143229 0.157639
27 0.586198 0.064236 0.158854 0.128472
28 0.718750 0.063542 0.106250 0.127083
12 0.867708 0.077431 0.156250 0.143750
24 0.967708 0.123958 0.064583 0.114583
13 0.921615 0.232986 0.156771 0.163194
19 0.501823 0.154861 0.068229 0.108333
29 0.620313 0.262847 0.217708 0.096528
16 0.516406 0.386111 0.019271 0.033333
16 0.560937 0.344444 0.022917 0.033333
16 0.576562 0.378819 0.017708 0.032639
16 0.593229 0.379167 0.019792 0.031944
16 0.609635 0.376736 0.017188 0.034028
16 0.641667 0.374306 0.017708 0.034722
16 0.656510 0.333681 0.024479 0.032639
16 0.717708 0.330208 0.028125 0.028472
16 0.723437 0.366319 0.019792 0.035417
16 0.755729 0.365625 0.028125 0.024306
16 0.756771 0.388889 0.027083 0.029167
31 0.752344 0.323958 0.023438 0.035417
21 0.639844 0.386458 0.268229 0.131250
7 0.532552 0.467014 0.063021 0.022917
3 0.282292 0.473958 0.466667 0.202083
0 0.198177 0.548958 0.354687 0.388194
1 0.660417 0.564931 0.245833 0.347917
16 0.558073 0.457639 0.079687 0.038889
34 0.263281 0.359028 0.015104 0.073611
