13 0.555990 0.767130 0.088021 0.193519
4 0.400781 0.691667 0.136979 0.179630
5 0.381250 0.662037 0.142708 0.207407
29 0.507292 0.575463 0.077083 0.139815
31 0.424219 0.538426 0.010937 0.026852
16 0.405990 0.557870 0.011979 0.013889
16 0.413021 0.552778 0.010417 0.020370
16 0.404427 0.535185 0.008854 0.016667
16 0.397396 0.482407 0.008333 0.016667
16 0.400781 0.489352 0.010937 0.017593
16 0.403906 0.499074 0.014063 0.016667
16 0.390104 0.465741 0.009375 0.018519
21 0.400260 0.527315 0.071354 0.141667
12 0.438281 0.467130 0.072396 0.132407
14 0.392188 0.347222 0.013542 0.038889
1 0.381771 0.396759 0.060417 0.160185
19 0.396354 0.442593 0.016667 0.024074
13 0.396094 0.367130 0.063021 0.095370
2 0.369271 0.261111 0.037500 0.155556
0 0.354427 0.239815 0.076563 0.146296
22 0.327344 0.227778 0.018229 0.037037
11 0.295573 0.235185 0.058854 0.035185
26 0.369010 0.194907 0.067187 0.084259
30 0.420573 0.259259 0.019271 0.035185
16 0.437500 0.244444 0.007292 0.014815
27 0.456250 0.246296 0.088542 0.194444
28 0.500000 0.382407 0.050000 0.087037
17 0.501563 0.326852 0.023958 0.029630
10 0.332552 0.331019 0.039062 0.056481
24 0.300000 0.437500 0.067708 0.102778
