23 0.133854 0.235417 0.056250 0.162500
26 0.200000 0.079514 0.188542 0.159028
13 0.238021 0.223611 0.135417 0.140278
27 0.488802 0.059028 0.216146 0.118056
28 0.690104 0.041667 0.144792 0.083333
30 0.844010 0.047569 0.124479 0.095139
24 0.946875 0.264236 0.106250 0.260417
12 0.776302 0.215972 0.238021 0.237500
31 0.848437 0.402083 0.033333 0.044444
16 0.853385 0.463194 0.033854 0.034722
16 0.855208 0.494097 0.034375 0.032639
16 0.802604 0.412847 0.037500 0.034028
16 0.809635 0.470833 0.029687 0.048611
16 0.720573 0.426736 0.036979 0.034028
16 0.674740 0.432292 0.025521 0.049306
16 0.652344 0.434722 0.023438 0.044444
16 0.518750 0.461806 0.021875 0.048611
16 0.536979 0.457986 0.023958 0.040972
16 0.559896 0.448264 0.031250 0.022917
16 0.581771 0.441319 0.011458 0.034028
16 0.583333 0.455903 0.083333 0.068750
1 0.675260 0.605903 0.224479 0.389583
21 0.686198 0.491667 0.359896 0.201389
4 0.310156 0.351389 0.534896 0.250000
0 0.196094 0.461806 0.370312 0.445833
17 0.492188 0.187847 0.111458 0.052083
17 0.495573 0.218750 0.114062 0.051389
17 0.498177 0.249306 0.116146 0.050000
17 0.501563 0.281250 0.116667 0.048611
17 0.504687 0.314931 0.118750 0.047917
17 0.511458 0.367708 0.109375 0.043750
22 0.509635 0.284722 0.145313 0.258333
