10 0.358594 0.134722 0.055729 0.080556
13 0.315885 0.184722 0.040104 0.071296
14 0.307812 0.182407 0.025000 0.079630
19 0.313802 0.204167 0.024479 0.062037
2 0.369271 0.170370 0.064583 0.050000
4 0.390104 0.212500 0.072917 0.058333
5 0.401562 0.217593 0.083333 0.055556
13 0.396354 0.255556 0.058333 0.087037
12 0.348438 0.292130 0.064583 0.093519
16 0.523177 0.320833 0.005729 0.015741
16 0.528906 0.326852 0.006771 0.014815
16 0.468490 0.284259 0.004687 0.012963
31 0.461979 0.276852 0.006250 0.018519
21 0.499479 0.321759 0.086458 0.089815
29 0.456771 0.337963 0.039583 0.074074
14 0.454948 0.363426 0.028646 0.102778
19 0.461198 0.391667 0.019271 0.046296
11 0.535417 0.434259 0.094792 0.157407
3 0.546354 0.298148 0.038542 0.194444
1 0.495833 0.337037 0.051042 0.161111
0 0.561719 0.297222 0.072396 0.114815
34 0.640104 0.513889 0.027083 0.094444
26 0.459375 0.515741 0.100000 0.211111
22 0.533594 0.656944 0.105729 0.175000
30 0.375781 0.561574 0.055729 0.089815
28 0.371615 0.342130 0.050521 0.065741
16 0.374219 0.353241 0.010937 0.015741
27 0.358854 0.396759 0.144792 0.184259
17 0.287240 0.406019 0.015104 0.049074
24 0.322917 0.257407 0.044792 0.059259
