16 0.578125 0.570139 0.014583 0.027778
16 0.590885 0.570139 0.017188 0.025000
16 0.602865 0.571528 0.017188 0.025000
16 0.617448 0.571875 0.015104 0.028472
16 0.630990 0.572222 0.016146 0.023611
16 0.653906 0.571875 0.016146 0.028472
16 0.665885 0.576042 0.015104 0.025694
16 0.689583 0.575347 0.013542 0.025694
16 0.732031 0.577083 0.019271 0.019444
16 0.692708 0.608681 0.019792 0.021528
16 0.735677 0.608333 0.015104 0.020833
16 0.754948 0.609028 0.019271 0.019444
16 0.756771 0.624653 0.018750 0.020139
31 0.752865 0.576389 0.019271 0.025000
21 0.658594 0.615278 0.204687 0.097222
22 0.178125 0.285417 0.084375 0.115278
26 0.314583 0.194097 0.119792 0.189583
13 0.291667 0.373958 0.121875 0.129861
27 0.512760 0.203819 0.136979 0.296528
34 0.167187 0.481597 0.036458 0.143750
5 0.242708 0.575694 0.110417 0.288889
4 0.360417 0.531250 0.113542 0.273611
0 0.219010 0.736806 0.118229 0.231944
17 0.517708 0.196875 0.067708 0.025694
28 0.627083 0.321181 0.087500 0.111806
12 0.661458 0.449653 0.126042 0.140972
16 0.616667 0.239583 0.013542 0.043056
30 0.707812 0.370486 0.065625 0.071528
3 0.840885 0.540625 0.043229 0.100694
2 0.955469 0.626389 0.052604 0.202778
10 0.978385 0.623611 0.043229 0.137500
29 0.902344 0.534375 0.057813 0.177083
13 0.946615 0.481944 0.079687 0.125000
14 0.927083 0.419444 0.061458 0.077778
14 0.877604 0.367361 0.062500 0.081944
19 0.908854 0.432292 0.056250 0.060417
19 0.861198 0.388194 0.056771 0.072222
1 0.770312 0.502778 0.159375 0.200000
18 0.670052 0.430556 0.068229 0.041667
17 0.415885 0.502083 0.016146 0.098611
17 0.433854 0.503472 0.014583 0.098611
17 0.451042 0.504514 0.013542 0.099306
17 0.469271 0.507639 0.012500 0.090278
17 0.512240 0.509375 0.013021 0.089583
22 0.462500 0.513889 0.127083 0.119444
11 0.681771 0.239583 0.116667 0.206944
