0 0.110156 0.689583 0.220312 0.313889
2 0.159635 0.622569 0.319271 0.164583
6 0.350781 0.543056 0.108854 0.047222
1 0.712500 0.559028 0.234375 0.256944
24 0.558594 0.533333 0.146354 0.143056
25 0.613802 0.526736 0.135937 0.154861
3 0.289583 0.519792 0.075000 0.292361
34 0.157812 0.435069 0.030208 0.153472
11 0.247917 0.294444 0.144792 0.177778
22 0.246094 0.165625 0.093229 0.124306
26 0.326302 0.096875 0.138021 0.193750
10 0.390365 0.255556 0.148438 0.163889
30 0.452604 0.078472 0.057292 0.059722
16 0.530469 0.037847 0.027604 0.035417
27 0.550000 0.084028 0.132292 0.168056
14 0.505729 0.208681 0.046875 0.174306
13 0.622396 0.254861 0.130208 0.151389
17 0.654687 0.076389 0.059375 0.020833
28 0.741927 0.146875 0.085938 0.106250
14 0.717708 0.303819 0.068750 0.117361
19 0.697396 0.335069 0.065625 0.099306
16 0.725781 0.382292 0.015104 0.028472
16 0.738281 0.388542 0.017188 0.024306
16 0.750521 0.390972 0.015625 0.025000
16 0.761198 0.392708 0.015104 0.027083
16 0.773438 0.394792 0.014583 0.027083
16 0.727083 0.451389 0.015625 0.023611
16 0.761979 0.459375 0.017708 0.024306
16 0.805729 0.405208 0.016667 0.024306
16 0.817448 0.409722 0.015104 0.026389
16 0.827865 0.413194 0.015104 0.022222
31 0.885938 0.427083 0.020833 0.025000
16 0.871615 0.455903 0.009896 0.024306
16 0.887240 0.460417 0.018229 0.016667
16 0.888802 0.477431 0.016146 0.017361
21 0.795312 0.447569 0.187500 0.135417
12 0.807292 0.323264 0.129167 0.153472
29 0.923698 0.368403 0.111979 0.077083
5 0.919792 0.577083 0.056250 0.288889
4 0.944010 0.588194 0.035937 0.273611
