16 0.711198 0.490278 0.024479 0.051389
16 0.734375 0.492361 0.029167 0.047222
16 0.755208 0.494792 0.032292 0.043750
16 0.780208 0.491319 0.027083 0.052083
16 0.806250 0.495139 0.033333 0.044444
16 0.845313 0.500347 0.028125 0.054861
16 0.867448 0.498611 0.027604 0.048611
16 0.909115 0.501389 0.025521 0.051389
16 0.908333 0.567014 0.025000 0.049306
16 0.981771 0.508681 0.030208 0.036806
16 0.982292 0.564583 0.025000 0.038889
21 0.839323 0.557292 0.321354 0.163194
18 0.864844 0.235764 0.055729 0.147917
12 0.877344 0.248611 0.234896 0.231944
30 0.947135 0.087500 0.105729 0.129167
28 0.806771 0.050694 0.152083 0.101389
27 0.605729 0.046181 0.212500 0.092361
17 0.628385 0.373611 0.021354 0.154167
17 0.506510 0.385069 0.018229 0.143750
17 0.479687 0.387500 0.020833 0.158333
22 0.561979 0.380903 0.188542 0.188194
5 0.231250 0.337847 0.448958 0.267361
9 0.474219 0.375347 0.058854 0.159028
4 0.410677 0.413194 0.114062 0.397222
13 0.315104 0.223264 0.153125 0.190972
23 0.199219 0.150000 0.072396 0.159722
26 0.295312 0.045833 0.181250 0.091667
0 0.167448 0.413194 0.334896 0.388889
1 0.607552 0.624653 0.216146 0.431250
