0 0.491667 0.279167 0.164583 0.370833
2 0.529948 0.256597 0.073438 0.299306
14 0.553125 0.384375 0.047917 0.106250
19 0.566406 0.454514 0.048438 0.092361
1 0.635417 0.415625 0.220833 0.218750
12 0.684375 0.387847 0.142708 0.157639
13 0.504427 0.411111 0.073438 0.137500
16 0.593490 0.498264 0.015104 0.029861
16 0.608333 0.498611 0.014583 0.023611
16 0.621615 0.493750 0.014063 0.029167
16 0.634896 0.490278 0.014583 0.030556
16 0.649479 0.485417 0.014583 0.029167
16 0.603906 0.567708 0.015104 0.031250
16 0.645312 0.559375 0.014583 0.029861
16 0.777344 0.492014 0.014063 0.028472
31 0.794010 0.451736 0.020313 0.027083
16 0.802083 0.488889 0.019792 0.023611
16 0.806250 0.505208 0.018750 0.024306
21 0.697656 0.524653 0.239063 0.142361
24 0.470052 0.691667 0.140104 0.144444
5 0.879427 0.593056 0.117188 0.340278
4 0.907813 0.583333 0.102083 0.300000
13 0.975260 0.373264 0.049479 0.132639
29 0.834375 0.353472 0.151042 0.077778
28 0.599479 0.232639 0.070833 0.106944
16 0.365885 0.255208 0.017188 0.045139
27 0.372917 0.221181 0.128125 0.278472
30 0.322135 0.305556 0.048438 0.073611
14 0.339062 0.421181 0.065625 0.106250
10 0.282552 0.506944 0.132812 0.161111
11 0.191146 0.575347 0.118750 0.161806
22 0.176823 0.462153 0.064062 0.111806
26 0.213802 0.372222 0.131771 0.170833
3 0.229948 0.648264 0.034896 0.035417
34 0.147396 0.709722 0.013542 0.136111
