10 0.468750 0.908333 0.137500 0.181481
2 0.443229 0.883796 0.143750 0.230556
13 0.554948 0.767130 0.086979 0.191667
29 0.463802 0.712037 0.116146 0.140741
19 0.528906 0.576389 0.027604 0.089815
19 0.539323 0.657407 0.031771 0.077778
14 0.531510 0.546759 0.027604 0.104630
14 0.542188 0.629630 0.030208 0.105556
3 0.380208 0.661574 0.127083 0.163889
24 0.404427 0.549537 0.086979 0.123148
30 0.440885 0.454630 0.042188 0.072222
12 0.379948 0.446296 0.055729 0.127778
1 0.340885 0.454630 0.095312 0.122222
31 0.337500 0.529167 0.011458 0.026852
16 0.330729 0.516667 0.008333 0.016667
16 0.324219 0.546296 0.011979 0.020370
16 0.320052 0.532407 0.010937 0.020370
16 0.294531 0.438426 0.011979 0.017593
16 0.296875 0.442130 0.009375 0.017593
16 0.299219 0.446296 0.008854 0.014815
21 0.306510 0.516667 0.083854 0.148148
17 0.309896 0.403241 0.034375 0.030556
17 0.301823 0.387037 0.033854 0.029630
17 0.298177 0.380093 0.036979 0.030556
17 0.294792 0.373148 0.037500 0.029630
17 0.290885 0.367593 0.036979 0.029630
22 0.303125 0.393981 0.063542 0.080556
4 0.275521 0.349537 0.110417 0.063889
5 0.235677 0.328241 0.106771 0.082407
0 0.179688 0.366667 0.077083 0.124074
34 0.254427 0.283796 0.052604 0.036111
13 0.309115 0.287037 0.058854 0.087037
23 0.321094 0.219444 0.051562 0.055556
26 0.370052 0.216204 0.068229 0.128704
17 0.414323 0.272222 0.030729 0.024074
27 0.420052 0.275000 0.091146 0.205556
28 0.428125 0.392130 0.050000 0.086111
11 0.496875 0.375463 0.090625 0.180556
