23 0.594531 0.708333 0.106771 0.188889
34 0.646354 0.516204 0.044792 0.084259
5 0.611979 0.404167 0.085417 0.154630
0 0.650521 0.356944 0.060417 0.089815
4 0.550260 0.395833 0.107813 0.071296
5 0.545573 0.468981 0.085938 0.132407
17 0.492188 0.333796 0.027083 0.030556
17 0.507292 0.348611 0.028125 0.030556
17 0.512500 0.353241 0.030208 0.034259
17 0.518490 0.359259 0.029687 0.035185
17 0.525000 0.365278 0.030208 0.036111
22 0.509115 0.358333 0.071354 0.074074
26 0.457813 0.518981 0.102083 0.213889
17 0.380469 0.381019 0.038021 0.049074
27 0.370833 0.400463 0.141667 0.184259
28 0.375521 0.343519 0.051042 0.070370
11 0.302083 0.346759 0.088542 0.108333
30 0.364323 0.303704 0.034896 0.042593
31 0.438802 0.237963 0.006771 0.020370
16 0.445052 0.243981 0.007812 0.012037
16 0.446875 0.234722 0.009375 0.015741
16 0.450781 0.231481 0.007812 0.014815
16 0.466927 0.247685 0.006771 0.010185
16 0.458333 0.255556 0.009375 0.009259
16 0.466146 0.262037 0.006250 0.012963
16 0.468229 0.264815 0.007292 0.011111
16 0.491927 0.285648 0.008854 0.012037
16 0.488021 0.281481 0.007292 0.011111
16 0.484115 0.278241 0.006771 0.010185
16 0.480729 0.275463 0.006250 0.012037
16 0.476823 0.272685 0.006771 0.012037
21 0.474479 0.272685 0.081250 0.087963
18 0.423958 0.274537 0.013542 0.030556
18 0.396875 0.257870 0.020833 0.013889
12 0.424479 0.299074 0.065625 0.098148
24 0.385417 0.266204 0.044792 0.063889
3 0.383854 0.226852 0.031250 0.037037
1 0.425781 0.203704 0.057813 0.122222
29 0.355990 0.203241 0.067187 0.060185
2 0.369010 0.170370 0.065104 0.050000
10 0.358594 0.134259 0.056771 0.081481
13 0.315625 0.182407 0.041667 0.068519
14 0.302604 0.211111 0.025000 0.083333
14 0.305469 0.181944 0.021354 0.080556
19 0.309896 0.233333 0.026042 0.066667
19 0.315885 0.204167 0.021354 0.063889
16 0.453385 0.235648 0.006771 0.010185
