23 0.327344 0.807407 0.130729 0.175926
34 0.517188 0.851389 0.108333 0.075000
5 0.606771 0.719907 0.175000 0.108333
0 0.710156 0.802315 0.131771 0.160185
13 0.498698 0.635648 0.084896 0.169444
4 0.601562 0.625926 0.132292 0.155556
26 0.390625 0.530556 0.102083 0.209259
17 0.614583 0.509259 0.041667 0.027778
17 0.608333 0.535648 0.042708 0.028704
17 0.605729 0.544907 0.047917 0.032407
17 0.603385 0.555556 0.048438 0.031481
17 0.599740 0.566667 0.049479 0.035185
22 0.605729 0.550926 0.068750 0.112963
31 0.673177 0.392130 0.010937 0.025000
16 0.685417 0.397685 0.009375 0.019444
16 0.691667 0.400000 0.008333 0.018519
16 0.679948 0.426389 0.008854 0.010185
16 0.666146 0.422222 0.011458 0.012963
16 0.664583 0.432407 0.011458 0.009259
16 0.661719 0.437500 0.011979 0.012037
16 0.659635 0.449074 0.009896 0.011111
16 0.658333 0.456019 0.012500 0.010185
16 0.657813 0.460648 0.009375 0.008333
16 0.655729 0.467130 0.012500 0.010185
16 0.653385 0.476852 0.011979 0.012963
21 0.673958 0.458333 0.056250 0.131481
18 0.614583 0.381944 0.031250 0.043519
12 0.608594 0.412963 0.060937 0.111111
24 0.637240 0.371296 0.059896 0.066667
1 0.658854 0.333796 0.092708 0.086111
29 0.664062 0.290741 0.065625 0.035185
2 0.693490 0.286111 0.047396 0.025926
10 0.725000 0.249537 0.057292 0.071296
13 0.660156 0.255556 0.047396 0.061111
14 0.635677 0.243519 0.019271 0.074074
14 0.607812 0.256944 0.019792 0.076852
19 0.603646 0.281944 0.020833 0.058333
19 0.631250 0.267593 0.020833 0.059259
11 0.511458 0.328704 0.092708 0.100000
30 0.574479 0.368519 0.032292 0.055556
28 0.541406 0.394907 0.048438 0.084259
17 0.476823 0.389815 0.019271 0.055556
27 0.471615 0.392593 0.128646 0.224074
