1 0.751823 0.441319 0.206771 0.238194
27 0.377083 0.339583 0.154167 0.333333
21 0.573438 0.789236 0.244792 0.150694
22 0.357031 0.718750 0.134896 0.134722
23 0.048958 0.487153 0.076042 0.134028
26 0.155208 0.369444 0.136458 0.202778
34 0.053385 0.714583 0.020313 0.161111
13 0.151562 0.569444 0.119792 0.122222
17 0.369271 0.330903 0.039583 0.047917
0 0.289323 0.376042 0.127604 0.349306
28 0.513802 0.439931 0.093229 0.127083
16 0.498698 0.338889 0.009896 0.044444
11 0.567969 0.321181 0.144271 0.218750
30 0.614062 0.474306 0.072917 0.070833
17 0.640885 0.380903 0.073438 0.074306
14 0.822656 0.397222 0.040104 0.059722
15 0.884375 0.440278 0.040625 0.055556
20 0.863281 0.470139 0.040104 0.059722
13 0.901823 0.515625 0.090104 0.120139
10 0.963021 0.650000 0.073958 0.156944
3 0.794792 0.697222 0.081250 0.250000
24 0.697396 0.607639 0.109375 0.172222
12 0.563021 0.597569 0.147917 0.159028
4 0.242708 0.750000 0.089583 0.312500
17 0.299479 0.721181 0.011458 0.115972
16 0.468490 0.769792 0.017188 0.032639
16 0.482812 0.768056 0.019792 0.029167
16 0.497135 0.764583 0.021354 0.023611
16 0.514323 0.758681 0.015104 0.031250
16 0.531510 0.757292 0.019271 0.029861
16 0.559115 0.752431 0.018229 0.031250
16 0.572135 0.748264 0.015104 0.028472
16 0.601562 0.742708 0.015625 0.031250
16 0.608073 0.779861 0.017188 0.030556
16 0.652083 0.728819 0.021875 0.021528
16 0.659375 0.763194 0.021875 0.022222
16 0.684635 0.755903 0.019271 0.025694
16 0.687240 0.773611 0.020313 0.022222
31 0.678906 0.717014 0.019271 0.027083
2 0.909115 0.596875 0.036979 0.065972
