27 0.596875 0.125694 0.160417 0.251389
29 0.583333 0.392014 0.138542 0.068750
34 0.227083 0.417014 0.018750 0.145139
26 0.356250 0.064236 0.136458 0.128472
30 0.480729 0.084028 0.059375 0.063889
16 0.595313 0.084028 0.013542 0.022222
16 0.560677 0.377083 0.019271 0.063889
16 0.557552 0.456597 0.023438 0.027083
16 0.508073 0.485069 0.018229 0.029861
16 0.523698 0.488889 0.015104 0.030556
16 0.540104 0.490278 0.017708 0.030556
16 0.585156 0.500694 0.016146 0.033333
16 0.601042 0.501736 0.015625 0.031250
16 0.630990 0.507639 0.017188 0.033333
16 0.648438 0.473958 0.019792 0.024306
16 0.702865 0.519792 0.019271 0.027083
16 0.731250 0.544792 0.020833 0.021528
16 0.730729 0.521528 0.021875 0.025000
21 0.611198 0.515278 0.249479 0.143056
14 0.511979 0.193750 0.047917 0.175000
19 0.519271 0.257639 0.044792 0.095833
28 0.720573 0.226389 0.097396 0.125000
17 0.732031 0.108681 0.060937 0.024306
12 0.845313 0.275694 0.132292 0.138889
24 0.944531 0.340972 0.091146 0.116667
5 0.962760 0.545833 0.055729 0.270833
13 0.878646 0.426042 0.130208 0.146528
7 0.522917 0.391667 0.034375 0.040278
3 0.383854 0.210069 0.263542 0.353472
0 0.329427 0.301736 0.255729 0.474306
1 0.689063 0.419444 0.202083 0.198611
16 0.701042 0.487500 0.015625 0.020833
