34 0.245312 0.544444 0.034375 0.127778
22 0.233854 0.289815 0.063542 0.146296
26 0.286979 0.245370 0.106250 0.170370
30 0.374219 0.168519 0.050521 0.075926
16 0.473177 0.269444 0.008854 0.025926
16 0.421615 0.595370 0.007812 0.018519
16 0.430469 0.594444 0.007812 0.014815
16 0.518750 0.597222 0.010417 0.016667
16 0.518490 0.569907 0.010937 0.015741
16 0.534896 0.594907 0.011458 0.013889
16 0.533854 0.609722 0.012500 0.015741
31 0.534375 0.569444 0.009375 0.020370
21 0.479167 0.592130 0.127083 0.073148
29 0.484896 0.501852 0.093750 0.040741
27 0.455990 0.220833 0.110937 0.308333
28 0.540885 0.333796 0.060937 0.106481
12 0.627604 0.357407 0.082292 0.101852
17 0.562240 0.163426 0.045312 0.015741
24 0.715625 0.383333 0.080208 0.094444
14 0.820312 0.409259 0.054167 0.046296
19 0.799740 0.418056 0.047396 0.050926
14 0.404687 0.387963 0.037500 0.064815
19 0.417969 0.406944 0.025521 0.049074
13 0.847917 0.469444 0.103125 0.129630
10 0.883594 0.645370 0.093229 0.151852
2 0.820312 0.626389 0.036458 0.223148
4 0.726302 0.588426 0.039062 0.236111
5 0.700000 0.587037 0.047917 0.235185
13 0.636979 0.501852 0.077083 0.105556
3 0.290885 0.470370 0.082812 0.087037
7 0.331510 0.485185 0.005729 0.009259
0 0.281771 0.519444 0.073958 0.174074
11 0.329167 0.458796 0.112500 0.167593
1 0.378125 0.437500 0.110417 0.169444
