27 0.576302 0.282986 0.128646 0.285417
16 0.487760 0.615625 0.014063 0.027083
16 0.532552 0.592361 0.015104 0.030556
16 0.501042 0.619444 0.015625 0.029167
16 0.517708 0.622917 0.016667 0.025000
16 0.566667 0.633681 0.017708 0.024306
16 0.593750 0.639236 0.014583 0.027083
16 0.593750 0.607986 0.014583 0.027083
16 0.605729 0.611111 0.016667 0.025000
16 0.650781 0.621528 0.019271 0.022222
16 0.651302 0.652083 0.016146 0.026389
16 0.675521 0.656597 0.019792 0.018750
16 0.675000 0.672222 0.018750 0.019444
31 0.675781 0.624306 0.020313 0.027778
21 0.573438 0.645486 0.215625 0.131250
29 0.579427 0.545486 0.172396 0.079861
34 0.216406 0.510069 0.019271 0.140972
22 0.284635 0.298611 0.093229 0.113889
26 0.373177 0.251736 0.113021 0.186806
30 0.471875 0.253819 0.052083 0.052083
14 0.505729 0.365972 0.037500 0.148611
19 0.496094 0.419444 0.043229 0.084722
16 0.602083 0.298611 0.013542 0.015278
17 0.681771 0.307292 0.050000 0.024306
28 0.669271 0.410417 0.085417 0.109722
24 0.852604 0.508681 0.076042 0.099306
13 0.959896 0.590972 0.077083 0.119444
14 0.947135 0.526736 0.057813 0.070139
19 0.927083 0.544097 0.054167 0.065972
2 0.964844 0.730208 0.046354 0.199306
3 0.347917 0.661806 0.197917 0.177778
0 0.381250 0.705556 0.142708 0.263889
1 0.759115 0.433681 0.125521 0.202083
16 0.701302 0.373611 0.026562 0.038889
11 0.371094 0.457292 0.140104 0.163194
2 0.879948 0.598264 0.035937 0.063194
