27 0.592187 0.147917 0.164583 0.295833
22 0.213281 0.236458 0.086979 0.134028
26 0.357031 0.119792 0.141146 0.215972
30 0.815104 0.317361 0.076042 0.083333
14 0.980208 0.331944 0.039583 0.065278
16 0.709375 0.159028 0.014583 0.047222
17 0.599479 0.115278 0.076042 0.027778
28 0.727604 0.257292 0.098958 0.129861
24 0.880990 0.469097 0.094271 0.161806
3 0.955469 0.591667 0.050521 0.258333
11 0.784896 0.161806 0.128125 0.243056
5 0.300521 0.497569 0.384375 0.218750
12 0.769531 0.414583 0.147396 0.159722
19 0.972396 0.343403 0.055208 0.078472
13 0.341146 0.322222 0.136458 0.147222
4 0.429948 0.510764 0.116146 0.325694
9 0.515885 0.518403 0.058854 0.140972
17 0.503125 0.477431 0.015625 0.117361
17 0.523177 0.478125 0.014063 0.120139
17 0.543490 0.479514 0.014063 0.118750
17 0.563542 0.479514 0.013542 0.117361
17 0.583854 0.479861 0.014583 0.112500
17 0.612500 0.475694 0.015625 0.097222
22 0.557292 0.486111 0.140625 0.134722
16 0.679688 0.569097 0.016667 0.024306
16 0.693229 0.565278 0.015625 0.020833
21 0.761979 0.610069 0.219792 0.104861
1 0.679427 0.473958 0.214062 0.228472
18 0.768229 0.402778 0.023958 0.104167
31 0.866667 0.565278 0.023958 0.026389
0 0.213542 0.530208 0.300000 0.329861
22 0.557031 0.482292 0.138021 0.139583
