26 0.704688 0.239352 0.066667 0.137963
3 0.627604 0.120370 0.030208 0.118519
11 0.619531 0.235648 0.064062 0.128704
0 0.610156 0.130093 0.063021 0.106481
1 0.613542 0.235648 0.080208 0.117593
14 0.621875 0.266667 0.029167 0.101852
19 0.613542 0.300926 0.022917 0.066667
16 0.646875 0.331481 0.015625 0.038889
16 0.564844 0.289815 0.008854 0.012963
16 0.553646 0.280093 0.005208 0.008333
16 0.520052 0.296759 0.007812 0.010185
16 0.526302 0.306944 0.006771 0.008333
16 0.529167 0.299074 0.008333 0.007407
16 0.530208 0.284722 0.007292 0.008333
16 0.525521 0.287963 0.007292 0.009259
16 0.503906 0.316204 0.008854 0.008333
16 0.513802 0.321759 0.006771 0.008333
16 0.497917 0.326389 0.006250 0.012037
16 0.493490 0.322222 0.007812 0.011111
31 0.507292 0.331944 0.009375 0.017593
21 0.519792 0.321296 0.075000 0.085185
29 0.554688 0.326852 0.044792 0.081481
28 0.597917 0.406019 0.054167 0.087963
27 0.674740 0.328704 0.136979 0.185185
17 0.674740 0.490278 0.023438 0.058333
12 0.551042 0.465741 0.072917 0.135185
13 0.484375 0.430556 0.073958 0.120370
5 0.410417 0.459722 0.109375 0.093519
4 0.396094 0.503704 0.106771 0.087037
24 0.489583 0.569907 0.085417 0.134259
14 0.412760 0.596296 0.030729 0.112963
19 0.419271 0.631944 0.034375 0.091667
13 0.355469 0.673148 0.102604 0.164815
10 0.246615 0.611574 0.120313 0.184259
2 0.321094 0.600926 0.061979 0.062963
