5 0.983333 0.790972 0.033333 0.258333
13 0.946875 0.660069 0.104167 0.136806
24 0.984896 0.583333 0.030208 0.102778
12 0.936979 0.516667 0.107292 0.141667
28 0.841146 0.452083 0.090625 0.126389
17 0.858854 0.336111 0.050000 0.036111
16 0.787240 0.315625 0.017188 0.017361
27 0.761979 0.298264 0.152083 0.304861
14 0.690365 0.345486 0.046354 0.092361
30 0.646094 0.242014 0.056771 0.063194
26 0.550000 0.224306 0.113542 0.197222
22 0.448437 0.250000 0.096875 0.102778
3 0.468490 0.381250 0.052604 0.326389
0 0.423698 0.426042 0.197396 0.384028
1 0.626823 0.390625 0.197396 0.177083
11 0.538802 0.426389 0.142187 0.190278
29 0.680208 0.561458 0.053125 0.068750
16 0.683594 0.629167 0.017188 0.030556
16 0.636979 0.650694 0.015625 0.025000
16 0.690104 0.670486 0.015625 0.027083
16 0.704688 0.675347 0.013542 0.022917
16 0.716667 0.681597 0.013542 0.021528
16 0.742969 0.662847 0.009896 0.018750
16 0.741146 0.690278 0.014583 0.029167
21 0.683594 0.681250 0.151562 0.145833
