26 0.334896 0.170139 0.125000 0.186111
23 0.227083 0.288194 0.071875 0.119444
13 0.335677 0.323264 0.114062 0.132639
34 0.230469 0.445833 0.016146 0.080556
5 0.331771 0.528819 0.069792 0.284028
4 0.239063 0.538889 0.478125 0.181944
8 0.493229 0.579167 0.052083 0.018056
0 0.164062 0.650000 0.328125 0.387500
34 0.031771 0.266319 0.028125 0.059028
34 0.019010 0.257639 0.025521 0.025000
17 0.538021 0.135417 0.072917 0.050000
27 0.538021 0.145486 0.160417 0.290972
16 0.658854 0.151389 0.010417 0.043056
28 0.674219 0.236458 0.090104 0.117361
11 0.727604 0.137153 0.138542 0.214583
30 0.768229 0.278472 0.073958 0.070833
12 0.718229 0.373958 0.140625 0.139583
18 0.845313 0.416667 0.027083 0.102778
24 0.848177 0.415625 0.104688 0.157639
19 0.949740 0.276042 0.060937 0.086806
14 0.966927 0.249653 0.066146 0.099306
19 0.989583 0.339236 0.020833 0.038194
29 0.985156 0.427431 0.029687 0.174306
3 0.937500 0.530903 0.067708 0.265972
17 0.542448 0.331944 0.076563 0.020833
17 0.543229 0.350347 0.078125 0.020139
17 0.544271 0.369444 0.078125 0.020833
17 0.545833 0.390972 0.080208 0.023611
17 0.545312 0.409375 0.082292 0.020139
17 0.547396 0.441667 0.073958 0.020833
22 0.547656 0.396528 0.089063 0.155556
16 0.593750 0.505903 0.020833 0.072917
31 0.760417 0.476389 0.020833 0.026389
16 0.764583 0.517708 0.021875 0.024306
16 0.766406 0.536458 0.022396 0.025694
16 0.738021 0.518750 0.016667 0.030556
16 0.732292 0.484722 0.022917 0.023611
16 0.680990 0.488889 0.022396 0.026389
16 0.653385 0.488542 0.016146 0.028472
16 0.639323 0.488889 0.015104 0.030556
16 0.613281 0.482986 0.015104 0.011806
16 0.579688 0.493056 0.018750 0.023611
16 0.566406 0.494792 0.018229 0.028472
16 0.552083 0.495139 0.015625 0.031944
21 0.656510 0.535417 0.239063 0.115278
1 0.646094 0.630208 0.153646 0.304861
