24 0.496615 0.585648 0.036979 0.091667
3 0.324219 0.619907 0.039062 0.219444
34 0.231250 0.572685 0.020833 0.139815
11 0.273958 0.451389 0.109375 0.141667
10 0.364844 0.421759 0.090104 0.108333
14 0.424479 0.395833 0.035417 0.065741
19 0.435156 0.414815 0.027604 0.050000
13 0.497917 0.376389 0.077083 0.110185
12 0.619010 0.397685 0.080729 0.100926
29 0.726302 0.392130 0.114062 0.041667
2 0.569271 0.407870 0.048958 0.065741
0 0.538542 0.445833 0.083333 0.167593
1 0.597135 0.476852 0.086979 0.144444
16 0.559115 0.480556 0.008854 0.016667
16 0.565625 0.480093 0.007292 0.019444
16 0.573958 0.479167 0.009375 0.019444
16 0.558854 0.527778 0.009375 0.024074
16 0.579167 0.529167 0.009375 0.023148
16 0.627604 0.476852 0.007292 0.016667
16 0.655469 0.507407 0.009896 0.024074
16 0.670312 0.507407 0.013542 0.014815
16 0.670052 0.520370 0.013021 0.016667
31 0.670833 0.481019 0.012500 0.021296
21 0.610677 0.506481 0.128646 0.072222
5 0.699219 0.586574 0.051562 0.236111
4 0.726562 0.587963 0.038542 0.237037
13 0.848177 0.462500 0.104688 0.141667
28 0.586198 0.199074 0.063021 0.118519
17 0.523177 0.118056 0.047396 0.015741
16 0.428646 0.163426 0.013542 0.017593
27 0.435156 0.139815 0.115104 0.279630
30 0.372917 0.169444 0.050000 0.077778
26 0.287500 0.244907 0.108333 0.171296
22 0.234115 0.290741 0.064062 0.146296
