4 0.367969 0.509028 0.058854 0.323611
23 0.193229 0.311458 0.046875 0.152083
26 0.237500 0.138194 0.175000 0.206944
13 0.275781 0.352778 0.120313 0.148611
27 0.496875 0.097222 0.212500 0.194444
28 0.693490 0.065625 0.161979 0.131250
30 0.873698 0.063194 0.134896 0.126389
24 0.967969 0.308333 0.064062 0.305556
12 0.792448 0.273611 0.274479 0.290278
18 0.755208 0.251042 0.072917 0.179861
16 0.630208 0.580903 0.022917 0.052083
16 0.653125 0.579167 0.029167 0.047222
16 0.676042 0.576389 0.033333 0.038889
16 0.702604 0.568403 0.025000 0.053472
16 0.731510 0.565625 0.031771 0.046528
16 0.775781 0.564236 0.026562 0.056250
16 0.801302 0.556944 0.025521 0.054167
16 0.854427 0.551736 0.025521 0.057639
16 0.859115 0.622222 0.026562 0.054167
16 0.946094 0.535764 0.040104 0.036806
16 0.952604 0.603819 0.035417 0.042361
16 0.989583 0.593750 0.020833 0.037500
16 0.990365 0.627083 0.019271 0.037500
31 0.987760 0.521875 0.024479 0.045139
21 0.807813 0.611111 0.384375 0.209722
17 0.546615 0.469097 0.025521 0.152083
9 0.501042 0.477083 0.085417 0.161111
5 0.275781 0.485764 0.439063 0.217361
22 0.520052 0.473611 0.127604 0.190278
1 0.516667 0.742014 0.261458 0.397917
0 0.207031 0.568750 0.289062 0.313889
