12 0.495573 0.757870 0.104688 0.225000
13 0.557031 0.670833 0.103646 0.193519
29 0.601302 0.642593 0.101562 0.177778
4 0.392969 0.643056 0.148438 0.156481
5 0.376302 0.603704 0.154688 0.175926
3 0.358073 0.556944 0.130729 0.126852
11 0.485417 0.515278 0.097917 0.186111
10 0.423438 0.425000 0.084375 0.168519
25 0.291927 0.385648 0.061979 0.100926
24 0.335156 0.345833 0.069271 0.099074
31 0.402344 0.303704 0.010937 0.018519
16 0.409375 0.315278 0.011458 0.012037
16 0.415104 0.325926 0.012500 0.012963
16 0.400000 0.328241 0.009375 0.013889
16 0.392188 0.312500 0.011458 0.012037
16 0.395833 0.293056 0.010417 0.012037
16 0.392969 0.288426 0.010937 0.012037
16 0.390104 0.282407 0.008333 0.012963
16 0.387240 0.278704 0.009896 0.012963
16 0.369792 0.253241 0.011458 0.017593
16 0.377604 0.264815 0.011458 0.012963
16 0.353385 0.262037 0.009896 0.012963
16 0.358073 0.269444 0.010937 0.011111
21 0.383333 0.312037 0.078125 0.114815
14 0.432812 0.302778 0.032292 0.120370
19 0.433854 0.337963 0.026042 0.074074
28 0.464062 0.260648 0.025000 0.084259
26 0.507292 0.275000 0.077083 0.185185
16 0.429688 0.182870 0.008333 0.039815
27 0.437240 0.153704 0.071354 0.216667
17 0.396615 0.173611 0.024479 0.025000
30 0.345052 0.205556 0.035937 0.055556
22 0.302604 0.175000 0.042708 0.066667
2 0.255208 0.140278 0.031250 0.073148
19 0.264323 0.266667 0.013021 0.029630
1 0.255729 0.206019 0.073958 0.189815
0 0.230469 0.237037 0.088021 0.092593
13 0.666146 0.494907 0.096875 0.154630
