27 0.427344 0.185417 0.169271 0.330556
31 0.623437 0.485417 0.020833 0.031944
16 0.625000 0.523958 0.022917 0.025694
16 0.627083 0.559028 0.019792 0.033333
16 0.597656 0.521875 0.018229 0.029861
16 0.540365 0.486806 0.016146 0.030556
16 0.498437 0.485417 0.016667 0.030556
16 0.412760 0.484028 0.019271 0.031944
16 0.470313 0.519444 0.015625 0.031944
16 0.499740 0.557292 0.016146 0.031250
16 0.450521 0.551389 0.022917 0.037500
16 0.409635 0.511806 0.018229 0.012500
16 0.423177 0.512500 0.015104 0.012500
0 0.391667 0.634375 0.147917 0.268750
21 0.517188 0.532986 0.239583 0.103472
29 0.471354 0.432639 0.195833 0.080556
24 0.121094 0.329861 0.103646 0.101389
13 0.142708 0.393750 0.121875 0.140278
22 0.253385 0.340625 0.101562 0.142361
17 0.253125 0.248611 0.060417 0.019444
13 0.158073 0.208681 0.099479 0.111806
12 0.251563 0.174306 0.112500 0.105556
14 0.325781 0.301389 0.065104 0.173611
19 0.341927 0.360764 0.057813 0.097917
16 0.458854 0.214583 0.028125 0.054167
28 0.572656 0.267014 0.092188 0.117361
30 0.648958 0.303472 0.068750 0.068056
26 0.683854 0.191319 0.141667 0.200694
19 0.586458 0.384375 0.058333 0.097917
14 0.598958 0.348264 0.058333 0.122917
10 0.804948 0.376042 0.132812 0.171528
11 0.725781 0.494792 0.164062 0.167361
2 0.774479 0.705903 0.085417 0.270139
4 0.811458 0.692708 0.048958 0.261806
5 0.844792 0.636111 0.053125 0.148611
1 0.888281 0.799653 0.223438 0.274306
34 0.179688 0.642014 0.046875 0.188194
3 0.825000 0.756597 0.346875 0.127083
7 0.611198 0.700000 0.082812 0.033333
