0 0.470052 0.608333 0.171354 0.286111
22 0.256510 0.371528 0.102604 0.152778
30 0.364063 0.340278 0.080208 0.065278
17 0.423698 0.188889 0.064062 0.044444
16 0.552604 0.105556 0.012500 0.016667
16 0.514583 0.389931 0.018750 0.028472
16 0.559375 0.389931 0.018750 0.025694
16 0.515365 0.421875 0.020313 0.020139
16 0.626302 0.388889 0.021354 0.023611
16 0.544271 0.420486 0.016667 0.027083
16 0.573438 0.421181 0.015625 0.027083
16 0.559896 0.455556 0.016667 0.029167
16 0.600521 0.419792 0.017708 0.025694
16 0.617448 0.453819 0.016146 0.032639
16 0.669010 0.420486 0.017188 0.025694
16 0.690104 0.388542 0.016667 0.027083
16 0.715365 0.388194 0.016146 0.026389
16 0.707812 0.419792 0.017708 0.027083
21 0.616146 0.436806 0.233333 0.100000
31 0.536719 0.512847 0.035937 0.029861
14 0.472917 0.279167 0.042708 0.122222
19 0.484115 0.314583 0.049479 0.098611
27 0.551823 0.126389 0.169271 0.252778
28 0.687760 0.197569 0.089063 0.110417
26 0.834896 0.195833 0.158333 0.226389
14 0.803906 0.280903 0.079687 0.159028
19 0.778646 0.334028 0.064583 0.097222
13 0.979948 0.292708 0.040104 0.104861
24 0.941667 0.402083 0.096875 0.102778
10 0.933333 0.472569 0.130208 0.163194
4 0.982292 0.709375 0.035417 0.296528
5 0.947135 0.696528 0.058854 0.301389
2 0.880990 0.684375 0.052604 0.292361
3 0.841667 0.704861 0.072917 0.294444
11 0.807292 0.471875 0.164583 0.174306
1 0.670573 0.658333 0.196354 0.318056
