21 0.715104 0.489236 0.240625 0.236806
27 0.780729 0.127083 0.203125 0.254167
17 0.584375 0.050000 0.086458 0.050000
16 0.816406 0.078472 0.023438 0.023611
28 0.855990 0.256944 0.098437 0.141667
19 0.592448 0.272569 0.083854 0.118750
14 0.615365 0.233333 0.094271 0.141667
30 0.472396 0.215972 0.111458 0.127778
22 0.310937 0.185417 0.170833 0.231944
26 0.945833 0.323264 0.108333 0.136806
10 0.967187 0.682292 0.065625 0.121528
12 0.979948 0.859028 0.040104 0.118056
4 0.922656 0.872222 0.092188 0.244444
5 0.905469 0.854861 0.097396 0.255556
7 0.664323 0.462500 0.065104 0.016667
31 0.634896 0.452778 0.042708 0.055556
16 0.637240 0.421181 0.023438 0.028472
16 0.648438 0.380903 0.025000 0.034028
16 0.691927 0.411458 0.027604 0.027083
16 0.670573 0.442708 0.018229 0.036806
16 0.710156 0.474653 0.021354 0.014583
16 0.734375 0.487500 0.023958 0.031944
16 0.711719 0.521528 0.023438 0.025000
16 0.758073 0.456944 0.015104 0.034722
16 0.809115 0.500000 0.022396 0.033333
16 0.780729 0.520139 0.022917 0.031944
16 0.830469 0.515625 0.020313 0.028472
16 0.812240 0.542361 0.022396 0.034722
16 0.582552 0.474306 0.083854 0.066667
3 0.842708 0.461806 0.314583 0.086111
1 0.905729 0.539583 0.188542 0.386111
0 0.499740 0.572222 0.214062 0.311111
11 0.828906 0.579861 0.074479 0.138889
