14 0.561719 0.279167 0.033854 0.104630
21 0.566667 0.251852 0.078125 0.118519
13 0.522135 0.710185 0.109896 0.212963
29 0.386979 0.638426 0.098958 0.193519
13 0.355990 0.576852 0.106771 0.179630
12 0.299740 0.525926 0.106771 0.174074
11 0.448177 0.442593 0.100521 0.179630
10 0.481510 0.330556 0.079687 0.150000
3 0.402865 0.344444 0.083854 0.090741
5 0.375521 0.362037 0.089583 0.114815
4 0.360938 0.407870 0.087500 0.108333
25 0.490885 0.206944 0.060937 0.075000
24 0.528646 0.225463 0.061458 0.084259
2 0.494271 0.054167 0.017708 0.039815
14 0.508854 0.066667 0.033333 0.075926
19 0.520573 0.099074 0.029687 0.044444
0 0.511198 0.061574 0.049479 0.084259
1 0.457552 0.052778 0.071354 0.105556
31 0.570573 0.259259 0.009896 0.020370
16 0.536979 0.270833 0.011458 0.015741
16 0.585417 0.233333 0.007292 0.016667
16 0.582812 0.236111 0.011458 0.011111
16 0.580990 0.245833 0.006771 0.013889
16 0.576042 0.249074 0.007292 0.018519
16 0.588281 0.193519 0.016146 0.018519
16 0.579167 0.198148 0.008333 0.012963
16 0.601042 0.201389 0.008333 0.017593
16 0.597917 0.208796 0.008333 0.010185
16 0.594792 0.215278 0.010417 0.012037
19 0.553385 0.311111 0.026562 0.083333
26 0.620052 0.343056 0.092188 0.199074
28 0.673698 0.325463 0.025521 0.095370
16 0.673438 0.205556 0.020833 0.037037
27 0.705469 0.197222 0.141146 0.229630
30 0.637500 0.159259 0.033333 0.057407
22 0.632292 0.099074 0.060417 0.064815
34 0.764583 0.060648 0.017708 0.041667
17 0.698698 0.181944 0.008854 0.025000
