0 0.414062 0.614236 0.203125 0.257639
1 0.938281 0.345486 0.123438 0.338194
10 0.790625 0.472569 0.145833 0.150694
11 0.869271 0.451042 0.061458 0.081250
5 0.889062 0.284722 0.055208 0.106944
12 0.983854 0.628819 0.032292 0.093750
2 0.889062 0.286806 0.221875 0.077778
6 0.759375 0.323264 0.060417 0.032639
14 0.721615 0.326389 0.100521 0.145833
14 0.406510 0.282292 0.049479 0.127083
16 0.450260 0.351389 0.015104 0.033333
16 0.494531 0.358333 0.018229 0.026389
16 0.535937 0.361458 0.016667 0.031250
16 0.550260 0.363889 0.016146 0.031944
16 0.563802 0.367708 0.015104 0.031250
16 0.578125 0.368750 0.016667 0.033333
16 0.629948 0.378819 0.017188 0.029861
16 0.447917 0.404514 0.014583 0.031250
16 0.479167 0.407986 0.015625 0.029861
16 0.605469 0.406597 0.017188 0.025694
16 0.654427 0.383333 0.017188 0.023611
16 0.645312 0.415278 0.015625 0.023611
16 0.656510 0.449653 0.017188 0.031250
31 0.606510 0.370833 0.016146 0.030556
19 0.693229 0.375347 0.069792 0.090972
19 0.410417 0.323958 0.050000 0.099306
21 0.544271 0.412847 0.236458 0.127083
22 0.117969 0.416319 0.104688 0.188194
24 0.554688 0.580556 0.166667 0.151389
25 0.532552 0.734375 0.148438 0.136806
26 0.749740 0.191667 0.168229 0.230556
27 0.437500 0.132639 0.207292 0.265278
28 0.596094 0.184722 0.096354 0.122222
29 0.272396 0.329167 0.089583 0.083333
17 0.297917 0.175694 0.072917 0.052778
16 0.479167 0.136111 0.020833 0.056944
