21 0.570573 0.328472 0.254688 0.138889
22 0.129167 0.348611 0.103125 0.195833
30 0.282813 0.246875 0.093750 0.086806
17 0.304688 0.090972 0.069792 0.058333
14 0.365885 0.142708 0.058854 0.210417
19 0.385937 0.218056 0.062500 0.112500
27 0.464323 0.087153 0.202604 0.174306
28 0.626302 0.086458 0.104688 0.131250
26 0.795573 0.110417 0.184896 0.220833
13 0.957552 0.210764 0.084896 0.122917
14 0.753125 0.216319 0.089583 0.167361
19 0.730990 0.281597 0.078646 0.104861
2 0.780208 0.407292 0.348958 0.225694
6 0.588802 0.507986 0.069271 0.029861
1 0.875000 0.518750 0.250000 0.425000
5 0.897917 0.699306 0.048958 0.176389
24 0.595833 0.526736 0.170833 0.153472
25 0.584635 0.692361 0.157812 0.144444
0 0.450521 0.559375 0.212500 0.271528
16 0.690104 0.298611 0.021875 0.025000
16 0.678646 0.327778 0.019792 0.029167
16 0.692187 0.367014 0.016667 0.029861
16 0.663281 0.289931 0.019271 0.032639
16 0.636458 0.320486 0.020833 0.027083
16 0.607812 0.277083 0.015625 0.029167
16 0.592187 0.274653 0.015625 0.028472
16 0.576042 0.270139 0.018750 0.027778
16 0.560937 0.269792 0.016667 0.031250
16 0.515104 0.265972 0.022917 0.027778
16 0.467187 0.258681 0.016667 0.032639
16 0.466146 0.314236 0.018750 0.031250
16 0.496875 0.319097 0.017708 0.032639
31 0.636458 0.280903 0.019792 0.034028
29 0.989583 0.388889 0.020833 0.034722
12 0.984635 0.575694 0.030729 0.108333
