2 0.533594 0.776042 0.116146 0.293750
5 0.647917 0.687847 0.128125 0.318750
4 0.669792 0.593750 0.050000 0.159722
12 0.813021 0.500694 0.131250 0.138889
13 0.763542 0.403472 0.107292 0.129167
29 0.747917 0.336806 0.075000 0.048611
11 0.604948 0.448958 0.146354 0.231250
7 0.614062 0.448958 0.010417 0.017361
3 0.643750 0.315625 0.066667 0.254861
1 0.673438 0.371875 0.147917 0.340972
10 0.508594 0.540972 0.114062 0.193056
0 0.494792 0.429861 0.157292 0.186111
31 0.283594 0.553472 0.020313 0.031944
16 0.326302 0.531944 0.018229 0.026389
16 0.305208 0.543056 0.015625 0.027778
16 0.316927 0.565278 0.015104 0.015278
16 0.263021 0.564236 0.016667 0.027083
16 0.285417 0.580903 0.014583 0.022917
16 0.251823 0.569792 0.019271 0.025694
16 0.242188 0.576042 0.019792 0.024306
16 0.232552 0.580208 0.018229 0.025694
16 0.202865 0.596875 0.018229 0.027083
16 0.177083 0.610069 0.016667 0.025694
16 0.196094 0.645139 0.013021 0.023611
16 0.179948 0.652778 0.017188 0.026389
21 0.260677 0.608681 0.171354 0.163194
22 0.025000 0.766667 0.050000 0.152778
30 0.085417 0.654861 0.057292 0.076389
19 0.139583 0.605208 0.067708 0.074306
14 0.107292 0.570139 0.097917 0.111111
17 0.095052 0.518750 0.023438 0.040278
16 0.158333 0.435069 0.031250 0.039583
27 0.137760 0.418056 0.199479 0.243056
28 0.271875 0.392708 0.085417 0.111806
14 0.344792 0.445486 0.062500 0.145139
19 0.354687 0.493056 0.044792 0.062500
26 0.364323 0.319444 0.155729 0.205556
13 0.622396 0.226389 0.100000 0.108333
