31 0.483073 0.366667 0.011979 0.022222
7 0.478125 0.339352 0.014583 0.036111
3 0.436979 0.237500 0.075000 0.180556
1 0.433854 0.192130 0.073958 0.123148
0 0.537500 0.339815 0.072917 0.077778
16 0.499219 0.334722 0.015104 0.012037
30 0.513281 0.486574 0.048438 0.078704
22 0.580729 0.534259 0.087500 0.137037
17 0.421615 0.568056 0.043229 0.039815
27 0.332031 0.470833 0.142187 0.175000
28 0.316667 0.414815 0.052083 0.081481
19 0.458333 0.427778 0.027083 0.081481
14 0.454167 0.395833 0.021875 0.102778
16 0.478906 0.367593 0.005729 0.012963
16 0.477604 0.373611 0.006250 0.010185
16 0.469792 0.385185 0.009375 0.014815
16 0.468229 0.364352 0.007292 0.013889
16 0.454948 0.338889 0.009896 0.014815
16 0.433333 0.351389 0.009375 0.010185
16 0.429948 0.331481 0.009896 0.009259
16 0.413542 0.332870 0.007292 0.010185
16 0.418229 0.321296 0.008333 0.011111
16 0.405990 0.329630 0.007812 0.016667
21 0.449219 0.365278 0.091146 0.102778
19 0.358854 0.329630 0.028125 0.074074
14 0.344010 0.298148 0.035937 0.109259
11 0.397656 0.294907 0.072396 0.108333
10 0.359375 0.253704 0.058333 0.107407
12 0.348958 0.180556 0.045833 0.064815
13 0.314323 0.205556 0.047396 0.072222
29 0.292187 0.219907 0.037500 0.052778
24 0.327865 0.276389 0.027604 0.056481
26 0.290365 0.311574 0.081771 0.154630
13 0.221875 0.267593 0.056250 0.083333
16 0.351823 0.450000 0.015104 0.042593
34 0.622917 0.968056 0.043750 0.062037
2 0.420052 0.255093 0.028646 0.021296
4 0.391146 0.218981 0.026042 0.021296
5 0.398177 0.230556 0.023438 0.024074
