3 0.445833 0.240278 0.047917 0.052778
26 0.311458 0.287963 0.086458 0.157407
11 0.360938 0.239352 0.057292 0.093519
10 0.393490 0.271759 0.066146 0.115741
5 0.416146 0.201852 0.060417 0.050000
14 0.432552 0.265741 0.020313 0.087037
19 0.436719 0.293056 0.022396 0.069444
1 0.440625 0.215741 0.063542 0.081481
25 0.509896 0.276389 0.060417 0.063889
24 0.478385 0.303241 0.064062 0.067593
0 0.556510 0.248611 0.079687 0.073148
16 0.418750 0.299537 0.007292 0.013889
16 0.415625 0.312037 0.008333 0.011111
16 0.409115 0.306944 0.008854 0.012037
16 0.419271 0.337963 0.007292 0.012963
16 0.429427 0.350463 0.007812 0.012037
16 0.436719 0.359722 0.008854 0.010185
16 0.442448 0.363889 0.006771 0.012963
16 0.445312 0.370833 0.006250 0.012037
16 0.450000 0.374074 0.007292 0.011111
16 0.452604 0.380093 0.009375 0.012037
31 0.398698 0.312500 0.006771 0.021296
21 0.433333 0.358333 0.077083 0.109259
14 0.477344 0.368519 0.024479 0.116667
19 0.482031 0.405093 0.025521 0.076852
30 0.367448 0.305556 0.032813 0.046296
28 0.357292 0.346296 0.047917 0.077778
27 0.391667 0.412963 0.093750 0.161111
22 0.510938 0.462500 0.083333 0.119444
13 0.573698 0.507407 0.091146 0.140741
17 0.481771 0.543056 0.036458 0.060185
34 0.576823 0.353241 0.055729 0.045370
13 0.309896 0.196759 0.044792 0.054630
