5 0.353646 0.728241 0.159375 0.200926
4 0.341667 0.676852 0.152083 0.161111
2 0.326562 0.647685 0.111458 0.187963
11 0.399219 0.521759 0.093229 0.163889
10 0.493490 0.522222 0.076563 0.170370
30 0.469792 0.424074 0.040625 0.062963
28 0.453125 0.375000 0.051042 0.079630
26 0.511198 0.362037 0.072396 0.170370
16 0.347656 0.353704 0.010937 0.033333
16 0.325521 0.376852 0.009375 0.016667
16 0.357812 0.462963 0.010417 0.014815
16 0.352344 0.450926 0.008854 0.016667
16 0.319010 0.423148 0.010937 0.014815
16 0.342187 0.405556 0.009375 0.016667
16 0.351302 0.422222 0.010937 0.016667
16 0.325521 0.403241 0.011458 0.010185
16 0.322656 0.398148 0.009896 0.012963
16 0.320573 0.393056 0.007812 0.008333
16 0.317969 0.387037 0.009896 0.011111
21 0.338802 0.439815 0.073438 0.135185
29 0.363021 0.392130 0.052083 0.091667
7 0.404167 0.284259 0.025000 0.020370
3 0.372917 0.259259 0.047917 0.046296
1 0.335938 0.226852 0.058333 0.070370
16 0.414844 0.296296 0.010937 0.035185
14 0.398698 0.385185 0.024479 0.092593
19 0.404687 0.412963 0.027083 0.077778
19 0.352083 0.322222 0.025000 0.066667
14 0.345313 0.279167 0.017708 0.047222
0 0.309896 0.290741 0.071875 0.027778
22 0.353125 0.292593 0.046875 0.079630
13 0.290365 0.253241 0.039062 0.056481
13 0.366667 0.206019 0.048958 0.071296
12 0.402865 0.227315 0.052604 0.078704
27 0.422135 0.271759 0.088021 0.206481
34 0.299740 0.054167 0.018229 0.019444
31 0.369792 0.449537 0.008333 0.019444
