21 0.588542 0.474537 0.061458 0.130556
11 0.617969 0.377778 0.061979 0.118519
22 0.485417 0.717130 0.110417 0.156481
17 0.417969 0.525463 0.021354 0.069444
30 0.506250 0.598611 0.045833 0.093519
19 0.527865 0.518981 0.027604 0.091667
14 0.530990 0.490278 0.026562 0.113889
16 0.447135 0.361111 0.007812 0.016667
31 0.457292 0.316204 0.016667 0.045370
27 0.437500 0.369907 0.129167 0.212037
28 0.496094 0.368981 0.047396 0.080556
1 0.493229 0.261574 0.101042 0.097222
26 0.534115 0.315278 0.046354 0.097222
19 0.572656 0.357870 0.022396 0.069444
14 0.575521 0.345370 0.016667 0.059259
16 0.591667 0.401389 0.010417 0.019444
16 0.588542 0.411111 0.011458 0.014815
16 0.602083 0.413426 0.011458 0.019444
16 0.595313 0.415741 0.008333 0.009259
16 0.580469 0.438426 0.010937 0.013889
16 0.565365 0.492593 0.011979 0.016667
16 0.571354 0.471296 0.010417 0.016667
16 0.578906 0.499074 0.010937 0.016667
16 0.583333 0.482407 0.013542 0.012963
16 0.599740 0.481019 0.009896 0.013889
16 0.604167 0.461111 0.008333 0.012963
16 0.587760 0.462037 0.010937 0.012963
16 0.591927 0.450000 0.009896 0.012963
16 0.597917 0.425463 0.010417 0.013889
3 0.686198 0.393519 0.074479 0.046296
2 0.692969 0.364352 0.072396 0.045370
0 0.669271 0.524074 0.069792 0.122222
