17 0.491927 0.327315 0.024479 0.023148
22 0.479167 0.332407 0.065625 0.051852
10 0.353125 0.177778 0.047917 0.096296
11 0.336198 0.276389 0.068229 0.108333
13 0.375781 0.237500 0.048438 0.086111
12 0.401562 0.275000 0.062500 0.092593
5 0.444271 0.223611 0.058333 0.062037
1 0.493490 0.229167 0.051562 0.065741
0 0.480469 0.297222 0.063021 0.077778
34 0.570052 0.360185 0.051562 0.057407
16 0.388281 0.319444 0.008854 0.014815
16 0.397656 0.310185 0.007812 0.014815
16 0.401302 0.350000 0.009896 0.012963
16 0.412500 0.362037 0.009375 0.014815
16 0.435156 0.348148 0.009896 0.012963
16 0.428385 0.361111 0.009896 0.011111
16 0.433333 0.365741 0.008333 0.011111
16 0.436719 0.370833 0.008854 0.012037
16 0.442448 0.373611 0.007812 0.012037
16 0.446615 0.378704 0.007812 0.012963
16 0.435417 0.389815 0.011458 0.011111
31 0.377344 0.324537 0.007812 0.021296
21 0.416146 0.368519 0.084375 0.109259
14 0.463802 0.388889 0.021354 0.105556
19 0.469010 0.417593 0.025521 0.077778
30 0.502865 0.467593 0.047396 0.075926
16 0.502344 0.487963 0.008854 0.016667
29 0.478385 0.492130 0.081771 0.113889
17 0.366406 0.400926 0.035937 0.031481
28 0.347396 0.363889 0.052083 0.075926
26 0.274219 0.307407 0.078646 0.159259
27 0.352083 0.416667 0.144792 0.181481
16 0.468750 0.574537 0.011458 0.017593
13 0.503646 0.714815 0.112500 0.194444
24 0.581250 0.636574 0.104167 0.154630
23 0.671094 0.518981 0.089063 0.130556
14 0.349219 0.287037 0.027604 0.085185
19 0.355208 0.311574 0.028125 0.063889
16 0.396094 0.325926 0.010937 0.014815
