0 0.471354 0.644792 0.239583 0.268750
1 0.887760 0.677083 0.224479 0.361111
2 0.809115 0.588889 0.381771 0.191667
6 0.602344 0.609722 0.073438 0.025000
10 0.863281 0.496528 0.135937 0.147222
11 0.955729 0.483681 0.088542 0.070139
13 0.975521 0.351736 0.048958 0.114583
14 0.809375 0.338889 0.098958 0.133333
16 0.561458 0.312847 0.015625 0.025694
16 0.600781 0.327083 0.016146 0.020833
16 0.638542 0.338194 0.013542 0.025000
16 0.651302 0.340972 0.011979 0.025000
16 0.663802 0.347222 0.013021 0.020833
16 0.676302 0.351736 0.013021 0.025694
16 0.723177 0.370486 0.013021 0.024306
16 0.743750 0.380903 0.014583 0.017361
16 0.698438 0.392014 0.014583 0.020139
16 0.733333 0.407292 0.013542 0.020139
16 0.555990 0.357986 0.014063 0.022917
16 0.582552 0.367014 0.015104 0.024306
16 0.604948 0.133681 0.015104 0.050694
17 0.436458 0.143403 0.067708 0.036806
19 0.779687 0.382986 0.068750 0.088194
14 0.589844 0.582639 0.141146 0.144444
19 0.545573 0.606944 0.049479 0.052778
21 0.639323 0.391667 0.215104 0.154167
26 0.842708 0.223611 0.158333 0.216667
27 0.569792 0.124653 0.172917 0.249306
28 0.702344 0.200000 0.090104 0.115278
30 0.402083 0.264583 0.081250 0.083333
22 0.249479 0.316319 0.111458 0.157639
24 0.615104 0.518403 0.138542 0.153472
25 0.596615 0.678125 0.150521 0.113194
16 0.740365 0.442708 0.017188 0.025694
31 0.701562 0.359028 0.015625 0.026389
5 0.902083 0.832986 0.041667 0.064583
