29 0.359115 0.296759 0.044271 0.058333
23 0.241406 0.269907 0.064062 0.050926
24 0.320573 0.238889 0.050521 0.057407
13 0.366927 0.205556 0.050521 0.070370
14 0.347656 0.292593 0.021354 0.087037
19 0.354427 0.315741 0.023438 0.064815
30 0.333594 0.303704 0.028646 0.051852
16 0.376302 0.256944 0.013021 0.026852
17 0.426823 0.263426 0.033854 0.017593
16 0.364323 0.340741 0.005729 0.014815
16 0.367708 0.342593 0.006250 0.011111
16 0.370833 0.347685 0.008333 0.008333
16 0.374479 0.351389 0.007292 0.008333
16 0.377344 0.356019 0.007812 0.008333
16 0.374740 0.334259 0.009896 0.011111
16 0.392969 0.356481 0.007812 0.011111
16 0.402604 0.370833 0.008333 0.012037
16 0.368490 0.368519 0.008854 0.011111
16 0.405469 0.396759 0.007812 0.012037
16 0.413542 0.407870 0.007292 0.012037
31 0.422917 0.396296 0.007292 0.020370
21 0.391406 0.389352 0.079687 0.104630
27 0.433073 0.266667 0.085938 0.201852
28 0.452604 0.376852 0.048958 0.083333
14 0.446354 0.389352 0.020833 0.086111
19 0.448698 0.418519 0.019271 0.068519
26 0.515625 0.356944 0.070833 0.167593
11 0.482812 0.493056 0.087500 0.154630
13 0.426042 0.565741 0.077083 0.148148
12 0.393750 0.477778 0.075000 0.122222
17 0.315104 0.405093 0.015625 0.015741
17 0.318490 0.412963 0.015104 0.018519
17 0.320312 0.420833 0.015625 0.017593
17 0.321354 0.431481 0.022917 0.025926
17 0.322917 0.444444 0.037500 0.035185
17 0.326562 0.453241 0.034375 0.034259
18 0.329427 0.481944 0.038021 0.037963
4 0.315885 0.575926 0.113021 0.166667
5 0.327865 0.628704 0.134896 0.187037
3 0.347917 0.676389 0.140625 0.145370
2 0.356250 0.694444 0.138542 0.111111
10 0.469010 0.724537 0.093229 0.223148
22 0.327344 0.443519 0.050521 0.092593
34 0.252344 0.405093 0.013021 0.023148
0 0.312500 0.369444 0.068750 0.114815
1 0.272396 0.443981 0.082292 0.093519
