34 0.530729 0.268519 0.012500 0.022222
13 0.738021 0.246759 0.044792 0.084259
16 0.698177 0.288889 0.009896 0.029630
24 0.681771 0.231481 0.043750 0.057407
23 0.613281 0.198611 0.052604 0.047222
16 0.658073 0.254167 0.006771 0.012037
16 0.615625 0.320833 0.007292 0.013889
16 0.605729 0.312963 0.009375 0.007407
16 0.604948 0.318519 0.007812 0.007407
16 0.602344 0.323148 0.008854 0.007407
16 0.599740 0.327315 0.007812 0.008333
16 0.597396 0.333333 0.007292 0.009259
16 0.603385 0.346759 0.006771 0.010185
16 0.596094 0.360648 0.007812 0.010185
16 0.583073 0.332870 0.009896 0.010185
16 0.559375 0.384722 0.009375 0.012037
16 0.569010 0.390278 0.005729 0.010185
21 0.585156 0.367593 0.068229 0.109259
14 0.581510 0.407870 0.021354 0.095370
19 0.578906 0.437963 0.021354 0.075926
17 0.514844 0.340278 0.029687 0.021296
17 0.520052 0.333796 0.031771 0.021296
17 0.525000 0.325000 0.025000 0.018519
17 0.526302 0.316204 0.014063 0.012037
17 0.527083 0.308796 0.015625 0.013889
17 0.528385 0.301852 0.017188 0.012963
22 0.521875 0.331019 0.052083 0.062037
18 0.498437 0.352778 0.017708 0.009259
0 0.551042 0.279167 0.039583 0.121296
1 0.487760 0.288426 0.065104 0.075000
12 0.511719 0.406019 0.069271 0.115741
13 0.462500 0.469444 0.081250 0.129630
5 0.415885 0.403241 0.103646 0.052778
3 0.390365 0.452778 0.074479 0.087037
10 0.363021 0.556019 0.102083 0.182407
11 0.532292 0.506481 0.089583 0.164815
14 0.626042 0.267130 0.022917 0.084259
19 0.620833 0.293519 0.022917 0.066667
30 0.637240 0.279167 0.018229 0.047222
29 0.651563 0.285648 0.034375 0.069444
17 0.679688 0.312963 0.013542 0.042593
27 0.688542 0.323611 0.140625 0.186111
26 0.648698 0.463889 0.092188 0.192593
4 0.440625 0.383796 0.098958 0.032407
2 0.384635 0.461574 0.065104 0.093519
