21 0.424219 0.372222 0.085938 0.109259
34 0.623698 0.968056 0.043229 0.063889
17 0.421875 0.570370 0.043750 0.048148
16 0.355208 0.407870 0.008333 0.021296
27 0.342969 0.461111 0.128646 0.170370
28 0.318490 0.413426 0.052604 0.080556
26 0.290104 0.313426 0.081250 0.160185
13 0.222135 0.266204 0.055729 0.084259
29 0.292708 0.219444 0.037500 0.051852
13 0.313281 0.204630 0.046354 0.074074
12 0.348698 0.180556 0.046354 0.066667
11 0.335938 0.245370 0.047917 0.098148
10 0.375260 0.262963 0.064062 0.111111
14 0.357292 0.291667 0.040625 0.109259
19 0.369792 0.322222 0.026042 0.072222
31 0.397396 0.342593 0.009375 0.022222
16 0.405208 0.317130 0.008333 0.019444
16 0.398177 0.325926 0.007812 0.016667
16 0.384896 0.332407 0.010417 0.018519
16 0.391667 0.333333 0.009375 0.016667
16 0.407552 0.336111 0.010937 0.009259
16 0.403646 0.353241 0.008333 0.012037
16 0.407031 0.356944 0.007812 0.012037
16 0.410677 0.361574 0.006771 0.013889
16 0.413802 0.366667 0.007812 0.012963
16 0.425781 0.378241 0.010937 0.015741
16 0.445052 0.368981 0.008854 0.012037
16 0.452865 0.379167 0.007812 0.013889
16 0.437240 0.393519 0.009896 0.014815
24 0.464583 0.345370 0.066667 0.077778
25 0.496875 0.317593 0.062500 0.068519
5 0.418229 0.218981 0.059375 0.039815
3 0.427865 0.237500 0.053646 0.045370
2 0.464323 0.103704 0.054688 0.155556
1 0.464062 0.090741 0.059375 0.153704
19 0.526823 0.288426 0.024479 0.036111
14 0.497917 0.200463 0.028125 0.049074
0 0.535417 0.243519 0.078125 0.085185
22 0.580729 0.534259 0.088542 0.138889
30 0.487240 0.490741 0.048438 0.079630
4 0.405729 0.209259 0.053125 0.031481
