2 0.656250 0.657407 0.053125 0.211111
4 0.691406 0.656944 0.035937 0.236111
5 0.714844 0.651852 0.051562 0.235185
11 0.630990 0.501852 0.095312 0.120370
31 0.567187 0.496296 0.011458 0.018519
16 0.568490 0.525463 0.011979 0.019444
16 0.569010 0.550463 0.008854 0.023148
16 0.553385 0.525000 0.010937 0.020370
16 0.523958 0.502315 0.010417 0.021296
16 0.454427 0.534722 0.009896 0.017593
21 0.511979 0.529167 0.130208 0.082407
29 0.501302 0.448611 0.079687 0.039815
19 0.548177 0.412037 0.027604 0.050000
14 0.556250 0.399537 0.025000 0.049074
7 0.525260 0.338889 0.040104 0.027778
3 0.440625 0.390278 0.144792 0.100926
1 0.424219 0.433796 0.106771 0.169444
0 0.377083 0.479630 0.052083 0.172222
22 0.341667 0.380093 0.061458 0.139815
17 0.318750 0.269444 0.046875 0.020370
13 0.269531 0.444907 0.091146 0.119444
24 0.221615 0.359259 0.085938 0.105556
13 0.218229 0.206019 0.094792 0.123148
12 0.296354 0.166204 0.088542 0.117593
16 0.463021 0.271296 0.009375 0.024074
27 0.441667 0.221296 0.123958 0.294444
28 0.545573 0.276852 0.061979 0.112963
30 0.597656 0.301389 0.046354 0.063889
26 0.628385 0.186574 0.104688 0.180556
10 0.708854 0.371296 0.105208 0.127778
