13 0.503906 0.714815 0.114062 0.196296
13 0.573958 0.510185 0.093750 0.144444
12 0.420052 0.637037 0.102604 0.188889
17 0.461719 0.570370 0.038021 0.064815
22 0.495312 0.486111 0.087500 0.122222
34 0.579167 0.395370 0.052083 0.053704
14 0.466667 0.378704 0.019792 0.105556
19 0.470833 0.411111 0.026042 0.074074
0 0.500260 0.354630 0.090104 0.105556
16 0.480208 0.336574 0.006250 0.012037
16 0.489323 0.322685 0.006771 0.012037
16 0.484896 0.320370 0.006250 0.012963
16 0.482031 0.315741 0.005729 0.012963
31 0.422135 0.282870 0.007812 0.021296
21 0.456771 0.317593 0.079167 0.074074
29 0.436979 0.356019 0.048958 0.089815
1 0.453125 0.266204 0.056250 0.171296
3 0.431771 0.278241 0.104167 0.069444
7 0.373698 0.242130 0.018229 0.012037
19 0.398177 0.315278 0.026562 0.075000
14 0.392188 0.289352 0.027083 0.091667
11 0.396875 0.255556 0.065625 0.105556
10 0.327083 0.245833 0.058333 0.113889
30 0.339323 0.318981 0.030729 0.025000
28 0.346615 0.364815 0.050521 0.077778
16 0.378906 0.360185 0.009896 0.018519
27 0.367188 0.406481 0.141667 0.181481
26 0.280208 0.303241 0.078125 0.162037
5 0.407292 0.193981 0.061458 0.039815
24 0.581771 0.637037 0.108333 0.161111
