2 0.827344 0.665972 0.039062 0.258333
3 0.800000 0.677083 0.040625 0.266667
5 0.751823 0.677431 0.105729 0.307639
4 0.680729 0.675694 0.104167 0.306944
10 0.893229 0.530903 0.117708 0.136806
13 0.775000 0.479861 0.117708 0.144444
12 0.669010 0.448611 0.149479 0.147222
11 0.731510 0.335764 0.143229 0.160417
14 0.651042 0.263194 0.077083 0.113889
19 0.632552 0.292361 0.069271 0.100000
26 0.672917 0.145486 0.148958 0.204861
28 0.559896 0.229167 0.103125 0.129167
24 0.052344 0.293403 0.104688 0.125694
13 0.086719 0.147917 0.119271 0.134722
16 0.193490 0.189236 0.038021 0.027083
16 0.171354 0.277778 0.022917 0.048611
29 0.233594 0.277431 0.190104 0.075694
30 0.213542 0.334028 0.089583 0.088889
14 0.290625 0.276736 0.059375 0.138194
19 0.301563 0.318403 0.062500 0.109028
17 0.416667 0.102431 0.080208 0.038194
27 0.413802 0.145139 0.171354 0.290278
16 0.385937 0.297569 0.019792 0.031250
16 0.467708 0.296181 0.016667 0.027083
16 0.507031 0.299306 0.018229 0.023611
16 0.380990 0.325694 0.018229 0.023611
16 0.396875 0.325347 0.018750 0.021528
16 0.412760 0.324306 0.014063 0.025000
16 0.426563 0.323958 0.015625 0.024306
16 0.442708 0.324306 0.016667 0.022222
16 0.563542 0.330903 0.017708 0.029861
16 0.586979 0.333333 0.021875 0.020833
16 0.589323 0.361806 0.017188 0.026389
16 0.458333 0.360764 0.016667 0.028472
31 0.584115 0.303819 0.020313 0.032639
21 0.482552 0.346181 0.233854 0.106250
17 0.487240 0.568750 0.018229 0.116667
17 0.423958 0.588542 0.015625 0.095139
17 0.445573 0.582292 0.015104 0.102083
17 0.466667 0.573958 0.017708 0.117361
17 0.536979 0.541319 0.016667 0.068750
22 0.477604 0.571528 0.146875 0.148611
0 0.413542 0.485764 0.213542 0.182639
1 0.557031 0.712500 0.133854 0.294444
17 0.517708 0.536111 0.016667 0.072222
23 0.014583 0.545486 0.029167 0.188194
18 0.555208 0.554167 0.015625 0.055556
18 0.494010 0.558333 0.011979 0.088889
