5 0.373698 0.465278 0.106771 0.110185
4 0.394271 0.448148 0.089583 0.088889
2 0.403385 0.423611 0.091146 0.045370
10 0.503125 0.520833 0.091667 0.175000
30 0.584635 0.469444 0.027604 0.075926
11 0.485677 0.418981 0.081771 0.130556
31 0.520573 0.372222 0.010937 0.022222
16 0.514844 0.352778 0.005729 0.011111
16 0.509115 0.364815 0.007812 0.011111
16 0.498958 0.359259 0.010417 0.011111
16 0.537500 0.339352 0.009375 0.015741
16 0.525260 0.318519 0.009896 0.016667
16 0.545573 0.325926 0.009896 0.011111
16 0.561979 0.301852 0.007292 0.014815
16 0.540885 0.312963 0.009896 0.011111
16 0.543229 0.306944 0.010417 0.008333
16 0.545833 0.303241 0.008333 0.010185
16 0.549219 0.297685 0.009896 0.010185
16 0.551823 0.294444 0.005729 0.007407
16 0.553646 0.292130 0.005208 0.008333
21 0.532292 0.345833 0.064583 0.104630
16 0.583854 0.302778 0.012500 0.020370
29 0.571615 0.343519 0.045312 0.085185
19 0.561719 0.385185 0.024479 0.079630
14 0.566406 0.359722 0.021354 0.099074
16 0.648958 0.325000 0.015625 0.040741
17 0.694010 0.287963 0.010937 0.031481
26 0.640365 0.459722 0.093229 0.197222
34 0.566406 0.253704 0.036979 0.025926
7 0.603125 0.272222 0.007292 0.024074
3 0.620313 0.222685 0.035417 0.089815
1 0.602604 0.193519 0.070833 0.075926
0 0.598177 0.244907 0.069271 0.071296
19 0.613542 0.295370 0.023958 0.066667
14 0.618750 0.268981 0.026042 0.086111
22 0.648438 0.275926 0.056250 0.053704
24 0.681771 0.231944 0.044792 0.060185
13 0.740625 0.231019 0.039583 0.052778
13 0.645052 0.225000 0.034896 0.068519
12 0.751302 0.291667 0.034896 0.094444
27 0.675781 0.314815 0.138021 0.185185
