27 0.835938 0.245833 0.160417 0.381944
1 0.922396 0.212847 0.155208 0.324306
31 0.868229 0.313542 0.037500 0.060417
21 0.770312 0.656250 0.213542 0.227778
22 0.427604 0.328819 0.159375 0.222917
30 0.574479 0.383333 0.101042 0.122222
28 0.914583 0.436806 0.078125 0.131944
16 0.879687 0.258681 0.018750 0.022917
17 0.683333 0.223611 0.078125 0.056944
14 0.700781 0.422569 0.093229 0.102083
19 0.677083 0.453125 0.079167 0.097917
11 0.874219 0.766667 0.089063 0.158333
2 0.848698 0.927083 0.051562 0.148611
0 0.675781 0.855208 0.192188 0.156250
16 0.720313 0.558333 0.022917 0.027778
16 0.759375 0.585417 0.021875 0.023611
16 0.707031 0.593056 0.020313 0.025000
16 0.698958 0.636806 0.016667 0.025000
16 0.734896 0.615972 0.017708 0.036111
16 0.758854 0.631944 0.019792 0.025000
16 0.733073 0.661111 0.020313 0.037500
16 0.791927 0.660069 0.019271 0.025694
16 0.814323 0.630208 0.018229 0.027083
16 0.836979 0.693056 0.018750 0.020833
16 0.861458 0.672569 0.019792 0.029861
16 0.880208 0.687153 0.017708 0.024306
16 0.863281 0.716667 0.015104 0.026389
