12 0.496094 0.756944 0.103646 0.225000
13 0.556771 0.671759 0.103125 0.191667
29 0.601302 0.643519 0.101562 0.177778
13 0.665885 0.494444 0.095312 0.153704
24 0.523698 0.481019 0.081771 0.130556
4 0.390625 0.632870 0.143750 0.169444
5 0.376563 0.594444 0.146875 0.190741
2 0.353385 0.550926 0.127604 0.127778
3 0.332552 0.504630 0.108854 0.155556
10 0.441927 0.438426 0.083854 0.171296
16 0.374479 0.324537 0.009375 0.010185
16 0.381771 0.312963 0.011458 0.012963
16 0.363802 0.312500 0.011979 0.013889
16 0.364323 0.289815 0.010937 0.014815
16 0.349219 0.292130 0.013021 0.010185
16 0.344010 0.280093 0.011979 0.012037
16 0.334896 0.297222 0.010417 0.014815
16 0.326042 0.289815 0.011458 0.014815
16 0.369271 0.316667 0.009375 0.014815
21 0.348438 0.313889 0.062500 0.087037
0 0.266406 0.331481 0.071354 0.066667
11 0.396094 0.385185 0.078646 0.153704
14 0.442448 0.296296 0.029687 0.129630
19 0.444010 0.335648 0.026562 0.073148
26 0.506250 0.274537 0.077083 0.186111
28 0.464844 0.261574 0.023438 0.084259
16 0.448958 0.152778 0.009375 0.012963
27 0.452865 0.152315 0.084896 0.215741
1 0.438542 0.106019 0.060417 0.108333
