17 0.233594 0.212847 0.066146 0.015972
13 0.122656 0.323264 0.131771 0.143750
22 0.235677 0.322222 0.107813 0.159722
19 0.313281 0.317361 0.056771 0.105556
14 0.298958 0.279861 0.060417 0.126389
27 0.436198 0.193403 0.148438 0.211806
28 0.589323 0.261458 0.097396 0.122917
16 0.379427 0.372569 0.016146 0.031250
16 0.421354 0.377083 0.014583 0.029167
16 0.388542 0.313542 0.016667 0.031250
16 0.400521 0.313542 0.013542 0.029861
16 0.413281 0.315972 0.018229 0.029167
16 0.427083 0.317361 0.016667 0.029167
16 0.442448 0.318750 0.016146 0.030556
16 0.466927 0.320833 0.015104 0.030556
16 0.507292 0.328819 0.021875 0.027083
16 0.505990 0.355208 0.017188 0.032639
16 0.557552 0.365278 0.018229 0.029167
31 0.583073 0.337847 0.020313 0.034028
21 0.478385 0.372569 0.228646 0.109028
19 0.561979 0.443056 0.065625 0.093056
14 0.578385 0.409722 0.069271 0.115278
26 0.681771 0.197569 0.155208 0.211806
10 0.670312 0.385069 0.152083 0.175694
12 0.777083 0.335069 0.110417 0.122917
13 0.886979 0.429861 0.085417 0.141667
2 0.726823 0.513542 0.409896 0.239583
6 0.507292 0.609028 0.063542 0.027778
24 0.517969 0.624653 0.172396 0.170139
25 0.496094 0.726042 0.151562 0.135417
0 0.362760 0.669444 0.226562 0.288889
1 0.823958 0.610764 0.307292 0.417361
5 0.839844 0.764583 0.030729 0.070833
34 0.241406 0.653125 0.124479 0.038194
11 0.782813 0.413889 0.092708 0.108333
