16 0.472656 0.578125 0.019271 0.024306
16 0.544271 0.601042 0.015625 0.028472
16 0.578125 0.614583 0.018750 0.022222
16 0.466667 0.607292 0.017708 0.028472
16 0.480469 0.611111 0.017188 0.026389
16 0.493490 0.616319 0.015104 0.027083
16 0.505990 0.619444 0.014063 0.025000
16 0.519792 0.623958 0.016667 0.024306
16 0.528906 0.663194 0.014063 0.029167
16 0.621615 0.657639 0.014063 0.027778
21 0.540625 0.643750 0.204167 0.145833
4 0.655208 0.904861 0.032292 0.133333
10 0.872917 0.875000 0.100000 0.115278
13 0.816406 0.831944 0.033854 0.098611
11 0.776563 0.677083 0.084375 0.141667
26 0.736719 0.489236 0.140104 0.177083
28 0.608073 0.562153 0.061979 0.096528
17 0.538802 0.455903 0.068229 0.032639
1 0.609375 0.488194 0.167708 0.201389
27 0.522396 0.402083 0.166667 0.348611
14 0.401562 0.534028 0.057292 0.112500
19 0.391146 0.565625 0.056250 0.092361
29 0.317448 0.486111 0.159896 0.108333
30 0.301302 0.538194 0.089063 0.104167
24 0.134115 0.402778 0.136979 0.134722
16 0.300260 0.373958 0.035937 0.038194
13 0.205469 0.273958 0.123438 0.129861
23 0.043229 0.628125 0.086458 0.217361
0 0.416667 0.763542 0.189583 0.188194
17 0.553906 0.910764 0.015104 0.120139
17 0.535937 0.909722 0.016667 0.119444
17 0.517708 0.910417 0.016667 0.123611
17 0.498437 0.910417 0.016667 0.123611
17 0.479167 0.909028 0.018750 0.122222
22 0.513542 0.907292 0.139583 0.135417
16 0.273177 0.460764 0.016146 0.045139
