22 0.202344 0.463889 0.090104 0.150000
30 0.299479 0.427083 0.073958 0.063889
27 0.472135 0.179514 0.163021 0.286806
28 0.597917 0.256250 0.081250 0.105556
26 0.737760 0.238542 0.144271 0.214583
19 0.376302 0.413889 0.056771 0.088889
14 0.360938 0.381250 0.058333 0.101389
14 0.703906 0.330208 0.061979 0.156250
19 0.687500 0.378125 0.056250 0.082639
24 0.857552 0.418056 0.101562 0.100000
29 0.963281 0.460069 0.073438 0.047917
13 0.917448 0.301736 0.092188 0.103472
13 0.971615 0.514583 0.056771 0.109722
12 0.982292 0.619097 0.035417 0.117361
10 0.835156 0.486458 0.134896 0.149306
11 0.705990 0.494792 0.157812 0.159028
5 0.877344 0.692361 0.081771 0.291667
4 0.904948 0.698264 0.041146 0.284028
2 0.816667 0.724306 0.086458 0.266667
3 0.763281 0.721528 0.080729 0.281944
0 0.487760 0.647917 0.205729 0.252778
33 0.573177 0.588194 0.047396 0.030556
32 0.611458 0.592708 0.045833 0.025694
1 0.685937 0.721528 0.164583 0.351389
16 0.427083 0.458333 0.015625 0.027778
16 0.465885 0.455556 0.017188 0.029167
16 0.425000 0.490625 0.018750 0.025694
16 0.452865 0.490625 0.017188 0.028472
16 0.478385 0.486458 0.016146 0.028472
16 0.530208 0.453472 0.015625 0.029167
16 0.517708 0.486111 0.015625 0.025000
16 0.593490 0.449653 0.014063 0.028472
16 0.617969 0.449653 0.015104 0.027083
16 0.609635 0.478819 0.015104 0.028472
16 0.570573 0.480903 0.017188 0.028472
21 0.525521 0.501389 0.222917 0.095833
17 0.349479 0.275347 0.059375 0.049306
16 0.481250 0.172917 0.017708 0.018056
16 0.465104 0.518056 0.016667 0.027778
16 0.506510 0.518056 0.024479 0.023611
