0 0.559115 0.733681 0.195312 0.206250
16 0.635156 0.688889 0.039062 0.034722
3 0.846615 0.615278 0.061979 0.138889
1 0.858333 0.736458 0.121875 0.352083
5 0.943229 0.760417 0.067708 0.275000
4 0.975521 0.771875 0.048958 0.271528
10 0.910677 0.532639 0.138021 0.170833
11 0.961979 0.568403 0.076042 0.157639
24 0.677865 0.558333 0.140104 0.156944
31 0.748958 0.392014 0.016667 0.027083
16 0.619010 0.345139 0.017188 0.029167
16 0.612240 0.387847 0.021354 0.025694
16 0.655990 0.359722 0.020313 0.025000
16 0.768229 0.402778 0.017708 0.027778
16 0.690104 0.370833 0.016667 0.029167
16 0.702604 0.375694 0.015625 0.029167
16 0.714063 0.381944 0.015625 0.029167
16 0.725521 0.385417 0.014583 0.029167
16 0.790104 0.415278 0.018750 0.025000
16 0.778646 0.436458 0.017708 0.029861
16 0.746094 0.423264 0.020313 0.024306
16 0.787500 0.469792 0.017708 0.031250
21 0.692187 0.421875 0.204167 0.152083
19 0.823958 0.416319 0.065625 0.088194
14 0.851823 0.371528 0.095312 0.137500
26 0.885938 0.264583 0.153125 0.209722
28 0.751823 0.243403 0.088021 0.113194
16 0.660156 0.134028 0.014063 0.026389
27 0.628125 0.144097 0.162500 0.288194
19 0.574740 0.304167 0.046354 0.095833
14 0.579948 0.244792 0.046354 0.168750
17 0.503646 0.183681 0.064583 0.034028
30 0.471875 0.294792 0.078125 0.082639
22 0.326562 0.332986 0.108333 0.147917
