13 0.298958 0.264352 0.055208 0.075000
22 0.328906 0.307407 0.066146 0.075926
17 0.363021 0.271296 0.020833 0.029630
14 0.333333 0.285185 0.019792 0.114815
19 0.342187 0.322222 0.026042 0.066667
16 0.338281 0.355093 0.009896 0.013889
16 0.359115 0.337500 0.009896 0.008333
16 0.360677 0.342593 0.007812 0.009259
16 0.363281 0.346296 0.006771 0.009259
16 0.365885 0.351389 0.006771 0.010185
16 0.369271 0.356944 0.010417 0.010185
16 0.375000 0.365741 0.009375 0.011111
16 0.382552 0.380093 0.007812 0.013889
16 0.371875 0.387963 0.008333 0.011111
21 0.362240 0.378704 0.055729 0.068519
14 0.351302 0.401389 0.028646 0.073148
19 0.358333 0.438426 0.026042 0.075000
10 0.400781 0.450926 0.073438 0.135185
27 0.413802 0.312500 0.072396 0.125000
28 0.438542 0.393056 0.040625 0.075000
26 0.482292 0.380093 0.076042 0.163889
30 0.445573 0.453704 0.029687 0.062963
12 0.506771 0.510648 0.079167 0.136111
11 0.439844 0.554630 0.092188 0.170370
13 0.547396 0.678704 0.071875 0.159259
29 0.485677 0.628704 0.094271 0.135185
5 0.356250 0.713426 0.153125 0.206481
4 0.340365 0.632870 0.142187 0.154630
3 0.334896 0.583796 0.117708 0.132407
2 0.352604 0.497685 0.046875 0.041667
1 0.332813 0.557870 0.116667 0.091667
25 0.261719 0.512037 0.073438 0.105556
16 0.232031 0.388889 0.009896 0.033333
0 0.204948 0.398611 0.086979 0.095370
24 0.314063 0.464815 0.068750 0.101852
