13 0.127083 0.168056 0.111458 0.113889
24 0.077083 0.295833 0.117708 0.101389
16 0.221875 0.220833 0.035417 0.030556
16 0.196354 0.297917 0.018750 0.044444
29 0.252865 0.305903 0.174479 0.065972
30 0.228646 0.360417 0.082292 0.080556
19 0.313542 0.353472 0.051042 0.101389
14 0.303646 0.313889 0.050000 0.129167
17 0.430469 0.169792 0.074479 0.040972
27 0.430469 0.170486 0.151562 0.336806
28 0.561458 0.293403 0.094792 0.121528
26 0.672135 0.219097 0.140104 0.192361
19 0.627604 0.359722 0.062500 0.094444
14 0.645312 0.331944 0.069792 0.106944
11 0.723437 0.401736 0.136458 0.142361
12 0.654687 0.510417 0.140625 0.145833
13 0.762760 0.504167 0.100521 0.113889
10 0.908594 0.610069 0.059896 0.118750
4 0.745052 0.555903 0.365104 0.142361
1 0.836458 0.654514 0.256250 0.315972
5 0.715365 0.701736 0.054688 0.195139
8 0.552865 0.592361 0.040104 0.013889
18 0.545833 0.600347 0.010417 0.110417
16 0.448698 0.538542 0.066146 0.071528
0 0.377083 0.629861 0.172917 0.279167
17 0.490625 0.619792 0.012500 0.110417
17 0.460156 0.616667 0.014063 0.125000
17 0.439323 0.631944 0.014063 0.090278
17 0.419010 0.613889 0.016146 0.122222
17 0.400260 0.581597 0.013021 0.054861
22 0.453125 0.620139 0.103125 0.138889
34 0.211719 0.704514 0.097396 0.047917
31 0.579688 0.364236 0.019792 0.028472
16 0.580729 0.395139 0.020833 0.018056
16 0.581771 0.421528 0.014583 0.025000
16 0.557552 0.392361 0.015104 0.027778
16 0.505208 0.358333 0.017708 0.025000
16 0.467969 0.351042 0.015104 0.028472
16 0.442188 0.376389 0.015625 0.029167
16 0.427344 0.374306 0.016146 0.029167
16 0.413802 0.373611 0.014063 0.029167
16 0.400000 0.372569 0.017708 0.029861
16 0.386458 0.372222 0.015625 0.030556
16 0.392188 0.343056 0.017708 0.027778
21 0.478646 0.399306 0.221875 0.115278
23 0.023698 0.523264 0.047396 0.174306
