16 0.545312 0.701389 0.041667 0.029167
25 0.611458 0.776736 0.138542 0.136806
24 0.624479 0.634028 0.131250 0.145833
0 0.488021 0.768056 0.213542 0.225000
34 0.386458 0.655556 0.144792 0.054167
2 0.734115 0.727431 0.047396 0.282639
3 0.791667 0.729514 0.048958 0.249306
4 0.835677 0.710764 0.039062 0.153472
1 0.805469 0.737153 0.096354 0.211806
5 0.883594 0.790625 0.053646 0.259028
13 0.959115 0.591319 0.077604 0.136806
12 0.864062 0.475347 0.096875 0.120139
11 0.854688 0.584375 0.121875 0.154861
10 0.772917 0.518750 0.137500 0.168056
30 0.771354 0.444792 0.051042 0.032639
19 0.690365 0.547222 0.066146 0.087500
14 0.709896 0.523611 0.076042 0.094444
28 0.712240 0.392361 0.085938 0.112500
16 0.536979 0.442014 0.013542 0.029861
16 0.545833 0.392708 0.014583 0.027083
16 0.556771 0.396528 0.012500 0.026389
16 0.567969 0.401736 0.014063 0.025694
16 0.578385 0.405903 0.017188 0.025694
16 0.591146 0.411458 0.017708 0.024306
16 0.611719 0.418056 0.015104 0.026389
16 0.645833 0.432986 0.017708 0.024306
16 0.643750 0.456944 0.012500 0.025000
16 0.685937 0.473611 0.012500 0.023611
31 0.707812 0.455208 0.017708 0.027083
16 0.705208 0.481597 0.017708 0.015972
21 0.613542 0.464583 0.193750 0.136111
27 0.589063 0.304167 0.132292 0.184722
17 0.407552 0.271528 0.060937 0.023611
19 0.483854 0.388542 0.042708 0.089583
14 0.487500 0.332639 0.044792 0.155556
22 0.407292 0.369444 0.107292 0.152778
13 0.300000 0.338889 0.122917 0.122222
26 0.801302 0.352083 0.131771 0.183333
29 0.914062 0.605556 0.039583 0.180556
