22 0.258594 0.454630 0.069271 0.142593
30 0.346875 0.380556 0.048958 0.055556
17 0.341406 0.233333 0.044271 0.048148
16 0.445052 0.210185 0.010937 0.014815
27 0.418490 0.163889 0.148438 0.296296
28 0.528125 0.209722 0.060417 0.117593
26 0.629427 0.216204 0.103646 0.176852
31 0.526042 0.397685 0.009375 0.023148
16 0.541927 0.398148 0.008854 0.024074
16 0.556250 0.398611 0.011458 0.019444
16 0.548177 0.425463 0.010937 0.021296
16 0.554167 0.450000 0.011458 0.018519
16 0.510938 0.397685 0.009375 0.023148
16 0.502865 0.398148 0.008854 0.022222
16 0.495573 0.397222 0.009896 0.024074
16 0.488281 0.397222 0.007812 0.024074
16 0.465625 0.399074 0.012500 0.020370
16 0.443229 0.397222 0.009375 0.024074
16 0.444010 0.436111 0.008854 0.024074
16 0.459115 0.437500 0.009896 0.023148
16 0.526563 0.423611 0.010417 0.017593
21 0.499219 0.426389 0.128646 0.071296
24 0.491146 0.530556 0.073958 0.090741
25 0.492708 0.629630 0.072917 0.090741
6 0.471354 0.647685 0.015625 0.015741
2 0.540625 0.669907 0.132292 0.075000
1 0.570312 0.692130 0.095833 0.158333
19 0.431510 0.631019 0.043229 0.063889
14 0.460417 0.640278 0.033333 0.069444
0 0.415885 0.680093 0.086979 0.162037
14 0.591406 0.362037 0.041146 0.081481
19 0.576302 0.389815 0.026562 0.048148
13 0.822396 0.201389 0.092708 0.115741
29 0.839323 0.406481 0.114062 0.044444
13 0.835677 0.472685 0.095312 0.110185
12 0.836719 0.587037 0.101562 0.118519
11 0.726562 0.453241 0.100000 0.119444
10 0.648438 0.473148 0.089583 0.103704
4 0.739323 0.633333 0.040104 0.237037
3 0.675000 0.634722 0.039583 0.219444
5 0.699740 0.627315 0.053646 0.236111
34 0.070573 0.193056 0.084896 0.015741
