27 0.552344 0.176042 0.154688 0.286806
3 0.552344 0.257292 0.290104 0.104861
19 0.442448 0.385417 0.043229 0.108333
11 0.822135 0.618403 0.090104 0.146528
10 0.868750 0.506250 0.122917 0.168056
30 0.741406 0.397917 0.067187 0.079167
28 0.678385 0.340278 0.095312 0.126389
26 0.794792 0.293056 0.153125 0.200000
16 0.584115 0.242361 0.015104 0.020833
14 0.441146 0.357639 0.038542 0.119444
22 0.334635 0.327778 0.121354 0.165278
24 0.173437 0.265972 0.128125 0.100000
13 0.197396 0.358681 0.145833 0.142361
13 0.229948 0.139236 0.118229 0.109028
12 0.341146 0.133333 0.123958 0.125000
17 0.339062 0.217014 0.071875 0.024306
29 0.532292 0.486458 0.122917 0.092361
4 0.856510 0.735069 0.028646 0.092361
5 0.877083 0.784028 0.035417 0.183333
7 0.715885 0.303472 0.059896 0.022222
31 0.523177 0.464236 0.028646 0.061806
16 0.512500 0.543750 0.022917 0.027778
16 0.599740 0.567708 0.016146 0.034028
16 0.507552 0.582639 0.021354 0.030556
16 0.525000 0.585417 0.019792 0.031944
16 0.540365 0.589931 0.019271 0.029861
16 0.555990 0.593750 0.018229 0.033333
16 0.570312 0.596181 0.017708 0.034028
16 0.595573 0.642361 0.018229 0.033333
21 0.553385 0.602431 0.147396 0.132639
14 0.729427 0.431250 0.049479 0.066667
0 0.388802 0.429514 0.153646 0.277083
1 0.537760 0.325694 0.222396 0.268056
