24 0.477083 0.595833 0.130208 0.115278
25 0.486198 0.722222 0.138021 0.120833
0 0.432292 0.876389 0.220833 0.225000
2 0.597656 0.656250 0.063021 0.279167
3 0.672656 0.663889 0.073438 0.286111
4 0.709115 0.559028 0.032813 0.055556
1 0.710417 0.655903 0.119792 0.210417
5 0.774740 0.667014 0.086979 0.252083
13 0.825260 0.459722 0.085938 0.130556
29 0.785156 0.485764 0.048438 0.161806
12 0.716406 0.382986 0.104688 0.097917
11 0.715885 0.478819 0.125521 0.145139
10 0.617448 0.443056 0.131771 0.150000
26 0.619010 0.277778 0.136979 0.186111
28 0.544010 0.338194 0.084896 0.105556
16 0.363802 0.436806 0.014063 0.025000
16 0.370312 0.388889 0.016667 0.026389
16 0.382292 0.389931 0.015625 0.025694
16 0.392969 0.390972 0.015104 0.025000
16 0.405729 0.392361 0.014583 0.023611
16 0.418750 0.392708 0.015625 0.025694
16 0.438542 0.394097 0.015625 0.027083
16 0.473177 0.399306 0.022396 0.025000
16 0.474479 0.419444 0.012500 0.019444
16 0.519010 0.427778 0.015104 0.022222
31 0.539844 0.402778 0.019271 0.030556
21 0.447656 0.437153 0.193229 0.089583
19 0.532031 0.494792 0.054688 0.084028
14 0.544531 0.464931 0.054688 0.104861
27 0.411458 0.288194 0.129167 0.179167
19 0.315365 0.397917 0.048438 0.093056
14 0.299479 0.346875 0.063542 0.147917
17 0.235156 0.307986 0.058854 0.014583
22 0.241406 0.401042 0.097396 0.136806
13 0.139323 0.401389 0.119271 0.126389
34 0.256250 0.679514 0.136458 0.024306
