29 0.520573 0.424306 0.197396 0.108333
21 0.544792 0.532639 0.235417 0.148611
27 0.502865 0.162847 0.152604 0.325694
31 0.660937 0.512500 0.023958 0.030556
16 0.634115 0.543750 0.021354 0.030556
16 0.659375 0.550000 0.022917 0.022222
16 0.657552 0.585764 0.020313 0.031250
16 0.584635 0.495139 0.019271 0.030556
16 0.544792 0.484028 0.018750 0.033333
16 0.459115 0.460764 0.020313 0.032639
16 0.453906 0.496875 0.020313 0.029861
16 0.470052 0.501389 0.019271 0.031944
16 0.485156 0.503819 0.017188 0.031250
16 0.500260 0.507292 0.017188 0.034028
16 0.514323 0.512153 0.019271 0.031250
16 0.524740 0.674306 0.093229 0.040278
7 0.537240 0.680208 0.096354 0.021528
0 0.440365 0.736806 0.219271 0.290278
3 0.767448 0.602431 0.395313 0.175694
1 0.858594 0.684375 0.259896 0.332639
5 0.827344 0.855208 0.052604 0.097917
11 0.748698 0.542014 0.146354 0.163194
10 0.822656 0.444792 0.123438 0.174306
26 0.746875 0.235417 0.144792 0.195833
30 0.696615 0.338194 0.063021 0.081944
28 0.630208 0.278819 0.093750 0.121528
19 0.637760 0.401736 0.071354 0.096528
14 0.657813 0.373958 0.082292 0.109028
16 0.469531 0.392361 0.023438 0.066667
16 0.532552 0.155903 0.015104 0.025694
19 0.392188 0.308333 0.048958 0.101389
14 0.396094 0.238889 0.046354 0.191667
22 0.293490 0.261806 0.121354 0.162500
13 0.161458 0.282292 0.143750 0.135417
24 0.141927 0.201042 0.125521 0.090972
17 0.302604 0.156597 0.068750 0.022917
13 0.201563 0.084722 0.114583 0.101389
12 0.308854 0.078819 0.119792 0.117361
34 0.176563 0.567708 0.073958 0.199306
