16 0.574219 0.470139 0.014063 0.023611
22 0.232813 0.344097 0.110417 0.145139
30 0.343229 0.327431 0.078125 0.071528
17 0.410938 0.198958 0.062500 0.032639
16 0.567187 0.140278 0.015625 0.018056
27 0.539583 0.141667 0.141667 0.283333
14 0.463542 0.288542 0.039583 0.118750
19 0.459896 0.324653 0.042708 0.090972
28 0.653125 0.251042 0.082292 0.103472
26 0.783073 0.265625 0.144271 0.200694
14 0.746615 0.357292 0.063021 0.097917
19 0.727604 0.380556 0.061458 0.081944
13 0.930729 0.380556 0.079167 0.106944
29 0.962760 0.530208 0.074479 0.057639
13 0.966927 0.589931 0.066146 0.114583
12 0.971094 0.690972 0.057813 0.122222
24 0.868229 0.462153 0.083333 0.099306
10 0.854688 0.518403 0.121875 0.150694
11 0.746354 0.501042 0.144792 0.168750
3 0.730990 0.639931 0.098437 0.160417
16 0.669010 0.430903 0.015104 0.025694
16 0.646094 0.426042 0.014063 0.024306
16 0.658594 0.457639 0.015104 0.025000
16 0.624740 0.451389 0.017188 0.022222
16 0.588281 0.414583 0.020313 0.022222
16 0.560937 0.437153 0.014583 0.021528
16 0.525781 0.402778 0.019271 0.023611
16 0.536719 0.431597 0.014063 0.024306
16 0.487760 0.395486 0.021354 0.024306
16 0.483333 0.422569 0.013542 0.022917
16 0.507031 0.459722 0.013021 0.022222
31 0.480729 0.451042 0.014583 0.028472
21 0.569010 0.456597 0.214062 0.124306
16 0.617188 0.697569 0.079167 0.063194
0 0.517708 0.750694 0.271875 0.265278
1 0.754687 0.724306 0.220833 0.322222
5 0.868490 0.716667 0.045312 0.256944
4 0.898438 0.735764 0.034375 0.263194
