24 0.377344 0.764815 0.107813 0.187037
13 0.469792 0.697222 0.089583 0.183333
13 0.299479 0.668519 0.107292 0.177778
17 0.405208 0.574074 0.030208 0.064815
12 0.344010 0.550000 0.096354 0.142593
22 0.475521 0.576389 0.094792 0.100926
34 0.615104 0.675000 0.091667 0.074074
31 0.618229 0.398611 0.010417 0.021296
16 0.626563 0.412963 0.010417 0.011111
16 0.630469 0.404630 0.007812 0.016667
16 0.642969 0.411111 0.010937 0.016667
16 0.609115 0.430556 0.010937 0.012963
16 0.603906 0.448148 0.011979 0.011111
16 0.631250 0.459259 0.012500 0.011111
16 0.591927 0.487500 0.009896 0.015741
16 0.612500 0.464815 0.010417 0.009259
16 0.612500 0.471296 0.009375 0.011111
16 0.610417 0.480093 0.009375 0.012037
16 0.610677 0.485185 0.007812 0.009259
16 0.606510 0.488889 0.006771 0.016667
21 0.617188 0.462037 0.058333 0.125926
16 0.561979 0.458333 0.009375 0.020370
29 0.574740 0.444444 0.032813 0.070370
0 0.553906 0.510185 0.094271 0.125926
19 0.522135 0.533796 0.025521 0.043519
14 0.525000 0.478241 0.026042 0.102778
3 0.528125 0.366667 0.041667 0.105556
7 0.547656 0.302778 0.007812 0.031481
1 0.557292 0.377315 0.103125 0.154630
14 0.575260 0.392593 0.014063 0.050000
19 0.572396 0.399074 0.023958 0.062963
16 0.491927 0.379167 0.010937 0.013889
28 0.509115 0.364352 0.029687 0.050926
27 0.464583 0.392593 0.127083 0.218519
26 0.514844 0.287037 0.065104 0.129630
10 0.600521 0.277315 0.058333 0.062037
