13 0.634115 0.262500 0.055729 0.056481
12 0.585417 0.303704 0.047917 0.081481
11 0.632552 0.332407 0.048438 0.101852
10 0.606771 0.365741 0.056250 0.118519
14 0.621094 0.394444 0.021354 0.100000
19 0.613021 0.418056 0.026042 0.076852
5 0.697656 0.338426 0.079687 0.028704
3 0.686198 0.393519 0.104688 0.055556
1 0.690104 0.377315 0.088542 0.069444
2 0.682552 0.427778 0.111979 0.061111
24 0.643490 0.482870 0.058854 0.097222
25 0.683073 0.501389 0.017188 0.080556
0 0.726562 0.527315 0.093750 0.182407
30 0.570573 0.368056 0.023438 0.052778
26 0.537500 0.295370 0.066667 0.122222
28 0.538542 0.379167 0.045833 0.080556
16 0.586719 0.399074 0.006771 0.012963
16 0.598698 0.404630 0.009896 0.012963
16 0.583073 0.408333 0.010937 0.011111
16 0.561979 0.425463 0.008333 0.013889
16 0.574479 0.428241 0.009375 0.012037
16 0.553906 0.441204 0.010937 0.012037
16 0.550000 0.451389 0.009375 0.012037
16 0.548438 0.458796 0.009375 0.008333
16 0.545833 0.464352 0.007292 0.008333
16 0.544271 0.471759 0.006250 0.008333
16 0.564323 0.491667 0.009896 0.011111
31 0.575000 0.393056 0.010417 0.019444
21 0.570573 0.463426 0.060937 0.128704
14 0.530469 0.478241 0.028646 0.123148
19 0.530469 0.522685 0.027604 0.080556
27 0.486458 0.428704 0.087500 0.146296
17 0.429167 0.587037 0.030208 0.062963
22 0.502865 0.596296 0.094271 0.124074
13 0.471875 0.696296 0.089583 0.181481
34 0.662500 0.651389 0.016667 0.119444
4 0.654687 0.356944 0.020833 0.021296
