23 0.032292 0.641667 0.064583 0.155556
24 0.084115 0.434722 0.102604 0.097222
13 0.121094 0.314583 0.099479 0.109722
16 0.210156 0.352431 0.032813 0.025694
16 0.190104 0.425347 0.019792 0.040972
29 0.239063 0.428819 0.154167 0.060417
30 0.222135 0.477083 0.070312 0.079167
19 0.296875 0.462153 0.052083 0.090972
14 0.284896 0.427083 0.053125 0.115278
17 0.386719 0.282639 0.065104 0.048611
27 0.389323 0.281597 0.147396 0.303472
28 0.518750 0.371875 0.086458 0.110417
26 0.613281 0.285417 0.128646 0.181944
19 0.583594 0.420486 0.051562 0.088194
14 0.595833 0.390972 0.053125 0.105556
11 0.682552 0.444792 0.134896 0.136806
13 0.730990 0.541319 0.114062 0.127083
12 0.621615 0.559722 0.136979 0.133333
10 0.858073 0.583333 0.113021 0.095833
3 0.762760 0.644444 0.036979 0.038889
4 0.757812 0.659375 0.407292 0.154861
1 0.857812 0.742708 0.258333 0.311806
5 0.705208 0.734375 0.107292 0.293750
8 0.541406 0.692014 0.047396 0.014583
18 0.523698 0.652778 0.013021 0.100000
17 0.469792 0.673958 0.016667 0.099306
17 0.440885 0.675347 0.016146 0.111806
17 0.422396 0.677083 0.014583 0.112500
17 0.403385 0.678125 0.013021 0.113194
17 0.385156 0.695139 0.011979 0.080556
17 0.365365 0.701736 0.011979 0.070139
34 0.307812 0.798958 0.034375 0.022917
22 0.419792 0.682639 0.133333 0.129167
0 0.319531 0.690972 0.174479 0.248611
31 0.538021 0.432986 0.017708 0.025694
16 0.540625 0.460069 0.019792 0.015972
16 0.543229 0.484722 0.013542 0.020833
16 0.518229 0.462847 0.015625 0.025694
16 0.468490 0.439236 0.016146 0.024306
16 0.434375 0.438542 0.013542 0.027083
16 0.365365 0.442361 0.016146 0.026389
16 0.411458 0.465972 0.015625 0.026389
16 0.398698 0.466667 0.013021 0.025000
16 0.387240 0.466667 0.013021 0.025000
16 0.374740 0.467361 0.015104 0.025000
16 0.361979 0.468056 0.015625 0.023611
21 0.452083 0.481597 0.205208 0.090972
16 0.383854 0.618750 0.023958 0.016667
