19 0.373958 0.306250 0.052083 0.111111
14 0.375260 0.266319 0.049479 0.138194
2 0.847917 0.726389 0.033333 0.245833
3 0.822135 0.726736 0.045312 0.249306
5 0.773177 0.706597 0.127604 0.277083
4 0.705469 0.708681 0.076563 0.304861
10 0.909896 0.602083 0.107292 0.131944
13 0.815885 0.552778 0.106771 0.122222
12 0.713281 0.493403 0.136979 0.152083
11 0.776302 0.393750 0.132812 0.161111
14 0.711198 0.311458 0.082812 0.102083
19 0.689844 0.338194 0.071354 0.093056
26 0.734115 0.199306 0.147396 0.200000
28 0.623437 0.263889 0.098958 0.125000
24 0.104427 0.236111 0.130729 0.109722
13 0.158073 0.100694 0.123438 0.119444
16 0.265365 0.160417 0.038021 0.031944
16 0.242708 0.244792 0.017708 0.047917
29 0.304688 0.254514 0.193750 0.078472
30 0.278385 0.309028 0.089063 0.088889
17 0.501042 0.118056 0.073958 0.027778
27 0.494271 0.151389 0.158333 0.302778
16 0.458854 0.302083 0.017708 0.026389
16 0.536979 0.316319 0.016667 0.027083
16 0.573958 0.326389 0.017708 0.023611
16 0.453906 0.329861 0.018229 0.023611
16 0.469271 0.331597 0.018750 0.024306
16 0.483333 0.335417 0.014583 0.025000
16 0.497917 0.337153 0.015625 0.024306
16 0.512760 0.338194 0.016146 0.022222
16 0.624740 0.364931 0.015104 0.025694
16 0.646875 0.370833 0.019792 0.018056
16 0.647656 0.399306 0.016146 0.025000
16 0.525000 0.376736 0.015625 0.027083
31 0.644792 0.341319 0.022917 0.031250
21 0.541927 0.366319 0.221354 0.134028
17 0.485156 0.603819 0.018229 0.118750
17 0.515625 0.571528 0.016667 0.069444
17 0.536458 0.582639 0.017708 0.093056
17 0.556250 0.581944 0.018750 0.091667
17 0.575781 0.594097 0.020313 0.117361
22 0.536198 0.605903 0.151562 0.145139
0 0.414323 0.492708 0.203646 0.154861
1 0.558333 0.754167 0.145833 0.316667
17 0.594271 0.596875 0.019792 0.111806
23 0.036719 0.483681 0.073438 0.193750
18 0.498698 0.601042 0.034896 0.114583
18 0.628385 0.604514 0.018229 0.114583
34 0.350781 0.647222 0.090104 0.195833
