16 0.391667 0.206597 0.026042 0.036806
16 0.383333 0.246181 0.022917 0.039583
16 0.402604 0.249653 0.021875 0.039583
16 0.422135 0.250694 0.021354 0.040278
16 0.440365 0.253125 0.021354 0.039583
16 0.459635 0.258681 0.023438 0.038194
16 0.495573 0.224306 0.021354 0.040278
16 0.545052 0.237500 0.025521 0.033333
16 0.611719 0.292361 0.020313 0.038889
16 0.640625 0.300347 0.025000 0.025694
16 0.639583 0.336111 0.018750 0.033333
31 0.638281 0.259375 0.030729 0.039583
21 0.501042 0.287847 0.288542 0.172917
24 0.033073 0.151389 0.066146 0.131944
13 0.059635 0.031250 0.119271 0.062500
16 0.171615 0.039236 0.047396 0.036806
29 0.209896 0.154514 0.230208 0.085417
27 0.451823 0.101042 0.202604 0.202083
16 0.129688 0.145139 0.026042 0.058333
30 0.172917 0.228125 0.110417 0.113194
14 0.265885 0.165278 0.080729 0.177778
19 0.280208 0.218056 0.084375 0.137500
28 0.616667 0.156944 0.128125 0.162500
26 0.762760 0.104167 0.191146 0.208333
14 0.726042 0.227083 0.114583 0.125000
19 0.698958 0.258333 0.091667 0.111111
11 0.800781 0.327778 0.156771 0.186111
12 0.713021 0.457639 0.166667 0.183333
13 0.837760 0.451389 0.105729 0.119444
4 0.708854 0.557292 0.442708 0.189583
18 0.579167 0.559722 0.020833 0.138889
8 0.483073 0.591319 0.035937 0.013194
16 0.491927 0.581250 0.092188 0.048611
17 0.508333 0.587847 0.019792 0.143750
17 0.472396 0.557986 0.018750 0.109028
17 0.444531 0.571181 0.019271 0.140972
22 0.436979 0.579514 0.180208 0.182639
0 0.395052 0.643750 0.253646 0.295833
34 0.170313 0.697222 0.127083 0.048611
1 0.821354 0.648958 0.285417 0.359028
