27 0.844531 0.179861 0.184896 0.352778
17 0.667708 0.170486 0.077083 0.045139
16 0.875260 0.189931 0.021354 0.020139
28 0.916927 0.355903 0.093229 0.136806
31 0.938281 0.434722 0.063021 0.050000
1 0.970573 0.574306 0.058854 0.384722
19 0.949740 0.569444 0.056771 0.059722
14 0.960417 0.563542 0.035417 0.045139
3 0.900521 0.885069 0.048958 0.204861
11 0.927604 0.682292 0.144792 0.178472
0 0.668750 0.762500 0.203125 0.170833
16 0.893229 0.594792 0.020833 0.028472
16 0.877604 0.622569 0.020833 0.032639
16 0.874219 0.581250 0.020313 0.030556
16 0.848437 0.601042 0.022917 0.027083
16 0.822396 0.541667 0.022917 0.026389
16 0.803125 0.572222 0.022917 0.022222
16 0.780990 0.553472 0.019271 0.023611
16 0.745833 0.579861 0.023958 0.027778
16 0.765104 0.503472 0.025000 0.025000
16 0.725781 0.476389 0.022396 0.030556
16 0.716146 0.513194 0.020833 0.027778
16 0.744010 0.531944 0.020313 0.033333
21 0.787500 0.575694 0.222917 0.216667
19 0.677083 0.373611 0.078125 0.106944
14 0.697917 0.339236 0.086458 0.122917
30 0.572917 0.320139 0.097917 0.113889
22 0.429688 0.283681 0.148958 0.206250
