22 0.156250 0.508681 0.087500 0.154861
30 0.253906 0.466319 0.071354 0.065972
17 0.298438 0.314236 0.056250 0.047917
27 0.417969 0.218403 0.155729 0.275694
28 0.537760 0.286111 0.079687 0.098611
19 0.330469 0.448611 0.054688 0.086111
14 0.316146 0.417361 0.054167 0.100000
14 0.639583 0.351389 0.054167 0.145833
19 0.627083 0.396875 0.053125 0.078472
26 0.669010 0.264931 0.133854 0.196528
13 0.838281 0.309722 0.085938 0.093056
13 0.915365 0.497917 0.093229 0.098611
29 0.896875 0.451042 0.087500 0.045139
24 0.785937 0.420833 0.096875 0.086111
12 0.943490 0.592361 0.096354 0.109722
10 0.768229 0.487153 0.126042 0.138194
11 0.647917 0.508681 0.151042 0.160417
5 0.819010 0.670833 0.094271 0.269444
4 0.846875 0.672222 0.057292 0.259722
33 0.573958 0.592361 0.027083 0.038889
1 0.717448 0.690972 0.178646 0.345833
32 0.629948 0.580903 0.047396 0.039583
0 0.494010 0.675694 0.194271 0.248611
16 0.383333 0.489931 0.015625 0.031250
16 0.382031 0.518750 0.021354 0.022222
16 0.419010 0.484028 0.016146 0.026389
16 0.409115 0.517014 0.014063 0.022917
16 0.432552 0.511806 0.017188 0.029167
16 0.480729 0.477431 0.014583 0.028472
16 0.470833 0.509028 0.019792 0.026389
16 0.520312 0.501389 0.014583 0.023611
16 0.556510 0.496528 0.015104 0.026389
16 0.563281 0.468056 0.015104 0.027778
16 0.539844 0.469792 0.015104 0.027083
21 0.477604 0.521181 0.214583 0.110417
16 0.425781 0.211458 0.016146 0.017361
16 0.423698 0.543750 0.019271 0.029167
16 0.460677 0.540625 0.021354 0.027083
