1 0.705990 0.813542 0.214062 0.345139
27 0.624740 0.121181 0.139063 0.242361
3 0.687240 0.746875 0.077604 0.174306
16 0.616667 0.686111 0.045833 0.045833
0 0.525000 0.736111 0.259375 0.272222
2 0.894010 0.749653 0.070312 0.279861
4 0.958854 0.760417 0.043750 0.286111
5 0.925521 0.741667 0.054167 0.288889
24 0.946615 0.462847 0.082812 0.122917
13 0.988021 0.367361 0.023958 0.095833
10 0.922917 0.514236 0.128125 0.170139
11 0.810156 0.488889 0.158854 0.197222
16 0.737760 0.418056 0.016146 0.027778
16 0.724479 0.443403 0.018750 0.031250
16 0.714063 0.409028 0.018750 0.029167
16 0.688802 0.429861 0.017188 0.030556
16 0.651823 0.384722 0.018229 0.031944
16 0.636979 0.412153 0.017708 0.027083
16 0.620052 0.440625 0.019271 0.020139
16 0.587760 0.363889 0.020313 0.029167
16 0.608073 0.403472 0.018229 0.027778
16 0.580729 0.394792 0.016667 0.028472
16 0.545312 0.349306 0.017708 0.031944
31 0.535156 0.410069 0.017188 0.038194
16 0.562500 0.423264 0.019792 0.027083
21 0.627604 0.430903 0.230208 0.160417
26 0.868750 0.237500 0.159375 0.222222
19 0.718490 0.339583 0.068229 0.101389
14 0.749479 0.291667 0.097917 0.152778
28 0.731510 0.211806 0.091146 0.113889
16 0.629687 0.080556 0.013542 0.023611
17 0.470833 0.145833 0.067708 0.034722
14 0.486198 0.257986 0.045312 0.127083
19 0.488281 0.299653 0.047396 0.100694
30 0.395833 0.288542 0.084375 0.081250
22 0.278906 0.299653 0.118229 0.154861
