13 0.521094 0.472569 0.168229 0.270139
2 0.609115 0.576736 0.044271 0.103472
3 0.583854 0.632292 0.090625 0.134028
4 0.443490 0.764583 0.184896 0.286111
10 0.726042 0.469444 0.106250 0.147222
5 0.572396 0.373958 0.150000 0.357639
9 0.518229 0.514236 0.040625 0.093750
1 0.620573 0.399306 0.161979 0.350000
11 0.440625 0.379514 0.152083 0.168750
12 0.368490 0.567708 0.158854 0.152083
14 0.303906 0.380208 0.048438 0.117361
19 0.318490 0.414236 0.055729 0.099306
28 0.249219 0.395139 0.100521 0.127778
26 0.315104 0.252083 0.137500 0.209722
17 0.091146 0.368403 0.059375 0.072917
27 0.104688 0.373264 0.192708 0.313194
29 0.036719 0.571875 0.073438 0.082639
30 0.020052 0.637847 0.040104 0.081250
14 0.036458 0.576389 0.072917 0.091667
19 0.051042 0.600000 0.076042 0.087500
16 0.104948 0.548958 0.015104 0.027083
16 0.165104 0.514236 0.016667 0.027083
16 0.196875 0.495833 0.017708 0.027778
16 0.245052 0.496875 0.020313 0.020139
16 0.269271 0.485069 0.020833 0.021528
16 0.275781 0.513194 0.018229 0.022222
16 0.160677 0.578125 0.015104 0.028472
16 0.145573 0.550694 0.015104 0.025000
16 0.134896 0.556944 0.013542 0.027778
16 0.124740 0.563889 0.011979 0.027778
16 0.114583 0.571181 0.016667 0.020139
16 0.104427 0.578819 0.016146 0.022917
21 0.200260 0.545486 0.200521 0.181250
0 0.399479 0.474306 0.163542 0.255556
31 0.263802 0.458333 0.021354 0.030556
