16 0.413542 0.776736 0.018750 0.025694
16 0.489583 0.784722 0.017708 0.029167
16 0.526302 0.785764 0.014063 0.027083
16 0.409635 0.808333 0.019271 0.022222
16 0.426302 0.811806 0.016146 0.027778
16 0.439063 0.812847 0.016667 0.025694
16 0.453125 0.813889 0.016667 0.027778
16 0.466406 0.813889 0.016146 0.030556
16 0.492969 0.849306 0.016146 0.027778
16 0.575521 0.817361 0.017708 0.025000
16 0.596615 0.815972 0.019271 0.020833
16 0.600260 0.846875 0.016146 0.027083
31 0.596354 0.783333 0.017708 0.025000
21 0.499479 0.822917 0.215625 0.097222
3 0.666406 0.932986 0.056771 0.135417
11 0.644010 0.800694 0.079687 0.141667
10 0.754427 0.664236 0.084896 0.118750
14 0.578646 0.669792 0.062500 0.100694
19 0.563542 0.692014 0.059375 0.081250
30 0.611979 0.612153 0.058333 0.061806
16 0.562760 0.523958 0.017188 0.038194
28 0.548177 0.577431 0.083854 0.107639
26 0.646615 0.508333 0.121354 0.154167
1 0.622135 0.552083 0.127604 0.156944
16 0.452083 0.538542 0.015625 0.050694
27 0.430469 0.493750 0.133854 0.309722
14 0.337760 0.619792 0.040104 0.109028
19 0.339323 0.653472 0.044271 0.081944
22 0.249479 0.607292 0.102083 0.154861
24 0.105469 0.537500 0.114062 0.093056
13 0.130469 0.629167 0.128646 0.130556
13 0.155469 0.424653 0.103646 0.102083
12 0.251823 0.422569 0.105729 0.113194
17 0.250521 0.501736 0.060417 0.021528
29 0.461719 0.727083 0.176563 0.073611
34 0.199219 0.885764 0.054688 0.188194
0 0.408594 0.972569 0.156771 0.053472
