3 0.644271 0.664583 0.114583 0.250000
5 0.714323 0.630903 0.076563 0.275694
4 0.748437 0.549653 0.046875 0.118750
6 0.671094 0.456250 0.057813 0.041667
2 0.835417 0.328125 0.292708 0.243750
1 0.866667 0.431250 0.151042 0.401389
0 0.530729 0.467014 0.152083 0.185417
10 0.621875 0.463542 0.134375 0.163194
13 0.791667 0.442708 0.039583 0.081250
12 0.904948 0.537847 0.020313 0.067361
13 0.734375 0.249306 0.093750 0.090278
11 0.713281 0.443403 0.116146 0.146528
31 0.413281 0.421528 0.017188 0.031944
16 0.435417 0.419792 0.014583 0.028472
16 0.457552 0.417708 0.017188 0.024306
16 0.448958 0.445486 0.019792 0.024306
16 0.390365 0.426389 0.014063 0.026389
16 0.462240 0.465972 0.015104 0.025000
16 0.377604 0.428472 0.016667 0.026389
16 0.366667 0.429861 0.014583 0.023611
16 0.355990 0.432292 0.014063 0.027083
16 0.322917 0.439583 0.016667 0.025000
16 0.292187 0.443750 0.016667 0.026389
16 0.289583 0.481597 0.015625 0.025694
16 0.311458 0.479514 0.013542 0.022917
16 0.413281 0.449653 0.018229 0.024306
21 0.380208 0.470833 0.194792 0.108333
30 0.174479 0.465625 0.066667 0.072917
19 0.240885 0.426389 0.057813 0.087500
14 0.220312 0.380556 0.067708 0.141667
17 0.180990 0.360417 0.035937 0.036111
22 0.072917 0.557292 0.071875 0.152083
16 0.292708 0.242361 0.012500 0.023611
27 0.275521 0.257986 0.181250 0.256250
28 0.407813 0.282639 0.078125 0.100000
26 0.528385 0.244097 0.132812 0.196528
19 0.491146 0.397917 0.038542 0.084722
14 0.488802 0.339931 0.047396 0.145139
