22 0.289323 0.409722 0.133854 0.195833
17 0.509635 0.267014 0.072396 0.034028
30 0.422135 0.427431 0.090104 0.103472
16 0.669792 0.252778 0.010417 0.019444
31 0.724479 0.270486 0.036458 0.056250
27 0.656510 0.245486 0.144271 0.338194
28 0.755990 0.396181 0.079687 0.122917
14 0.573698 0.426736 0.067187 0.113194
19 0.558333 0.457986 0.063542 0.092361
1 0.795573 0.341667 0.149479 0.275000
26 0.904167 0.440625 0.108333 0.175694
13 0.980990 0.573264 0.038021 0.109028
29 0.983594 0.736458 0.032813 0.040972
13 0.979948 0.801736 0.040104 0.103472
12 0.980469 0.905208 0.039062 0.109028
11 0.768750 0.705556 0.057292 0.144444
16 0.583073 0.558681 0.019271 0.024306
16 0.624219 0.573958 0.020313 0.021528
16 0.685156 0.593056 0.019271 0.020833
16 0.577083 0.597222 0.023958 0.020833
16 0.605208 0.603472 0.015625 0.029167
16 0.633073 0.614931 0.015104 0.028472
16 0.614062 0.646528 0.016667 0.030556
16 0.657552 0.621528 0.015104 0.029167
16 0.666667 0.661806 0.015625 0.027778
16 0.739844 0.610069 0.014063 0.027083
16 0.759375 0.616319 0.015625 0.028472
16 0.749740 0.648264 0.011979 0.024306
16 0.717448 0.638542 0.017188 0.021528
21 0.654687 0.626042 0.214583 0.147917
0 0.617708 0.879167 0.161458 0.151389
24 0.947135 0.664931 0.026562 0.079861
