0 0.639323 0.803472 0.275521 0.208333
21 0.748177 0.438889 0.209896 0.187500
16 0.743229 0.817361 0.066667 0.048611
1 0.867969 0.850347 0.208854 0.297917
2 0.913021 0.697222 0.052083 0.065278
5 0.980469 0.825694 0.039062 0.283333
25 0.683073 0.697222 0.143229 0.102778
24 0.713021 0.578819 0.148958 0.175694
10 0.942187 0.591319 0.115625 0.170139
31 0.811979 0.417361 0.018750 0.026389
16 0.845052 0.503472 0.017188 0.027778
16 0.837500 0.468403 0.019792 0.027083
16 0.851823 0.447222 0.020313 0.023611
16 0.830729 0.431250 0.018750 0.027778
16 0.807292 0.450000 0.021875 0.023611
16 0.786719 0.405903 0.019271 0.028472
16 0.775521 0.400347 0.018750 0.027083
16 0.764062 0.393056 0.017708 0.030556
16 0.752344 0.386111 0.018229 0.029167
16 0.717708 0.369444 0.020833 0.026389
16 0.679688 0.349653 0.018750 0.028472
16 0.696354 0.406597 0.017708 0.032639
19 0.886458 0.453125 0.073958 0.085417
14 0.921615 0.412847 0.113021 0.125694
26 0.938021 0.294097 0.123958 0.215972
28 0.822656 0.253819 0.092188 0.125694
19 0.634375 0.298611 0.055208 0.098611
14 0.645573 0.234375 0.053646 0.179861
30 0.523177 0.273611 0.081771 0.094444
22 0.364844 0.300694 0.119271 0.162500
17 0.561719 0.156597 0.068229 0.031250
16 0.735156 0.173264 0.019271 0.054861
27 0.696875 0.143403 0.160417 0.286806
4 0.981250 0.886111 0.037500 0.175000
3 0.859115 0.795833 0.091146 0.175000
