13 0.522135 0.709722 0.108854 0.210185
29 0.386979 0.638889 0.098958 0.192593
13 0.355990 0.577315 0.105729 0.176852
12 0.300000 0.525463 0.106250 0.173148
4 0.369531 0.406481 0.093229 0.116667
5 0.384635 0.366204 0.102604 0.121296
2 0.410938 0.316204 0.073958 0.049074
10 0.468490 0.367593 0.081771 0.166667
11 0.509896 0.304630 0.072917 0.146296
19 0.564323 0.321296 0.026562 0.087037
14 0.574740 0.287037 0.034896 0.107407
26 0.620052 0.342593 0.093229 0.200000
28 0.673698 0.325926 0.025521 0.094444
16 0.699479 0.191204 0.011458 0.015741
27 0.715625 0.203704 0.147917 0.224074
1 0.537500 0.091667 0.082292 0.131481
3 0.560417 0.092593 0.035417 0.114815
7 0.559896 0.157407 0.003125 0.014815
31 0.561458 0.169444 0.006250 0.016667
0 0.544531 0.130556 0.043229 0.022222
16 0.568229 0.181481 0.006250 0.009259
16 0.576562 0.191667 0.006250 0.012963
16 0.563542 0.191204 0.006250 0.008333
16 0.559375 0.202778 0.009375 0.011111
16 0.567187 0.218519 0.008333 0.009259
16 0.545833 0.204167 0.009375 0.013889
16 0.548177 0.232407 0.006771 0.011111
16 0.554167 0.248148 0.008333 0.009259
16 0.550260 0.260648 0.007812 0.010185
16 0.539583 0.248148 0.007292 0.009259
21 0.556771 0.234722 0.057292 0.119444
19 0.615625 0.177315 0.026042 0.076852
14 0.622656 0.151389 0.020313 0.095370
30 0.629427 0.145370 0.025521 0.051852
22 0.632812 0.100463 0.060417 0.065741
34 0.764844 0.060648 0.017188 0.041667
24 0.489844 0.492593 0.085938 0.142593
17 0.698438 0.175926 0.008333 0.012963
