21 0.564323 0.542708 0.203646 0.097917
22 0.223698 0.439931 0.106771 0.152083
30 0.335938 0.425694 0.077083 0.072222
17 0.396875 0.288542 0.061458 0.034028
16 0.526302 0.236458 0.010937 0.015972
16 0.480990 0.493750 0.017188 0.023611
16 0.480469 0.525000 0.021354 0.019444
16 0.520833 0.498264 0.017708 0.021528
16 0.508073 0.526042 0.016146 0.024306
16 0.532813 0.529167 0.014583 0.023611
16 0.556510 0.529514 0.014063 0.025694
16 0.578646 0.502778 0.019792 0.019444
16 0.634115 0.505208 0.013021 0.021528
16 0.613802 0.533333 0.015104 0.018056
16 0.570833 0.561111 0.014583 0.020833
16 0.520573 0.558333 0.015104 0.026389
31 0.629948 0.530556 0.050521 0.065278
14 0.456510 0.389236 0.038021 0.110417
19 0.449479 0.422222 0.041667 0.086111
27 0.522396 0.232292 0.139583 0.278472
28 0.633333 0.334375 0.079167 0.100694
26 0.757812 0.339583 0.137500 0.176389
14 0.744531 0.396181 0.049479 0.078472
13 0.898438 0.436458 0.076042 0.097917
29 0.934896 0.580903 0.077083 0.040972
13 0.945573 0.632986 0.078646 0.100694
12 0.959375 0.730208 0.079167 0.109028
4 0.877344 0.784028 0.028646 0.250000
3 0.744792 0.685417 0.037500 0.059722
11 0.705729 0.588542 0.088542 0.128472
24 0.844271 0.523958 0.076042 0.088194
10 0.851823 0.587153 0.074479 0.131250
1 0.744792 0.598958 0.215625 0.350694
0 0.535937 0.691667 0.181250 0.254167
5 0.856250 0.763889 0.032292 0.225000
