34 0.623177 0.967593 0.044271 0.064815
17 0.422135 0.571296 0.044271 0.046296
22 0.580469 0.534722 0.088021 0.137963
30 0.514323 0.484722 0.048438 0.080556
19 0.477344 0.429630 0.026562 0.085185
14 0.473698 0.399537 0.023438 0.102778
0 0.520573 0.324074 0.072396 0.079630
16 0.462500 0.346296 0.008333 0.018519
16 0.457552 0.375000 0.008854 0.012963
16 0.465885 0.381944 0.003646 0.010185
16 0.449740 0.347685 0.008854 0.010185
16 0.435156 0.352778 0.006771 0.012963
16 0.456510 0.356944 0.008854 0.013889
16 0.433073 0.333796 0.009896 0.012037
16 0.420833 0.325000 0.009375 0.014815
16 0.416146 0.336574 0.011458 0.013889
16 0.408594 0.331944 0.010937 0.015741
21 0.450260 0.367593 0.094271 0.096296
16 0.431510 0.322685 0.008854 0.010185
31 0.328646 0.368056 0.025000 0.047222
28 0.316146 0.414352 0.052083 0.080556
16 0.328385 0.451852 0.014063 0.046296
27 0.321875 0.468056 0.155208 0.184259
26 0.287240 0.314352 0.076563 0.158333
1 0.328125 0.289352 0.085417 0.167593
19 0.361458 0.327315 0.028125 0.073148
14 0.355990 0.308333 0.024479 0.085185
11 0.399219 0.304167 0.072396 0.102778
29 0.292187 0.219907 0.036458 0.050926
13 0.313802 0.205556 0.047396 0.074074
13 0.221875 0.267593 0.056250 0.085185
12 0.345573 0.178241 0.039062 0.060185
3 0.444271 0.256944 0.045833 0.062037
2 0.428385 0.239815 0.055729 0.044444
