3 0.435677 0.392130 0.073438 0.030556
24 0.509635 0.334259 0.059896 0.066667
13 0.640104 0.225000 0.041667 0.068519
22 0.626042 0.273148 0.062500 0.053704
14 0.615625 0.248611 0.028125 0.104630
19 0.608333 0.286574 0.021875 0.067593
17 0.676302 0.277778 0.009896 0.022222
16 0.603906 0.308333 0.008854 0.009259
16 0.600781 0.312037 0.008854 0.007407
16 0.599740 0.317130 0.008854 0.006481
16 0.595833 0.320833 0.009375 0.008333
16 0.593750 0.327315 0.007292 0.008333
16 0.588542 0.334259 0.007292 0.009259
16 0.583594 0.300463 0.008854 0.012037
16 0.568229 0.343519 0.007292 0.011111
31 0.562500 0.379167 0.008333 0.017593
21 0.579948 0.357407 0.053646 0.109259
14 0.528906 0.306944 0.018229 0.049074
34 0.530208 0.256481 0.022917 0.042593
25 0.470833 0.320370 0.057292 0.066667
30 0.550260 0.450000 0.036979 0.072222
27 0.650521 0.343519 0.081250 0.137037
26 0.607031 0.434722 0.082812 0.191667
10 0.522917 0.400000 0.070833 0.140741
11 0.474740 0.479630 0.088021 0.155556
12 0.523438 0.543981 0.084375 0.154630
0 0.493229 0.220833 0.038542 0.065741
1 0.441146 0.374074 0.067708 0.112963
5 0.379167 0.462500 0.107292 0.100926
29 0.441927 0.566667 0.101562 0.100000
13 0.411458 0.641204 0.095833 0.143519
4 0.410938 0.423148 0.079167 0.074074
