24 0.510677 0.905903 0.142187 0.135417
19 0.582292 0.801736 0.056250 0.071528
14 0.599740 0.780903 0.064062 0.081250
2 0.644271 0.911111 0.057292 0.179167
10 0.642708 0.739236 0.070833 0.146528
16 0.410417 0.715972 0.014583 0.026389
16 0.418750 0.656250 0.014583 0.027778
16 0.430469 0.659028 0.013021 0.025000
16 0.442969 0.661111 0.016146 0.023611
16 0.455729 0.665278 0.015625 0.025000
16 0.469271 0.667014 0.015625 0.022917
16 0.491927 0.671181 0.014063 0.027083
16 0.529427 0.679514 0.020313 0.021528
16 0.528125 0.706944 0.015625 0.026389
16 0.577083 0.717361 0.013542 0.026389
31 0.601302 0.686458 0.016146 0.025694
16 0.598698 0.720139 0.021354 0.018056
16 0.596875 0.745139 0.008333 0.012500
21 0.501302 0.716319 0.214062 0.114583
28 0.595313 0.610417 0.066667 0.105556
29 0.846615 0.757986 0.064062 0.171528
12 0.790885 0.646875 0.104688 0.117361
13 0.902083 0.726042 0.091667 0.138194
26 0.703125 0.517708 0.130208 0.156250
16 0.474219 0.478472 0.014063 0.020833
16 0.463281 0.531597 0.021354 0.049306
27 0.469010 0.505208 0.132812 0.275694
0 0.403906 0.510764 0.128646 0.265972
1 0.564583 0.513889 0.208333 0.193056
17 0.279427 0.530208 0.060937 0.020139
13 0.173177 0.624306 0.123438 0.122222
22 0.276823 0.633333 0.104688 0.143056
14 0.327344 0.570486 0.035937 0.043750
