13 0.822656 0.201852 0.093229 0.116667
13 0.835417 0.473611 0.094792 0.106481
12 0.836979 0.587037 0.102083 0.116667
29 0.840104 0.406481 0.115625 0.044444
24 0.715365 0.367130 0.080729 0.095370
10 0.671615 0.458333 0.089063 0.105556
11 0.606771 0.466667 0.052083 0.111111
3 0.616927 0.639352 0.038021 0.210185
2 0.667448 0.634722 0.038021 0.217593
5 0.698698 0.619444 0.048438 0.235185
4 0.727604 0.630556 0.035417 0.238889
14 0.592187 0.343056 0.036458 0.084259
19 0.581510 0.371296 0.022396 0.050000
26 0.629167 0.216667 0.103125 0.175926
28 0.535156 0.204630 0.045312 0.105556
31 0.446615 0.150463 0.014063 0.054630
1 0.488542 0.182870 0.107292 0.217593
27 0.430729 0.146759 0.120833 0.293519
17 0.341927 0.233796 0.044271 0.047222
34 0.070573 0.194907 0.085938 0.021296
0 0.442969 0.640278 0.091146 0.134259
16 0.506771 0.467130 0.010417 0.021296
16 0.483333 0.445833 0.008333 0.021296
16 0.446354 0.452778 0.010417 0.020370
16 0.422917 0.455093 0.011458 0.023148
16 0.423698 0.482870 0.010937 0.019444
16 0.439323 0.481481 0.010937 0.020370
16 0.460938 0.474537 0.012500 0.017593
16 0.476302 0.475000 0.009896 0.018519
16 0.449219 0.505556 0.010937 0.022222
16 0.471094 0.500926 0.013021 0.020370
21 0.464323 0.476389 0.099479 0.084259
19 0.390104 0.415741 0.026042 0.048148
14 0.377604 0.406481 0.036458 0.048148
30 0.328906 0.421759 0.045312 0.056481
22 0.258594 0.455556 0.068229 0.142593
16 0.438542 0.151389 0.005208 0.019444
