24 0.245312 0.252431 0.141667 0.104861
13 0.309635 0.117361 0.114062 0.123611
17 0.422396 0.087500 0.063542 0.019444
16 0.608333 0.108681 0.020833 0.018750
14 0.481771 0.243403 0.053125 0.203472
19 0.469531 0.315625 0.053646 0.115972
30 0.376042 0.239236 0.082292 0.079861
22 0.358073 0.354167 0.105729 0.190278
16 0.530990 0.404167 0.027604 0.068056
16 0.486198 0.489931 0.011979 0.028472
16 0.464323 0.530556 0.016146 0.026389
16 0.534635 0.538194 0.017188 0.038889
16 0.534375 0.495486 0.025000 0.028472
16 0.600521 0.544097 0.023958 0.029861
21 0.525260 0.551736 0.216146 0.135417
29 0.588802 0.439931 0.203646 0.085417
27 0.584896 0.139583 0.158333 0.279167
28 0.709115 0.261111 0.091146 0.120833
14 0.752865 0.300694 0.081771 0.122222
19 0.730208 0.334375 0.072917 0.102083
26 0.814063 0.194444 0.143750 0.202778
12 0.963802 0.525000 0.072396 0.116667
10 0.925521 0.467708 0.120833 0.160417
11 0.832292 0.498264 0.155208 0.182639
5 0.939063 0.715625 0.053125 0.284028
4 0.901563 0.702083 0.047917 0.295833
2 0.866667 0.736111 0.059375 0.306944
3 0.796094 0.710764 0.107813 0.286806
0 0.414323 0.501042 0.198437 0.277083
1 0.605729 0.451736 0.173958 0.228472
