5 0.775000 0.926736 0.162500 0.145139
12 0.729167 0.776736 0.108333 0.124306
13 0.803906 0.763542 0.086979 0.117361
11 0.680469 0.808333 0.064062 0.126389
10 0.502604 0.917708 0.054167 0.163194
16 0.309635 0.927083 0.017188 0.029167
16 0.289062 0.965972 0.016667 0.030556
16 0.275521 0.972222 0.015625 0.030556
16 0.235677 0.983333 0.020313 0.026389
16 0.249219 0.980556 0.017188 0.027778
16 0.262240 0.976736 0.018229 0.031250
16 0.308333 0.989931 0.017708 0.020139
16 0.346354 0.915972 0.021875 0.025000
16 0.348438 0.978819 0.017708 0.029861
16 0.403646 0.923264 0.020833 0.025694
31 0.419010 0.881597 0.021354 0.028472
16 0.428385 0.910417 0.018229 0.023611
16 0.438021 0.937500 0.016667 0.027778
21 0.339583 0.941319 0.236458 0.117361
29 0.323437 0.872569 0.176042 0.099306
19 0.432552 0.835069 0.043229 0.090972
14 0.432812 0.802083 0.037500 0.113889
28 0.415104 0.765972 0.087500 0.112500
26 0.479167 0.653125 0.103125 0.179861
2 0.543229 0.508681 0.082292 0.196528
1 0.557552 0.568056 0.081771 0.277778
16 0.285938 0.741667 0.022917 0.051389
27 0.281771 0.702083 0.148958 0.305556
17 0.140104 0.722222 0.055208 0.020833
13 0.050000 0.788542 0.100000 0.139583
30 0.119531 0.904861 0.075521 0.081944
22 0.133333 0.969097 0.076042 0.061806
0 0.078385 0.897917 0.106771 0.205556
19 0.183333 0.931944 0.065625 0.097222
14 0.165885 0.898264 0.068229 0.115972
