16 0.511458 0.382986 0.017708 0.029861
29 0.035417 0.328125 0.070833 0.207639
23 0.172917 0.217014 0.116667 0.131250
30 0.255990 0.303472 0.090104 0.091667
16 0.256771 0.082639 0.012500 0.020833
16 0.381510 0.321181 0.024479 0.028472
16 0.409115 0.320139 0.022396 0.029167
16 0.428385 0.318750 0.016146 0.031944
16 0.377865 0.366667 0.018229 0.026389
16 0.395833 0.370486 0.019792 0.021528
16 0.412500 0.367014 0.020833 0.021528
16 0.380469 0.386111 0.028646 0.020833
16 0.429167 0.384722 0.018750 0.026389
16 0.445312 0.363194 0.020833 0.029167
16 0.600521 0.324653 0.022917 0.022917
16 0.591927 0.350347 0.023438 0.021528
16 0.585677 0.383333 0.025521 0.022222
31 0.477344 0.380208 0.025521 0.029861
21 0.490625 0.376736 0.260417 0.111806
17 0.421615 0.059722 0.072396 0.038889
14 0.335677 0.194097 0.046354 0.150694
14 0.632812 0.210069 0.073958 0.189583
19 0.346354 0.238194 0.051042 0.118056
19 0.614062 0.273611 0.065625 0.109722
27 0.393750 0.115625 0.178125 0.231250
28 0.544271 0.168403 0.094792 0.114583
26 0.666667 0.121528 0.156250 0.243056
17 0.489323 0.503125 0.105729 0.022917
17 0.492448 0.531944 0.107813 0.025000
17 0.495312 0.562153 0.110417 0.027083
17 0.498437 0.593750 0.111458 0.026389
17 0.501302 0.626389 0.114062 0.027778
17 0.491667 0.679861 0.071875 0.020833
18 0.508333 0.664583 0.037500 0.030556
22 0.494010 0.596181 0.127604 0.224306
24 0.810937 0.323611 0.096875 0.115278
13 0.799219 0.211458 0.097396 0.118750
12 0.737500 0.337847 0.138542 0.163194
10 0.902604 0.330556 0.112500 0.145833
11 0.908854 0.466319 0.125000 0.156250
13 0.827604 0.501389 0.135417 0.143056
3 0.977865 0.584375 0.036979 0.175694
2 0.964583 0.601389 0.046875 0.175000
5 0.767708 0.604167 0.122917 0.343056
4 0.690365 0.602083 0.114062 0.351389
0 0.397917 0.829167 0.151042 0.343056
1 0.584115 0.727778 0.139063 0.213889
