13 0.343229 0.194444 0.104167 0.118056
17 0.448177 0.161806 0.058854 0.018056
30 0.403906 0.303819 0.077604 0.067361
22 0.390365 0.418403 0.105729 0.172917
14 0.481771 0.302083 0.044792 0.136111
19 0.481510 0.339931 0.048438 0.113194
16 0.596354 0.394444 0.015625 0.026389
16 0.634896 0.399306 0.022917 0.020833
31 0.709115 0.405208 0.020313 0.032639
16 0.627344 0.459028 0.018229 0.022222
16 0.556771 0.453472 0.017708 0.030556
16 0.689323 0.434028 0.015104 0.020833
16 0.713021 0.437500 0.018750 0.020833
16 0.717969 0.469097 0.016146 0.025694
16 0.571615 0.420139 0.016146 0.022222
16 0.556510 0.421528 0.016146 0.022222
16 0.541406 0.420139 0.016146 0.022222
16 0.527865 0.418056 0.016146 0.022222
16 0.512760 0.417361 0.016146 0.022222
16 0.512240 0.448611 0.017188 0.022222
21 0.607292 0.446181 0.232292 0.117361
29 0.617708 0.359375 0.181250 0.088194
16 0.584115 0.193403 0.030729 0.039583
27 0.600521 0.176042 0.151042 0.313194
14 0.762500 0.354861 0.073958 0.123611
19 0.744792 0.385417 0.065625 0.104167
28 0.721094 0.312153 0.089063 0.118750
26 0.822135 0.242708 0.138021 0.203472
12 0.976823 0.548611 0.046354 0.147222
11 0.928385 0.522222 0.108854 0.172222
10 0.832292 0.509722 0.164583 0.184722
2 0.781510 0.744792 0.069271 0.340972
5 0.959896 0.754861 0.078125 0.297222
4 0.882552 0.737847 0.063021 0.314583
7 0.732031 0.815972 0.104688 0.084722
3 0.882292 0.918056 0.234375 0.166667
24 0.551302 0.631944 0.201563 0.169444
0 0.394271 0.660764 0.250000 0.304861
1 0.956510 0.956597 0.086979 0.092361
