29 0.298177 0.142593 0.071354 0.062963
22 0.342187 0.168519 0.063542 0.074074
30 0.352604 0.206019 0.035417 0.049074
14 0.354167 0.190741 0.026042 0.085185
19 0.360417 0.217130 0.025000 0.067593
16 0.417708 0.179630 0.011458 0.038889
27 0.438542 0.157870 0.086458 0.215741
28 0.455469 0.270370 0.028646 0.083333
26 0.498698 0.256481 0.076563 0.196296
17 0.536198 0.277315 0.021354 0.034259
16 0.359375 0.245370 0.007292 0.014815
16 0.365104 0.251389 0.007292 0.010185
16 0.368750 0.256944 0.010417 0.012037
16 0.349740 0.251389 0.009896 0.012037
16 0.354167 0.259259 0.009375 0.011111
16 0.357552 0.263426 0.009896 0.010185
16 0.338021 0.256944 0.008333 0.012037
16 0.345833 0.271296 0.010417 0.011111
16 0.341406 0.263426 0.009896 0.010185
16 0.366927 0.281481 0.009896 0.011111
16 0.372917 0.324074 0.010417 0.012963
16 0.365104 0.308796 0.010417 0.012037
16 0.387500 0.321296 0.009375 0.011111
31 0.353646 0.286574 0.010417 0.019444
21 0.368229 0.295370 0.065625 0.092593
14 0.410156 0.294444 0.026562 0.111111
19 0.412760 0.325463 0.021354 0.050926
24 0.242448 0.325926 0.055729 0.118519
0 0.197917 0.291667 0.083333 0.140741
3 0.183594 0.486111 0.041146 0.161111
7 0.202344 0.396759 0.007812 0.032407
1 0.181250 0.532407 0.081250 0.135185
2 0.348177 0.614815 0.070312 0.227778
10 0.400260 0.393981 0.082812 0.154630
11 0.434635 0.543981 0.099479 0.191667
13 0.556771 0.462963 0.075000 0.140741
13 0.610938 0.428241 0.081250 0.134259
12 0.598698 0.573148 0.084896 0.168519
5 0.466667 0.781481 0.161458 0.251852
4 0.502604 0.869907 0.171875 0.200926
