21 0.583333 0.466667 0.226042 0.097222
27 0.567969 0.206250 0.139063 0.301389
28 0.689583 0.326389 0.086458 0.113889
26 0.788802 0.250000 0.129688 0.198611
29 0.589063 0.380903 0.176042 0.074306
19 0.713021 0.398264 0.060417 0.095139
14 0.729427 0.363542 0.063021 0.118750
16 0.486458 0.450347 0.013542 0.028472
16 0.500260 0.450000 0.013021 0.027778
16 0.514062 0.449653 0.014583 0.028472
16 0.528646 0.449653 0.014583 0.028472
16 0.542969 0.449653 0.014063 0.027083
16 0.567448 0.419792 0.014063 0.027083
16 0.605208 0.423264 0.020833 0.024306
31 0.679167 0.419792 0.015625 0.031250
16 0.682813 0.449653 0.016667 0.021528
16 0.658854 0.450000 0.017708 0.020833
16 0.688542 0.479514 0.015625 0.024306
16 0.598437 0.480903 0.015625 0.025694
16 0.528906 0.478819 0.016146 0.027083
16 0.485938 0.480208 0.015625 0.028472
14 0.451302 0.345486 0.042188 0.125694
19 0.458854 0.385764 0.045833 0.099306
13 0.323958 0.244792 0.100000 0.117361
30 0.383594 0.347917 0.075521 0.068056
22 0.376042 0.461111 0.100000 0.173611
17 0.422917 0.204861 0.056250 0.012500
10 0.804688 0.506944 0.160417 0.172222
11 0.903906 0.511806 0.113021 0.166667
12 0.966146 0.528472 0.067708 0.134722
3 0.837240 0.751042 0.094271 0.288194
4 0.867188 0.705556 0.073958 0.265278
5 0.952344 0.715625 0.093229 0.250694
2 0.879167 0.861111 0.241667 0.141667
6 0.717708 0.782986 0.132292 0.075694
24 0.532031 0.682639 0.179688 0.163889
0 0.382552 0.685764 0.220312 0.309028
1 0.925000 0.910764 0.150000 0.177083
16 0.550000 0.227431 0.029167 0.038194
