5 0.716146 0.663889 0.052083 0.237037
1 0.533594 0.674537 0.081771 0.137963
10 0.820833 0.383333 0.119792 0.148148
24 0.725781 0.368981 0.085938 0.110185
2 0.832292 0.638426 0.040625 0.215741
3 0.853125 0.627778 0.032292 0.218519
11 0.778125 0.530556 0.110417 0.131481
12 0.756250 0.212500 0.092708 0.126852
13 0.641146 0.439815 0.082292 0.138889
14 0.569271 0.356481 0.033333 0.077778
19 0.414844 0.365741 0.028646 0.050000
26 0.615885 0.216204 0.106771 0.193519
28 0.530208 0.247685 0.061458 0.115741
19 0.559375 0.382870 0.028125 0.050926
14 0.403646 0.346296 0.026042 0.050000
27 0.426563 0.170370 0.132292 0.312963
30 0.368750 0.405093 0.048958 0.058333
17 0.444531 0.187500 0.046354 0.050926
22 0.484896 0.639352 0.076042 0.099074
29 0.214323 0.401389 0.034896 0.200926
0 0.460677 0.767130 0.083854 0.095370
4 0.686719 0.643056 0.039062 0.237963
13 0.628385 0.614352 0.079687 0.106481
23 0.299740 0.294444 0.059896 0.142593
18 0.494792 0.705093 0.009375 0.067593
16 0.327865 0.112500 0.011979 0.017593
18 0.550521 0.610648 0.010417 0.015741
17 0.455990 0.644907 0.008854 0.082407
17 0.466146 0.643519 0.009375 0.083333
17 0.476562 0.642593 0.008333 0.083333
17 0.486719 0.640278 0.008854 0.082407
17 0.496615 0.629630 0.007812 0.055556
17 0.511458 0.617130 0.007292 0.036111
16 0.434375 0.440741 0.011458 0.020370
16 0.448437 0.437037 0.012500 0.018519
16 0.456510 0.435648 0.008854 0.023148
16 0.434375 0.478241 0.010417 0.019444
16 0.442969 0.480556 0.008854 0.018519
16 0.450521 0.477315 0.012500 0.021296
16 0.435677 0.492593 0.013021 0.014815
16 0.465885 0.474074 0.010937 0.016667
16 0.458073 0.491667 0.009896 0.018519
31 0.479427 0.487963 0.013021 0.018519
16 0.510677 0.487037 0.010937 0.022222
16 0.533333 0.483796 0.012500 0.017593
16 0.540365 0.456944 0.010937 0.019444
16 0.546615 0.431944 0.013021 0.015741
21 0.490885 0.463426 0.130729 0.078704
