31 0.466406 0.714583 0.023438 0.030556
16 0.478385 0.748264 0.017188 0.028472
16 0.488802 0.780556 0.025521 0.023611
16 0.450781 0.761458 0.025521 0.024306
16 0.386979 0.755903 0.025000 0.025694
16 0.390625 0.828819 0.016667 0.031250
16 0.342708 0.771875 0.021875 0.025694
16 0.288281 0.793750 0.021354 0.029167
16 0.315104 0.842014 0.017708 0.034028
16 0.300521 0.847569 0.017708 0.034028
16 0.283073 0.856250 0.017188 0.033333
16 0.261458 0.802778 0.021875 0.031944
16 0.266667 0.842014 0.022917 0.025694
21 0.379167 0.810417 0.254167 0.191667
29 0.398177 0.701389 0.198437 0.086111
19 0.277083 0.630903 0.060417 0.099306
14 0.263021 0.597917 0.062500 0.118056
30 0.199740 0.583333 0.071354 0.079167
22 0.205729 0.693750 0.109375 0.193056
24 0.096615 0.631250 0.109896 0.118056
13 0.130208 0.489236 0.103125 0.135417
17 0.220312 0.425000 0.054167 0.022222
16 0.378646 0.419792 0.029167 0.045139
27 0.353385 0.398611 0.145313 0.294444
26 0.564844 0.367361 0.105729 0.180556
28 0.483333 0.469792 0.077083 0.106250
14 0.519010 0.500694 0.042188 0.115278
19 0.510938 0.531597 0.045833 0.096528
13 0.859896 0.555208 0.084375 0.100694
12 0.796094 0.542014 0.090104 0.111806
10 0.720313 0.536458 0.129167 0.140972
11 0.633594 0.617014 0.160938 0.171528
5 0.808854 0.737153 0.128125 0.253472
4 0.766927 0.736806 0.115104 0.248611
3 0.702865 0.709722 0.156771 0.281944
1 0.682292 0.702431 0.097917 0.227083
16 0.210677 0.903125 0.017188 0.036806
0 0.213542 0.942708 0.118750 0.114583
2 0.753646 0.834722 0.077083 0.180556
