24 0.425260 0.704167 0.098437 0.167593
13 0.347656 0.607870 0.085938 0.149074
17 0.357031 0.511574 0.030729 0.047222
30 0.460417 0.579630 0.047917 0.088889
22 0.519792 0.608333 0.090625 0.116667
16 0.579167 0.483796 0.010417 0.032407
31 0.615885 0.479630 0.007812 0.016667
16 0.629687 0.480093 0.008333 0.019444
16 0.644010 0.486111 0.009896 0.020370
16 0.628385 0.490741 0.010937 0.012963
16 0.588021 0.590741 0.010417 0.018519
16 0.599740 0.591204 0.010937 0.015741
16 0.605729 0.587037 0.007292 0.016667
16 0.610417 0.580556 0.010417 0.012963
16 0.612760 0.572685 0.009896 0.017593
21 0.614323 0.561111 0.069271 0.174074
1 0.610677 0.456019 0.086979 0.089815
0 0.614583 0.531944 0.111458 0.108333
29 0.580729 0.503241 0.041667 0.106481
19 0.526302 0.520833 0.027604 0.084259
14 0.526042 0.475463 0.030208 0.132407
14 0.557552 0.362500 0.021354 0.095370
19 0.554167 0.387037 0.022917 0.075926
16 0.461979 0.370833 0.009375 0.017593
28 0.517708 0.382407 0.046875 0.079630
27 0.448958 0.382407 0.125000 0.224074
26 0.511979 0.290278 0.064583 0.136111
11 0.621875 0.366667 0.065625 0.101852
10 0.623437 0.306019 0.056250 0.097222
12 0.647396 0.288426 0.038542 0.076852
13 0.670312 0.269444 0.043750 0.074074
5 0.705729 0.356481 0.104167 0.074074
2 0.687240 0.382870 0.072396 0.045370
