23 0.623437 0.679630 0.106250 0.177778
10 0.423958 0.665741 0.111458 0.224074
13 0.483333 0.613889 0.098958 0.172222
30 0.485417 0.501389 0.050000 0.084259
17 0.351823 0.400926 0.018229 0.059259
27 0.344531 0.423611 0.154688 0.189815
18 0.567187 0.372685 0.025000 0.036111
18 0.487760 0.315741 0.022396 0.029630
17 0.514062 0.318519 0.021875 0.031481
17 0.524219 0.324537 0.023438 0.034259
17 0.530729 0.329167 0.021875 0.032407
17 0.537760 0.332870 0.023438 0.036111
22 0.532292 0.341204 0.070833 0.076852
14 0.462240 0.378704 0.031771 0.118519
19 0.471094 0.412037 0.026562 0.085185
31 0.413021 0.313426 0.008333 0.023148
16 0.422396 0.307407 0.007292 0.016667
16 0.431771 0.299537 0.008333 0.017593
16 0.429427 0.311574 0.006771 0.013889
16 0.435156 0.334722 0.008854 0.012037
16 0.456771 0.325463 0.007292 0.010185
16 0.478125 0.343981 0.009375 0.012037
16 0.447917 0.347222 0.007292 0.009259
21 0.453906 0.352778 0.092188 0.103704
13 0.452865 0.250926 0.060937 0.092593
12 0.398438 0.281944 0.062500 0.097222
28 0.348177 0.364815 0.053646 0.077778
14 0.377344 0.300926 0.028646 0.090741
19 0.384375 0.329630 0.028125 0.077778
26 0.278385 0.311111 0.083854 0.164815
11 0.338281 0.261111 0.066146 0.107407
29 0.339844 0.207870 0.068229 0.050926
4 0.430990 0.213426 0.064062 0.063889
3 0.415365 0.212037 0.070312 0.051852
2 0.413021 0.203241 0.073958 0.045370
0 0.607552 0.295833 0.084896 0.104630
5 0.360156 0.050926 0.050521 0.101852
9 0.360677 0.121296 0.041146 0.055556
1 0.385937 0.019907 0.040625 0.039815
16 0.286458 0.562500 0.012500 0.017593
17 0.544271 0.336111 0.020833 0.033333
17 0.551823 0.340741 0.021354 0.033333
