11 0.942448 0.664236 0.102604 0.168750
2 0.811198 0.599306 0.235937 0.147222
13 0.837760 0.363542 0.101562 0.092361
24 0.827865 0.529167 0.118229 0.100000
28 0.571615 0.407292 0.083854 0.109028
3 0.876302 0.804861 0.175521 0.176389
21 0.514062 0.603125 0.227083 0.097917
1 0.840885 0.679514 0.136979 0.325694
12 0.949479 0.467014 0.101042 0.132639
19 0.363542 0.528819 0.057292 0.090972
10 0.753906 0.653125 0.163021 0.195139
14 0.659635 0.484722 0.060937 0.169444
29 0.143750 0.577431 0.072917 0.175694
0 0.421875 0.689931 0.137500 0.336806
13 0.858333 0.442361 0.107292 0.126389
5 0.989844 0.619792 0.020313 0.077083
26 0.678646 0.344097 0.146875 0.227083
16 0.434115 0.340625 0.011979 0.022917
17 0.604427 0.334375 0.026562 0.011806
27 0.437500 0.349306 0.163542 0.297222
19 0.643490 0.546875 0.052604 0.097917
30 0.309115 0.538194 0.071354 0.073611
22 0.239323 0.522569 0.096354 0.134028
14 0.344010 0.498611 0.054688 0.113889
16 0.515104 0.618403 0.013542 0.020139
16 0.597917 0.583333 0.020833 0.016667
16 0.608073 0.556250 0.022396 0.022222
16 0.583854 0.617361 0.019792 0.022222
16 0.414583 0.557639 0.016667 0.022222
31 0.459115 0.584722 0.033854 0.081944
16 0.401562 0.600000 0.007292 0.015278
