21 0.367448 0.318519 0.082812 0.120370
1 0.274219 0.328241 0.071354 0.086111
10 0.585938 0.568519 0.088542 0.194444
24 0.527604 0.490741 0.071875 0.133333
2 0.460938 0.803704 0.145833 0.200000
3 0.486458 0.827778 0.153125 0.211111
11 0.485677 0.625926 0.104688 0.214815
12 0.434896 0.413889 0.080208 0.142593
13 0.610938 0.429630 0.082292 0.138889
14 0.429167 0.279630 0.029167 0.125926
19 0.375781 0.221759 0.026562 0.071296
26 0.498958 0.256944 0.079167 0.197222
28 0.455729 0.269907 0.029167 0.086111
19 0.430990 0.320370 0.027604 0.072222
14 0.370052 0.192593 0.025521 0.085185
27 0.438542 0.155556 0.082292 0.216667
30 0.344271 0.220370 0.036458 0.057407
17 0.442188 0.164352 0.011458 0.043519
22 0.299219 0.387037 0.041146 0.075926
29 0.297917 0.143981 0.072917 0.067593
0 0.203125 0.332870 0.056250 0.149074
4 0.362240 0.577778 0.140104 0.151852
5 0.363021 0.640278 0.150000 0.215741
13 0.350521 0.479630 0.084375 0.150000
23 0.362240 0.164352 0.061979 0.065741
18 0.307552 0.435648 0.041146 0.034259
17 0.292969 0.370370 0.022396 0.024074
17 0.295312 0.384259 0.030208 0.029630
16 0.351302 0.256944 0.010937 0.017593
16 0.356771 0.263889 0.007292 0.016667
16 0.360677 0.268981 0.009896 0.015741
16 0.398958 0.327315 0.008333 0.017593
16 0.384375 0.330556 0.007292 0.012963
16 0.370573 0.334259 0.007812 0.014815
16 0.358854 0.318981 0.007292 0.013889
16 0.339844 0.272685 0.005729 0.010185
16 0.337500 0.269444 0.005208 0.009259
16 0.329948 0.271296 0.005729 0.009259
16 0.337500 0.281944 0.008333 0.012037
16 0.346094 0.282407 0.007812 0.011111
31 0.346615 0.296296 0.008854 0.020370
16 0.430729 0.133796 0.005208 0.015741
34 0.243229 0.011111 0.019792 0.022222
18 0.234635 0.340278 0.031771 0.026852
