16 0.365885 0.694444 0.017188 0.025000
29 0.026042 0.673264 0.052083 0.190972
23 0.138021 0.567361 0.092708 0.126389
30 0.216667 0.643056 0.075000 0.086111
14 0.269271 0.542361 0.046875 0.119444
14 0.518750 0.491319 0.038542 0.161806
19 0.284635 0.576389 0.052604 0.097222
19 0.512240 0.545833 0.043229 0.090278
16 0.198177 0.434375 0.011979 0.018750
17 0.329948 0.407292 0.056771 0.031250
16 0.320312 0.645139 0.018750 0.026389
16 0.342708 0.639236 0.017708 0.024306
16 0.358073 0.634375 0.014063 0.028472
16 0.321615 0.688194 0.016146 0.019444
16 0.324219 0.701389 0.022396 0.020833
16 0.335417 0.686806 0.018750 0.020833
16 0.349479 0.680556 0.017708 0.020833
16 0.375781 0.672917 0.017188 0.022222
16 0.504167 0.595486 0.020833 0.021528
16 0.500000 0.623611 0.022917 0.019444
16 0.497135 0.654861 0.022396 0.020833
31 0.405469 0.678819 0.020313 0.027083
21 0.421094 0.668750 0.227604 0.141667
17 0.428646 0.777431 0.090625 0.038194
17 0.433073 0.801389 0.092188 0.038889
17 0.438542 0.826042 0.093750 0.040972
17 0.444531 0.851736 0.096354 0.043750
17 0.450000 0.878125 0.096875 0.043750
17 0.458594 0.919444 0.088021 0.043056
18 0.516406 0.822569 0.033854 0.103472
16 0.402083 0.958333 0.019792 0.043056
22 0.447135 0.854861 0.134896 0.208333
26 0.540625 0.401736 0.131250 0.204861
28 0.446354 0.466319 0.079167 0.100694
27 0.311979 0.416667 0.165625 0.279167
24 0.704427 0.510069 0.100521 0.074306
13 0.679948 0.410764 0.089063 0.082639
10 0.792969 0.476736 0.106771 0.118750
12 0.635938 0.585764 0.134375 0.143750
11 0.812760 0.587153 0.121354 0.113194
13 0.733073 0.663889 0.119271 0.129167
5 0.702865 0.797222 0.161979 0.290278
4 0.751302 0.670139 0.388021 0.272222
1 0.885417 0.725347 0.185417 0.331250
0 0.393490 0.958333 0.090104 0.083333
8 0.542708 0.803125 0.056250 0.029861
