16 0.316146 0.844444 0.019792 0.020833
16 0.318229 0.862153 0.013542 0.022917
16 0.332031 0.854861 0.014063 0.023611
16 0.344792 0.851389 0.012500 0.023611
16 0.358333 0.849653 0.015625 0.024306
16 0.382292 0.844444 0.013542 0.023611
16 0.390885 0.828125 0.015104 0.024306
16 0.425260 0.819097 0.015104 0.022917
16 0.477604 0.829861 0.018750 0.016667
16 0.498958 0.822917 0.019792 0.016667
16 0.509896 0.848264 0.018750 0.018750
16 0.365625 0.895139 0.018750 0.022222
31 0.490625 0.798958 0.018750 0.025694
10 0.123958 0.614583 0.108333 0.119444
12 0.108854 0.691319 0.106250 0.115972
30 0.182812 0.779514 0.071875 0.072917
14 0.262500 0.759028 0.052083 0.155556
19 0.274740 0.813889 0.049479 0.091667
17 0.342969 0.606597 0.060937 0.022917
27 0.334115 0.617361 0.136979 0.280556
28 0.457031 0.687847 0.076563 0.102083
26 0.528125 0.594097 0.097917 0.167361
14 0.491146 0.714583 0.043750 0.108333
19 0.482812 0.742361 0.044792 0.090278
24 0.653646 0.649306 0.086458 0.073611
11 0.638281 0.716667 0.121354 0.127778
12 0.578906 0.808333 0.132812 0.145833
13 0.617969 0.931597 0.143229 0.135417
5 0.694010 0.468403 0.234896 0.200694
9 0.571615 0.550347 0.046354 0.059028
21 0.411458 0.868750 0.217708 0.143056
1 0.755990 0.473264 0.108854 0.215972
