0 0.435937 0.890972 0.276042 0.218056
18 0.544271 0.722917 0.034375 0.208333
1 0.684635 0.630903 0.296354 0.318750
18 0.642188 0.604514 0.018750 0.038194
17 0.567187 0.625694 0.028125 0.155556
17 0.523177 0.631944 0.025521 0.156944
17 0.495573 0.634722 0.026562 0.176389
17 0.466146 0.637500 0.025000 0.179167
17 0.436458 0.641319 0.023958 0.181250
17 0.407292 0.644097 0.023958 0.181250
22 0.487240 0.637847 0.208854 0.203472
13 0.820573 0.556597 0.182812 0.185417
4 0.884375 0.595833 0.058333 0.341667
5 0.936458 0.628472 0.086458 0.340278
11 0.952865 0.437500 0.094271 0.180556
12 0.787500 0.300694 0.172917 0.177778
10 0.954688 0.280556 0.090625 0.172222
13 0.860938 0.131250 0.110417 0.138889
24 0.870052 0.261806 0.106771 0.138889
19 0.643750 0.189583 0.078125 0.134722
14 0.666146 0.115625 0.089583 0.227083
26 0.711198 0.079167 0.188021 0.158333
28 0.564063 0.067708 0.110417 0.135417
27 0.407813 0.072569 0.172917 0.145139
14 0.307812 0.106597 0.060417 0.178472
19 0.327344 0.153472 0.070312 0.140278
16 0.363802 0.252778 0.028646 0.037500
16 0.396615 0.249306 0.026562 0.037500
16 0.417708 0.247569 0.019792 0.040972
16 0.357031 0.304167 0.022396 0.031944
16 0.361719 0.332292 0.025521 0.034028
16 0.377604 0.312153 0.023958 0.032639
16 0.396875 0.304167 0.023958 0.029167
16 0.434896 0.307292 0.021875 0.039583
16 0.416406 0.329514 0.023438 0.035417
31 0.472396 0.322222 0.029167 0.040278
16 0.549740 0.325347 0.025521 0.039583
16 0.603906 0.325347 0.029687 0.031250
16 0.613281 0.286806 0.026562 0.033333
16 0.624219 0.254167 0.027604 0.033333
21 0.494271 0.312153 0.307292 0.135417
30 0.230729 0.236111 0.103125 0.106944
23 0.150781 0.146181 0.126562 0.153472
29 0.025260 0.273264 0.050521 0.207639
