13 0.321354 0.214236 0.110417 0.117361
17 0.430990 0.190972 0.063021 0.023611
24 0.255469 0.347569 0.141146 0.117361
30 0.384896 0.342361 0.080208 0.076389
22 0.370312 0.467361 0.108333 0.183333
14 0.466927 0.396528 0.052604 0.106944
19 0.477344 0.354167 0.052604 0.136111
16 0.611979 0.232292 0.014583 0.024306
27 0.590365 0.235764 0.158854 0.320139
28 0.703385 0.377778 0.090104 0.116667
26 0.798958 0.311111 0.135417 0.190278
14 0.745313 0.430208 0.076042 0.110417
19 0.721615 0.459375 0.070312 0.095139
13 0.976562 0.665278 0.046875 0.106944
12 0.943490 0.617361 0.086979 0.115278
10 0.894271 0.572222 0.112500 0.159722
11 0.789844 0.585069 0.147396 0.185417
3 0.838281 0.603819 0.119271 0.270139
5 0.916406 0.807292 0.052604 0.270139
4 0.880208 0.757986 0.044792 0.211806
16 0.427083 0.619444 0.017708 0.033333
16 0.460417 0.626389 0.017708 0.033333
16 0.524740 0.643056 0.021354 0.031944
16 0.575000 0.655556 0.023958 0.026389
16 0.441927 0.669444 0.018229 0.034722
16 0.457552 0.673264 0.018229 0.038194
16 0.428385 0.666667 0.010937 0.026389
16 0.491406 0.677431 0.022396 0.031250
16 0.554167 0.733681 0.018750 0.036806
16 0.633333 0.705208 0.018750 0.025694
16 0.661458 0.747917 0.017708 0.029167
16 0.661719 0.706944 0.019271 0.026389
31 0.664583 0.663889 0.019792 0.030556
21 0.534115 0.694444 0.259896 0.151389
16 0.550260 0.512500 0.021354 0.054167
29 0.566667 0.566319 0.179167 0.096528
2 0.847917 0.723611 0.045833 0.105556
0 0.333073 0.739931 0.195312 0.460417
1 0.645052 0.533333 0.219271 0.245833
