2 0.643229 0.642593 0.093750 0.164815
32 0.606771 0.630556 0.022917 0.024074
1 0.635417 0.686574 0.059375 0.154630
3 0.668750 0.636111 0.076042 0.188889
11 0.716667 0.552778 0.101042 0.116667
13 0.818229 0.611574 0.056250 0.236111
4 0.876042 0.624537 0.047917 0.236111
12 0.819531 0.362963 0.103646 0.142593
24 0.692448 0.407407 0.081771 0.105556
10 0.612240 0.481944 0.086979 0.102778
13 0.741667 0.322222 0.094792 0.133333
13 0.756771 0.212963 0.093750 0.125926
17 0.576562 0.132407 0.043750 0.012963
26 0.616406 0.215741 0.106771 0.192593
28 0.530729 0.246759 0.060417 0.113889
16 0.434896 0.198148 0.009375 0.025926
27 0.431250 0.177778 0.127083 0.316667
22 0.292448 0.343981 0.060937 0.137963
30 0.352865 0.370833 0.048438 0.058333
19 0.398698 0.387963 0.027604 0.046296
14 0.388542 0.375926 0.034375 0.050000
16 0.541406 0.424537 0.013021 0.015741
16 0.488021 0.472222 0.010417 0.024074
16 0.451562 0.413426 0.009375 0.021296
16 0.443490 0.413426 0.011979 0.019444
16 0.430208 0.412963 0.012500 0.018519
16 0.451562 0.440278 0.009375 0.017593
16 0.443229 0.440278 0.008333 0.023148
16 0.450260 0.469444 0.008854 0.020370
16 0.437240 0.454630 0.009896 0.018519
16 0.428646 0.453241 0.011458 0.017593
16 0.426563 0.468056 0.011458 0.013889
21 0.484896 0.444444 0.130208 0.077778
14 0.574219 0.393056 0.040104 0.060185
19 0.555729 0.410648 0.016667 0.032407
0 0.539323 0.477778 0.105729 0.181481
29 0.214062 0.399537 0.034375 0.202778
