16 0.356771 0.293056 0.026042 0.023611
16 0.355990 0.313889 0.018229 0.027778
16 0.374219 0.305903 0.018229 0.027083
16 0.391406 0.304861 0.019271 0.026389
16 0.406771 0.302083 0.018750 0.029167
16 0.438542 0.298611 0.018750 0.030556
16 0.452604 0.281944 0.017708 0.030556
16 0.466927 0.292708 0.018229 0.028472
16 0.441927 0.354514 0.018229 0.032639
16 0.498437 0.278125 0.018750 0.034028
16 0.563021 0.305903 0.026042 0.027083
16 0.592187 0.302431 0.025000 0.021528
16 0.601823 0.337153 0.022396 0.025694
31 0.585938 0.272222 0.022917 0.036111
21 0.476302 0.341667 0.270313 0.136111
17 0.378906 0.461806 0.109896 0.033333
17 0.380990 0.492014 0.110937 0.032639
17 0.354427 0.526042 0.056771 0.025694
17 0.340625 0.594444 0.019792 0.020833
18 0.529948 0.663542 0.108854 0.084028
0 0.381510 0.676389 0.253646 0.368056
1 0.624219 0.675000 0.179688 0.143056
3 0.866146 0.549306 0.081250 0.279167
2 0.892448 0.552083 0.070312 0.283333
4 0.713542 0.640278 0.138542 0.356944
5 0.825781 0.556944 0.106771 0.337500
11 0.789583 0.247569 0.141667 0.161806
12 0.704948 0.388194 0.175521 0.169444
13 0.683854 0.239931 0.145833 0.149306
29 0.896354 0.355556 0.086458 0.191667
24 0.806510 0.188542 0.099479 0.100694
26 0.665885 0.077431 0.141146 0.154861
14 0.599479 0.165972 0.069792 0.152778
19 0.585156 0.204861 0.064062 0.120833
28 0.555208 0.139236 0.090625 0.124306
17 0.416146 0.020833 0.081250 0.025000
27 0.408854 0.101389 0.161458 0.202778
19 0.310417 0.254167 0.067708 0.125000
14 0.291667 0.180903 0.077083 0.214583
30 0.213281 0.234375 0.088021 0.093750
10 0.158073 0.067361 0.133854 0.134722
13 0.138281 0.159028 0.127604 0.147222
23 0.024740 0.312847 0.049479 0.149306
22 0.388281 0.547917 0.139063 0.220833
