19 0.766667 0.754861 0.071875 0.100000
14 0.785937 0.723264 0.079167 0.115972
27 0.489063 0.551736 0.185417 0.354861
1 0.560417 0.593750 0.135417 0.166667
24 0.937240 0.716319 0.108854 0.103472
12 0.862500 0.831597 0.159375 0.168750
13 0.915625 0.571528 0.106250 0.112500
26 0.784115 0.564583 0.167187 0.248611
28 0.656771 0.626389 0.090625 0.123611
16 0.359635 0.532292 0.014063 0.018750
16 0.491146 0.869792 0.023958 0.029861
16 0.489583 0.929167 0.018750 0.033333
16 0.523698 0.934722 0.020313 0.030556
16 0.536198 0.864583 0.018229 0.033333
16 0.556250 0.929167 0.023958 0.029167
16 0.491146 0.951042 0.029167 0.025694
16 0.519271 0.867361 0.020833 0.031944
16 0.505990 0.934375 0.022396 0.034028
16 0.541667 0.950694 0.027083 0.027778
31 0.592448 0.944444 0.020313 0.026389
21 0.554688 0.913194 0.167708 0.123611
19 0.451562 0.763889 0.056250 0.093056
14 0.438021 0.727431 0.051042 0.111806
30 0.391146 0.812847 0.034375 0.084028
17 0.497917 0.530903 0.032292 0.022917
29 0.137240 0.776736 0.086979 0.217361
5 0.983854 0.958681 0.032292 0.082639
23 0.277865 0.682639 0.110937 0.147222
17 0.493490 0.572917 0.057813 0.051389
0 0.395052 0.617014 0.165104 0.224306
4 0.956510 0.952431 0.055729 0.096528
