14 0.525000 0.271528 0.050000 0.136111
19 0.513802 0.315625 0.053646 0.106250
14 0.791146 0.346528 0.072917 0.131944
19 0.771354 0.367014 0.064583 0.097917
28 0.746875 0.292361 0.089583 0.116667
27 0.630208 0.153125 0.152083 0.306250
26 0.841927 0.230903 0.138021 0.202083
29 0.646354 0.332639 0.173958 0.093056
16 0.550781 0.390278 0.016146 0.029167
16 0.565104 0.390278 0.013542 0.029167
16 0.579688 0.391667 0.013542 0.029167
16 0.593750 0.392708 0.013542 0.028472
16 0.608333 0.394097 0.014583 0.027083
16 0.630990 0.369097 0.017188 0.029861
16 0.668490 0.377778 0.021354 0.023611
16 0.719010 0.414931 0.016146 0.025694
31 0.738021 0.385417 0.019792 0.036111
16 0.741667 0.417708 0.016667 0.021528
16 0.662500 0.433681 0.015625 0.027083
16 0.593750 0.427431 0.017708 0.029861
16 0.549479 0.421528 0.014583 0.027778
21 0.636719 0.415625 0.217188 0.122917
25 0.464062 0.550694 0.047917 0.265278
30 0.432552 0.264931 0.078646 0.074306
13 0.362500 0.147569 0.108333 0.117361
17 0.468750 0.120139 0.061458 0.020833
22 0.426302 0.388542 0.105729 0.182639
24 0.569792 0.633681 0.170833 0.153472
0 0.398958 0.639931 0.222917 0.271528
2 0.730469 0.498611 0.338021 0.212500
6 0.546615 0.577778 0.050521 0.027778
12 0.984115 0.534375 0.031771 0.136806
11 0.936979 0.490625 0.092708 0.132639
3 0.878646 0.792014 0.043750 0.161806
4 0.904427 0.769097 0.034896 0.177083
5 0.964323 0.744444 0.063021 0.243056
1 0.829427 0.592014 0.300521 0.404861
