0 0.426563 0.687500 0.261458 0.490278
22 0.522656 0.621875 0.158854 0.186806
18 0.403906 0.556944 0.023438 0.038889
17 0.454688 0.559722 0.013542 0.031944
17 0.495052 0.685069 0.015104 0.060417
17 0.519010 0.630903 0.024479 0.156250
17 0.544531 0.624306 0.027604 0.176389
17 0.570312 0.621181 0.026042 0.153472
9 0.583854 0.622917 0.033333 0.154167
5 0.788542 0.598958 0.422917 0.310417
1 0.878646 0.710417 0.242708 0.445833
13 0.812760 0.481944 0.167187 0.231944
11 0.921354 0.443056 0.106250 0.151389
4 0.851302 0.481944 0.048438 0.104167
12 0.782292 0.306250 0.148958 0.163889
24 0.842708 0.273264 0.084375 0.135417
13 0.839844 0.146528 0.096354 0.137500
19 0.669531 0.184722 0.093229 0.122222
14 0.702344 0.119792 0.117188 0.199306
26 0.738281 0.072569 0.207813 0.145139
28 0.587760 0.056597 0.116146 0.113194
27 0.426563 0.047222 0.188542 0.094444
19 0.348177 0.091319 0.064062 0.156250
14 0.353906 0.067708 0.050521 0.135417
16 0.401302 0.214236 0.029687 0.040972
16 0.435937 0.214583 0.029167 0.044444
16 0.458073 0.215625 0.024479 0.045139
16 0.400781 0.305903 0.035937 0.040972
16 0.398698 0.275694 0.021354 0.030556
16 0.419531 0.282639 0.027604 0.043056
16 0.440365 0.281944 0.030729 0.044444
16 0.463021 0.307639 0.027083 0.041667
16 0.481510 0.283333 0.022396 0.044444
31 0.524479 0.306944 0.029167 0.037500
16 0.593490 0.316667 0.023438 0.038889
16 0.638542 0.322569 0.025000 0.031250
16 0.647396 0.281597 0.025000 0.031250
16 0.655469 0.249306 0.024479 0.029167
21 0.520312 0.287847 0.300000 0.152083
30 0.229687 0.173264 0.116667 0.115972
23 0.119792 0.070139 0.151042 0.140278
