29 0.410156 0.587500 0.095312 0.115741
24 0.529427 0.638426 0.091146 0.123148
11 0.508594 0.509259 0.093229 0.159259
2 0.377604 0.471759 0.081250 0.093519
3 0.391927 0.461111 0.088021 0.081481
4 0.393750 0.435648 0.106250 0.062037
13 0.468490 0.361111 0.067187 0.109259
12 0.518750 0.399537 0.069792 0.104630
18 0.515365 0.330093 0.021354 0.030556
31 0.558073 0.367130 0.008854 0.025000
16 0.535937 0.354167 0.012500 0.012037
16 0.547135 0.360648 0.007812 0.010185
16 0.551823 0.348611 0.005729 0.012037
16 0.573438 0.335648 0.008333 0.012037
16 0.568229 0.299537 0.007292 0.013889
16 0.573438 0.324537 0.007292 0.012037
16 0.579167 0.320370 0.006250 0.011111
16 0.578125 0.313889 0.007292 0.009259
16 0.583073 0.304630 0.008854 0.011111
16 0.584115 0.299537 0.007812 0.012037
16 0.587500 0.298148 0.008333 0.012963
16 0.589063 0.293981 0.008333 0.012037
16 0.595313 0.298611 0.007292 0.017593
21 0.565625 0.343056 0.066667 0.110185
18 0.547917 0.259722 0.026042 0.017593
17 0.538802 0.260648 0.031771 0.017593
17 0.536198 0.265278 0.032813 0.015741
17 0.534115 0.269907 0.033854 0.013889
17 0.530729 0.276389 0.031250 0.015741
17 0.527604 0.282870 0.032292 0.017593
17 0.524479 0.293056 0.033333 0.015741
22 0.530469 0.284722 0.050521 0.063889
5 0.516667 0.105556 0.106250 0.211111
1 0.493229 0.084259 0.057292 0.168519
0 0.524479 0.194444 0.055208 0.068519
9 0.574740 0.224074 0.017188 0.035185
14 0.626563 0.258333 0.030208 0.100000
19 0.618750 0.293056 0.023958 0.067593
30 0.655729 0.283796 0.032292 0.052778
23 0.685677 0.212037 0.055729 0.048148
13 0.711198 0.263426 0.049479 0.086111
10 0.753646 0.269444 0.061458 0.112963
17 0.686198 0.326389 0.027604 0.047222
27 0.697396 0.327315 0.142708 0.184259
16 0.769010 0.415278 0.017188 0.037963
26 0.648177 0.461574 0.093229 0.189815
14 0.586979 0.366667 0.021875 0.098148
19 0.580990 0.394444 0.024479 0.077778
