13 0.471094 0.637963 0.104688 0.162963
17 0.378646 0.629630 0.033333 0.075926
30 0.486979 0.500463 0.050000 0.084259
22 0.523698 0.443519 0.081771 0.118519
19 0.464323 0.433333 0.027604 0.087037
14 0.458594 0.405093 0.022396 0.106481
29 0.416667 0.394444 0.064583 0.094444
27 0.338542 0.417593 0.158333 0.194444
28 0.348438 0.362500 0.054167 0.075000
16 0.367448 0.376852 0.008854 0.018519
14 0.380208 0.301389 0.028125 0.086111
19 0.384635 0.331944 0.023438 0.078704
26 0.280469 0.308796 0.082812 0.163889
13 0.333854 0.170833 0.050000 0.047222
12 0.337500 0.216667 0.045833 0.083333
11 0.361198 0.249074 0.050521 0.103704
10 0.406771 0.269907 0.066667 0.115741
5 0.428125 0.199074 0.047917 0.048148
16 0.420573 0.321296 0.010937 0.016667
16 0.428646 0.312963 0.009375 0.014815
16 0.427344 0.325926 0.006771 0.012963
16 0.455990 0.339815 0.007812 0.018519
16 0.469010 0.352315 0.009896 0.017593
16 0.434375 0.351389 0.008333 0.012037
16 0.491146 0.373148 0.009375 0.016667
16 0.444792 0.363889 0.007292 0.012963
16 0.480729 0.381944 0.007292 0.013889
16 0.476562 0.375463 0.008333 0.012037
16 0.472135 0.372685 0.006771 0.012037
31 0.409375 0.325926 0.007292 0.020370
21 0.452083 0.370833 0.093750 0.112037
24 0.519792 0.310185 0.064583 0.051852
25 0.558594 0.264352 0.043229 0.097222
0 0.569271 0.330093 0.092708 0.095370
1 0.493490 0.137500 0.048438 0.119444
2 0.501823 0.191204 0.046354 0.189815
6 0.524479 0.295370 0.013542 0.046296
34 0.209375 0.020370 0.016667 0.020370
