13 0.298958 0.387500 0.108333 0.116667
17 0.413281 0.361806 0.061979 0.025000
24 0.230469 0.527431 0.138021 0.129861
30 0.352083 0.536458 0.083333 0.090972
22 0.325260 0.659375 0.111979 0.188194
14 0.429688 0.586111 0.051042 0.088889
16 0.567448 0.423958 0.018229 0.040972
26 0.794792 0.479167 0.142708 0.202778
12 0.956510 0.792361 0.086979 0.115278
10 0.902865 0.757292 0.139063 0.146528
11 0.834375 0.809375 0.101042 0.164583
5 0.914583 0.930556 0.046875 0.137500
31 0.584115 0.848264 0.020313 0.032639
16 0.582552 0.891319 0.020313 0.028472
16 0.576302 0.936806 0.021354 0.031944
16 0.548438 0.892361 0.022917 0.034722
16 0.480208 0.882986 0.018750 0.036806
21 0.521615 0.893056 0.139063 0.125000
29 0.573958 0.788194 0.154167 0.088889
1 0.632292 0.442708 0.141667 0.172917
0 0.512760 0.589583 0.109896 0.229167
27 0.564323 0.418056 0.160938 0.341667
