0 0.208073 0.741667 0.147396 0.326389
31 0.454688 0.548958 0.016667 0.028472
21 0.380729 0.614236 0.206250 0.132639
18 0.426042 0.743750 0.078125 0.036111
4 0.670052 0.584028 0.324479 0.277778
5 0.655208 0.654514 0.064583 0.139583
11 0.622396 0.480556 0.115625 0.129167
12 0.563021 0.635417 0.137500 0.163889
13 0.533333 0.505556 0.113542 0.113889
29 0.709375 0.488542 0.039583 0.070139
24 0.642188 0.421528 0.087500 0.080556
26 0.504687 0.356250 0.096875 0.165278
14 0.458073 0.464931 0.033854 0.110417
19 0.453906 0.497569 0.039062 0.089583
28 0.435156 0.447222 0.077604 0.097222
17 0.316927 0.377083 0.060937 0.015278
27 0.311198 0.386111 0.138021 0.266667
19 0.251302 0.566667 0.054688 0.093056
14 0.235937 0.512500 0.061458 0.151389
30 0.175260 0.553819 0.067187 0.075694
10 0.122656 0.414931 0.104688 0.111806
13 0.110677 0.490625 0.098437 0.117361
23 0.018229 0.608333 0.036458 0.120833
16 0.287500 0.592014 0.019792 0.020139
16 0.287500 0.607639 0.013542 0.022222
16 0.300260 0.601042 0.011979 0.021528
16 0.313542 0.597917 0.016667 0.019444
16 0.324479 0.594444 0.012500 0.020833
16 0.347396 0.588889 0.013542 0.022222
16 0.356771 0.575347 0.013542 0.025694
16 0.367708 0.581597 0.013542 0.021528
16 0.390104 0.566319 0.014583 0.024306
16 0.441667 0.576736 0.015625 0.020139
16 0.462760 0.569792 0.018229 0.015972
16 0.469271 0.593056 0.015625 0.019444
8 0.499219 0.725000 0.042188 0.033333
1 0.736979 0.609375 0.154167 0.306250
17 0.312240 0.713194 0.081771 0.033333
17 0.314583 0.735069 0.082292 0.035417
17 0.317969 0.756250 0.083854 0.036111
17 0.321354 0.779167 0.085417 0.036111
17 0.325521 0.802083 0.088542 0.040278
17 0.331510 0.839236 0.081771 0.038194
22 0.327604 0.786458 0.114583 0.189583
16 0.250521 0.645139 0.012500 0.043056
