0 0.430208 0.828125 0.192708 0.343750
14 0.508333 0.690625 0.085417 0.185417
19 0.495573 0.751736 0.058854 0.102083
1 0.702604 0.468056 0.278125 0.256944
2 0.649219 0.487500 0.201563 0.365278
6 0.750260 0.680903 0.019271 0.042361
24 0.523438 0.619792 0.137500 0.129861
10 0.696094 0.570833 0.134896 0.144444
5 0.945833 0.582986 0.106250 0.203472
4 0.970573 0.562500 0.058854 0.156944
11 0.782552 0.441667 0.113021 0.129167
13 0.782552 0.361806 0.091146 0.086111
13 0.765104 0.310417 0.086458 0.076389
12 0.863802 0.394792 0.084896 0.111806
26 0.629167 0.270486 0.122917 0.161806
17 0.566146 0.284375 0.026042 0.011806
28 0.536458 0.336458 0.068750 0.090972
16 0.419531 0.277431 0.015104 0.015972
27 0.424219 0.282639 0.139063 0.254167
30 0.310156 0.442361 0.065104 0.066667
22 0.240365 0.434028 0.088021 0.118056
16 0.409115 0.450347 0.019271 0.022917
16 0.405990 0.469792 0.016146 0.020139
16 0.403646 0.491667 0.019792 0.016667
16 0.428385 0.447222 0.015104 0.023611
16 0.441406 0.445833 0.011979 0.025000
16 0.429167 0.468750 0.012500 0.025000
16 0.440885 0.466319 0.013021 0.022917
16 0.439583 0.490972 0.017708 0.019444
16 0.485417 0.460417 0.012500 0.018056
16 0.523177 0.482986 0.014063 0.022917
16 0.556510 0.480556 0.014063 0.019444
16 0.565625 0.455903 0.014583 0.011806
16 0.570312 0.432986 0.010417 0.014583
31 0.474740 0.484028 0.016146 0.027778
21 0.493750 0.482986 0.197917 0.089583
14 0.622917 0.330903 0.032292 0.032639
29 0.145833 0.486458 0.066667 0.153472
