13 0.471094 0.637500 0.104688 0.162037
17 0.378385 0.628704 0.033854 0.075926
24 0.554948 0.572685 0.096354 0.139815
30 0.486719 0.500926 0.050521 0.083333
22 0.523958 0.450926 0.077083 0.120370
19 0.479167 0.406019 0.027083 0.084259
14 0.471875 0.372222 0.029167 0.120370
14 0.377865 0.299074 0.029687 0.087037
19 0.383854 0.329630 0.028125 0.077778
27 0.344271 0.420833 0.155208 0.189815
16 0.353125 0.388426 0.009375 0.015741
28 0.347396 0.364352 0.052083 0.076852
26 0.277865 0.310185 0.080729 0.164815
12 0.331510 0.166667 0.046354 0.042593
10 0.351302 0.234722 0.056771 0.110185
11 0.402083 0.267593 0.068750 0.109259
13 0.329948 0.211111 0.038021 0.077778
5 0.416927 0.200463 0.079687 0.049074
3 0.457552 0.255093 0.044271 0.076852
29 0.471875 0.355093 0.063542 0.089815
0 0.534375 0.323148 0.089583 0.114815
1 0.480990 0.288889 0.048438 0.111111
16 0.487760 0.338426 0.009896 0.032407
16 0.540104 0.350463 0.006250 0.012037
16 0.544010 0.354630 0.006771 0.011111
16 0.548177 0.358333 0.005729 0.011111
16 0.552083 0.362963 0.006250 0.011111
16 0.545052 0.374537 0.007812 0.010185
21 0.525000 0.352778 0.088542 0.107407
