29 0.297917 0.143519 0.071875 0.064815
22 0.342187 0.168981 0.063542 0.071296
30 0.352083 0.205093 0.035417 0.052778
14 0.357292 0.187500 0.027083 0.086111
19 0.362760 0.215278 0.025521 0.069444
16 0.424479 0.157407 0.009375 0.012963
16 0.330729 0.269907 0.007292 0.012037
16 0.335677 0.262963 0.008854 0.007407
16 0.339062 0.269444 0.006250 0.011111
16 0.351302 0.256481 0.008854 0.014815
16 0.357812 0.261574 0.007292 0.012037
16 0.361198 0.267130 0.009896 0.012037
16 0.338281 0.282870 0.008854 0.010185
16 0.370573 0.335185 0.008854 0.011111
16 0.383854 0.330093 0.008333 0.010185
16 0.399219 0.326852 0.007812 0.012963
16 0.353385 0.279630 0.005729 0.012963
31 0.348177 0.289352 0.009896 0.036111
16 0.352865 0.309259 0.008854 0.012963
21 0.367969 0.307870 0.081771 0.100926
27 0.438542 0.156481 0.082292 0.214815
14 0.428385 0.280093 0.026562 0.123148
19 0.430990 0.322685 0.025521 0.078704
28 0.455729 0.269907 0.028125 0.084259
17 0.536458 0.278241 0.020833 0.034259
26 0.498958 0.256481 0.076042 0.196296
2 0.301042 0.330093 0.060417 0.065741
1 0.274219 0.380093 0.103646 0.158333
0 0.251042 0.386111 0.091667 0.092593
24 0.492448 0.472222 0.078646 0.127778
10 0.385937 0.411574 0.086458 0.154630
3 0.331771 0.599537 0.097917 0.204630
11 0.429948 0.553241 0.100521 0.193519
13 0.556771 0.462963 0.075000 0.140741
13 0.610938 0.428241 0.081250 0.134259
12 0.598958 0.572685 0.085417 0.169444
5 0.466667 0.781944 0.157292 0.262037
4 0.502604 0.870370 0.171875 0.200000
