0 0.384115 0.573611 0.240104 0.304167
21 0.627604 0.367708 0.259375 0.149306
12 0.835938 0.403819 0.155208 0.177083
29 0.985677 0.485764 0.028646 0.179861
16 0.526563 0.288194 0.027083 0.020833
16 0.524740 0.307639 0.019271 0.027778
16 0.542969 0.307292 0.018229 0.027083
16 0.559896 0.310417 0.019792 0.029167
16 0.576562 0.313194 0.018750 0.029167
16 0.607292 0.318750 0.018750 0.030556
16 0.622396 0.306250 0.017708 0.030556
16 0.635677 0.322569 0.018229 0.028472
16 0.576042 0.368403 0.022917 0.028472
16 0.664583 0.317708 0.019792 0.034028
16 0.724219 0.362847 0.024479 0.025694
16 0.750000 0.369097 0.023958 0.022917
16 0.755990 0.406944 0.020313 0.029167
31 0.746094 0.334375 0.026562 0.036806
18 0.630469 0.563889 0.035937 0.038889
1 0.656510 0.548264 0.164062 0.210417
3 0.961979 0.678472 0.046875 0.286111
2 0.981250 0.689583 0.037500 0.286111
4 0.938542 0.715278 0.052083 0.313889
5 0.905990 0.670486 0.080729 0.336806
11 0.918490 0.363889 0.140104 0.175000
13 0.833333 0.616667 0.158333 0.181944
24 0.932031 0.283681 0.067187 0.071528
26 0.833333 0.123611 0.153125 0.218056
14 0.773438 0.232292 0.089583 0.139583
19 0.750000 0.267361 0.079167 0.116667
28 0.726302 0.194097 0.103646 0.129861
17 0.607292 0.031597 0.082292 0.047917
27 0.585156 0.107292 0.164062 0.214583
19 0.477083 0.229167 0.057292 0.136111
14 0.484896 0.152778 0.056250 0.223611
30 0.374219 0.181944 0.092188 0.087500
10 0.326562 0.037500 0.131250 0.075000
13 0.298438 0.082292 0.132292 0.125694
23 0.131771 0.201389 0.117708 0.143056
17 0.533594 0.487847 0.098437 0.035417
18 0.533333 0.501042 0.102083 0.032639
17 0.533073 0.520486 0.108854 0.038194
17 0.528646 0.552431 0.116667 0.036806
17 0.525521 0.585764 0.118750 0.038194
17 0.522396 0.619792 0.107292 0.035417
17 0.516406 0.672569 0.109896 0.036806
22 0.520052 0.587847 0.139063 0.247917
