0 0.407031 0.773611 0.226562 0.348611
25 0.494792 0.835764 0.051042 0.278472
24 0.570573 0.740625 0.196354 0.165972
6 0.553125 0.707986 0.058333 0.067361
2 0.710417 0.497222 0.296875 0.408333
1 0.793750 0.484028 0.240625 0.415278
10 0.810156 0.595139 0.179688 0.136111
11 0.926823 0.578819 0.113021 0.184028
5 0.990104 0.584028 0.019792 0.081944
12 0.954427 0.426736 0.091146 0.139583
13 0.876823 0.402083 0.104688 0.104167
13 0.855208 0.301042 0.101042 0.089583
19 0.674219 0.453819 0.054688 0.115972
14 0.701562 0.392361 0.092708 0.176389
26 0.719792 0.249306 0.156250 0.243056
17 0.633854 0.240278 0.042708 0.016667
28 0.597135 0.304514 0.093229 0.114583
16 0.454427 0.257639 0.019271 0.055556
27 0.456250 0.220139 0.169792 0.329167
19 0.353646 0.448264 0.063542 0.114583
14 0.332552 0.410417 0.056771 0.138889
30 0.298177 0.417708 0.070312 0.077083
22 0.221354 0.398264 0.112500 0.149306
29 0.108073 0.457986 0.085938 0.197917
16 0.423958 0.510417 0.015625 0.029167
16 0.425781 0.475694 0.021354 0.027778
16 0.431250 0.445139 0.025000 0.029167
16 0.456250 0.443750 0.018750 0.030556
16 0.472917 0.443056 0.016667 0.034722
16 0.456510 0.475347 0.016146 0.032639
16 0.471094 0.475694 0.017188 0.030556
16 0.470833 0.511111 0.018750 0.027778
16 0.530208 0.473611 0.018750 0.034722
31 0.516406 0.507639 0.018229 0.034722
16 0.578125 0.513194 0.018750 0.027778
16 0.621354 0.513542 0.017708 0.028472
16 0.633854 0.481597 0.017708 0.025694
16 0.641406 0.450694 0.019271 0.031944
21 0.535677 0.496875 0.249479 0.109028
