29 0.136198 0.384028 0.078646 0.169444
22 0.235156 0.323958 0.102604 0.132639
30 0.306250 0.333681 0.075000 0.075694
19 0.363021 0.323611 0.058333 0.104167
14 0.348177 0.288194 0.060937 0.130556
16 0.437500 0.182986 0.016667 0.050694
27 0.443750 0.150347 0.160417 0.295139
28 0.577604 0.220139 0.086458 0.106944
17 0.614062 0.163542 0.028125 0.011806
26 0.691146 0.161458 0.150000 0.232639
12 0.952604 0.336806 0.094792 0.144444
13 0.867448 0.293403 0.107813 0.138194
13 0.849740 0.214931 0.101562 0.092361
5 0.991927 0.489236 0.016146 0.074306
11 0.903385 0.490972 0.166146 0.173611
10 0.751302 0.413542 0.177604 0.182639
14 0.665885 0.280903 0.067187 0.184028
19 0.648698 0.348264 0.055729 0.109028
31 0.485677 0.394444 0.017188 0.031944
16 0.609375 0.343750 0.017708 0.029167
16 0.598958 0.367014 0.020833 0.018750
16 0.585677 0.395486 0.017188 0.024306
16 0.543750 0.394792 0.016667 0.027083
16 0.500000 0.365278 0.016667 0.023611
16 0.450000 0.342361 0.015625 0.030556
16 0.435156 0.344792 0.017188 0.028472
16 0.412760 0.345833 0.022396 0.026389
16 0.406510 0.371528 0.022396 0.027778
16 0.433333 0.369444 0.014583 0.030556
16 0.447656 0.365278 0.019271 0.022222
16 0.443229 0.395833 0.017708 0.023611
16 0.401823 0.396875 0.015104 0.025694
21 0.510417 0.390278 0.236458 0.094444
2 0.899479 0.682639 0.167708 0.227778
1 0.958073 0.933681 0.083854 0.134028
0 0.377604 0.778125 0.246875 0.360417
24 0.543229 0.677431 0.262500 0.264583
