13 0.330208 0.431597 0.096875 0.103472
17 0.426302 0.408681 0.054688 0.018750
16 0.578125 0.469792 0.019792 0.050694
27 0.566667 0.431250 0.137500 0.284722
30 0.382552 0.547222 0.070312 0.075000
22 0.361719 0.659722 0.106771 0.163889
16 0.425000 0.714236 0.021875 0.038194
0 0.374479 0.828125 0.191667 0.318750
24 0.492969 0.891667 0.163021 0.159722
19 0.442708 0.587847 0.044792 0.102083
14 0.445573 0.552083 0.040104 0.122222
16 0.483854 0.653125 0.016667 0.029861
16 0.497656 0.655556 0.014063 0.027778
16 0.509896 0.658681 0.016667 0.027083
16 0.522396 0.659375 0.016667 0.027083
16 0.536979 0.661806 0.018750 0.029167
16 0.560937 0.636111 0.015625 0.027778
16 0.597135 0.643056 0.021354 0.025000
16 0.547917 0.689931 0.015625 0.028472
16 0.586979 0.695139 0.015625 0.029167
16 0.645312 0.673958 0.020833 0.025694
16 0.669010 0.673958 0.019271 0.018750
16 0.672396 0.701736 0.014583 0.021528
31 0.665625 0.650694 0.021875 0.037500
21 0.570833 0.679514 0.217708 0.114583
29 0.578906 0.598958 0.166146 0.075694
28 0.672656 0.547917 0.078646 0.105556
19 0.684115 0.612500 0.058854 0.094444
14 0.699740 0.582292 0.064062 0.113194
26 0.765104 0.475694 0.121875 0.183333
10 0.777083 0.726042 0.158333 0.157639
11 0.872396 0.715278 0.114583 0.150000
12 0.951823 0.717708 0.083854 0.109028
13 0.991667 0.741667 0.016667 0.061111
2 0.739062 0.893750 0.059375 0.191667
1 0.892969 0.875347 0.214062 0.247917
7 0.637240 0.825000 0.105729 0.026389
3 0.839323 0.832639 0.321354 0.075000
