21 0.430469 0.512500 0.225521 0.104167
0 0.337760 0.605903 0.124479 0.329861
31 0.385417 0.520486 0.021875 0.056250
16 0.364323 0.497222 0.014063 0.018056
16 0.366667 0.471875 0.014583 0.029861
16 0.352604 0.473264 0.016667 0.024306
16 0.333073 0.475347 0.014063 0.025694
16 0.497917 0.525694 0.015625 0.026389
16 0.511979 0.492361 0.018750 0.025000
16 0.521615 0.463542 0.022396 0.025694
2 0.743490 0.766667 0.196354 0.223611
10 0.675260 0.555208 0.174479 0.190972
11 0.827604 0.572222 0.155208 0.173611
3 0.790885 0.690972 0.175521 0.190278
5 0.947917 0.612847 0.104167 0.245139
4 0.974479 0.576389 0.051042 0.173611
24 0.744531 0.434722 0.118229 0.098611
13 0.776823 0.351389 0.105729 0.126389
12 0.867188 0.379167 0.101042 0.131944
13 0.758333 0.273264 0.100000 0.090972
26 0.594531 0.252083 0.149479 0.227778
28 0.486979 0.317361 0.085417 0.109722
17 0.521094 0.244444 0.024479 0.012500
14 0.571094 0.388542 0.055729 0.171528
19 0.557813 0.451736 0.046875 0.097917
16 0.345052 0.253125 0.015104 0.021528
27 0.348177 0.260764 0.172396 0.299306
14 0.257292 0.420486 0.060417 0.115972
19 0.279167 0.448958 0.062500 0.090972
30 0.227344 0.464931 0.072396 0.078472
22 0.158073 0.455556 0.094271 0.143056
29 0.066146 0.523611 0.067708 0.184722
16 0.430469 0.528472 0.016146 0.022222
16 0.317708 0.519097 0.006250 0.018750
16 0.318490 0.533681 0.008854 0.014583
16 0.340885 0.512500 0.005729 0.013889
1 0.742969 0.819444 0.145313 0.266667
