10 0.078906 0.630903 0.119271 0.129861
13 0.063021 0.718750 0.115625 0.126389
30 0.142187 0.819097 0.077083 0.079861
14 0.224740 0.801736 0.064062 0.161806
19 0.240625 0.859028 0.056250 0.094444
17 0.313281 0.623264 0.070312 0.020139
27 0.304948 0.633333 0.150521 0.306944
14 0.480469 0.739583 0.044271 0.112500
19 0.470052 0.771181 0.046354 0.089583
28 0.440885 0.705903 0.079687 0.109028
9 0.547917 0.523264 0.052083 0.068750
26 0.519010 0.599653 0.104688 0.177083
5 0.669271 0.459375 0.242708 0.177083
1 0.730208 0.466667 0.123958 0.184722
24 0.639323 0.645486 0.066146 0.059028
11 0.622396 0.733333 0.098958 0.138889
12 0.576042 0.842014 0.142708 0.160417
13 0.613542 0.956944 0.127083 0.084722
0 0.361458 0.977778 0.062500 0.044444
16 0.501823 0.893403 0.020313 0.021528
16 0.489583 0.862847 0.021875 0.018750
16 0.466667 0.873264 0.021875 0.018750
16 0.408073 0.861806 0.016146 0.026389
16 0.384635 0.883681 0.014063 0.028472
16 0.370052 0.874653 0.015104 0.028472
16 0.360156 0.892708 0.014063 0.029861
16 0.334115 0.900347 0.014063 0.029861
16 0.319271 0.905208 0.018750 0.024306
16 0.305469 0.906944 0.017188 0.027778
16 0.290365 0.914583 0.017188 0.027778
16 0.287500 0.895486 0.020833 0.024306
16 0.342708 0.950000 0.018750 0.026389
31 0.479167 0.833333 0.020833 0.023611
21 0.392708 0.916319 0.238542 0.160417
