29 0.036719 0.212847 0.073438 0.229861
23 0.196615 0.089931 0.146354 0.152083
30 0.296354 0.198264 0.114583 0.109028
14 0.414323 0.081944 0.059896 0.163889
19 0.411979 0.122222 0.060417 0.152778
14 0.766146 0.143750 0.112500 0.215278
19 0.735677 0.212153 0.092188 0.124306
27 0.507812 0.063542 0.146875 0.127083
28 0.650000 0.079167 0.114583 0.138889
26 0.800000 0.088194 0.205208 0.176389
16 0.461198 0.234375 0.029687 0.035417
16 0.496875 0.236111 0.030208 0.038889
16 0.520833 0.237500 0.019792 0.038889
16 0.458073 0.293750 0.026562 0.030556
16 0.480469 0.301389 0.024479 0.030556
16 0.502865 0.298264 0.025521 0.031250
16 0.458854 0.320139 0.035417 0.030556
16 0.522656 0.325000 0.024479 0.038889
16 0.541146 0.300347 0.022917 0.038194
16 0.721615 0.275694 0.025521 0.026389
16 0.713802 0.308681 0.026562 0.031250
16 0.706771 0.348264 0.027083 0.029861
31 0.584375 0.326389 0.030208 0.037500
21 0.583594 0.316319 0.308854 0.161806
17 0.589063 0.483333 0.127083 0.025000
17 0.591667 0.522222 0.129167 0.025000
17 0.594271 0.561111 0.130208 0.025000
17 0.595833 0.602431 0.132292 0.027083
17 0.598437 0.642361 0.133333 0.029167
17 0.595833 0.704167 0.114583 0.031944
18 0.677344 0.588889 0.029687 0.147222
16 0.463021 0.759375 0.039583 0.096528
22 0.588542 0.600694 0.152083 0.281944
24 0.918750 0.310069 0.091667 0.142361
13 0.910156 0.179514 0.102604 0.142361
13 0.931771 0.513889 0.125000 0.150000
12 0.857031 0.342014 0.157812 0.181250
10 0.976302 0.334028 0.047396 0.151389
11 0.973698 0.472222 0.052604 0.133333
5 0.853125 0.615972 0.063542 0.351389
4 0.790885 0.665972 0.418229 0.129167
8 0.569792 0.702083 0.052083 0.013889
1 0.928646 0.722569 0.142708 0.382639
0 0.403646 0.846528 0.163542 0.306944
