21 0.566927 0.242593 0.075521 0.120370
29 0.666146 0.086574 0.073958 0.054630
22 0.667708 0.137963 0.063542 0.074074
16 0.671354 0.185185 0.008333 0.018519
30 0.642448 0.167593 0.026562 0.055556
27 0.702604 0.203704 0.138542 0.207407
14 0.628906 0.148611 0.020313 0.095370
19 0.621615 0.175000 0.024479 0.074074
16 0.599479 0.190741 0.007292 0.012963
16 0.595833 0.197222 0.008333 0.011111
16 0.593750 0.205093 0.008333 0.013889
16 0.590104 0.184722 0.007292 0.012037
16 0.584635 0.190741 0.007812 0.011111
16 0.582292 0.197685 0.008333 0.012037
16 0.579688 0.177778 0.007292 0.014815
16 0.571615 0.191204 0.007812 0.013889
16 0.572396 0.215741 0.007292 0.012963
31 0.563281 0.201389 0.007812 0.010185
16 0.539844 0.244907 0.004687 0.013889
16 0.559896 0.277315 0.005208 0.013889
16 0.560156 0.267593 0.005729 0.007407
14 0.554427 0.258333 0.028646 0.114815
19 0.547135 0.291667 0.024479 0.077778
17 0.683594 0.419444 0.021354 0.059259
26 0.625781 0.319907 0.090104 0.210185
10 0.494531 0.300926 0.073438 0.151852
11 0.417187 0.395370 0.095833 0.164815
2 0.371354 0.336574 0.116667 0.049074
13 0.505469 0.517130 0.097396 0.158333
13 0.558594 0.592130 0.101562 0.178704
12 0.429688 0.608796 0.107292 0.182407
5 0.304688 0.517130 0.128125 0.141667
4 0.263542 0.585648 0.092708 0.160185
3 0.347656 0.133333 0.107813 0.062963
7 0.406250 0.122685 0.017708 0.008333
1 0.316146 0.149537 0.062500 0.073148
24 0.465104 0.118981 0.051042 0.097222
0 0.477344 0.076389 0.041146 0.082407
