12 0.427344 0.563426 0.094271 0.162037
13 0.353125 0.628241 0.103125 0.171296
10 0.484115 0.474074 0.083854 0.161111
11 0.518229 0.400000 0.080208 0.127778
5 0.386198 0.460185 0.101562 0.103704
3 0.498437 0.353704 0.113542 0.042593
26 0.648177 0.461111 0.093229 0.188889
27 0.695052 0.329167 0.142187 0.180556
16 0.683333 0.337037 0.011458 0.040741
19 0.578385 0.392130 0.025521 0.080556
14 0.583854 0.365278 0.021875 0.099074
29 0.564323 0.320370 0.042188 0.083333
19 0.625260 0.288426 0.024479 0.071296
14 0.630208 0.266667 0.022917 0.088889
30 0.655208 0.283333 0.030208 0.050000
24 0.664062 0.247685 0.046875 0.060185
13 0.721354 0.264352 0.042708 0.080556
22 0.612500 0.268056 0.059375 0.060185
16 0.572917 0.262500 0.007292 0.025000
1 0.555990 0.225926 0.067187 0.064815
0 0.542188 0.180556 0.064583 0.055556
16 0.504948 0.305556 0.006771 0.016667
16 0.514583 0.311574 0.006250 0.015741
16 0.519792 0.301389 0.007292 0.012037
16 0.526042 0.278241 0.006250 0.013889
16 0.539844 0.287037 0.005729 0.011111
16 0.548177 0.277778 0.005729 0.011111
16 0.544531 0.264352 0.006771 0.010185
16 0.559115 0.262037 0.007812 0.011111
16 0.564063 0.257870 0.008333 0.017593
16 0.554688 0.253241 0.008333 0.013889
16 0.551042 0.255556 0.006250 0.012963
16 0.548438 0.257407 0.006250 0.009259
16 0.545312 0.255093 0.005208 0.010185
31 0.523958 0.314352 0.007292 0.021296
21 0.533073 0.294907 0.069271 0.091667
17 0.744010 0.326852 0.011979 0.033333
