21 0.528906 0.620486 0.286979 0.146528
29 0.044010 0.552083 0.088021 0.229167
22 0.160938 0.480208 0.121875 0.171528
30 0.250781 0.502431 0.091146 0.093750
14 0.297656 0.451042 0.068229 0.147917
19 0.320312 0.492708 0.070833 0.121528
16 0.419010 0.310417 0.023438 0.062500
16 0.403385 0.575347 0.026562 0.031250
16 0.433854 0.569097 0.019792 0.032639
16 0.452344 0.567361 0.017188 0.034722
16 0.402865 0.633681 0.019271 0.032639
16 0.423698 0.634028 0.022396 0.029167
16 0.401562 0.659028 0.028125 0.022222
16 0.452083 0.610069 0.025000 0.025694
16 0.471615 0.606944 0.027604 0.025000
31 0.510156 0.635764 0.023438 0.050694
16 0.646875 0.549653 0.025000 0.024306
16 0.642708 0.592708 0.017708 0.014583
16 0.631250 0.631597 0.023958 0.029861
16 0.547656 0.644444 0.020313 0.025000
27 0.410677 0.263194 0.198437 0.368056
28 0.577083 0.353472 0.103125 0.129167
17 0.615885 0.272917 0.049479 0.013889
14 0.676823 0.406250 0.075521 0.202778
19 0.659635 0.478125 0.071354 0.114583
26 0.711979 0.285764 0.169792 0.263194
13 0.851042 0.331597 0.107292 0.100694
12 0.959896 0.457639 0.080208 0.143056
11 0.938542 0.679167 0.122917 0.186111
10 0.728646 0.638889 0.078125 0.143056
3 0.738542 0.484722 0.353125 0.275000
7 0.547135 0.623958 0.064062 0.038194
1 0.851562 0.548264 0.214583 0.332639
16 0.446354 0.928125 0.046875 0.064583
0 0.410417 0.935417 0.120833 0.129167
13 0.872656 0.421181 0.100521 0.142361
