16 0.540625 0.458333 0.009375 0.016667
29 0.214062 0.400926 0.033333 0.201852
22 0.292448 0.343981 0.059896 0.137963
30 0.353125 0.371296 0.047917 0.059259
16 0.428385 0.215278 0.008854 0.019444
16 0.434896 0.438889 0.011458 0.018519
16 0.448177 0.436111 0.010937 0.016667
16 0.457292 0.435648 0.008333 0.021296
16 0.434635 0.477778 0.007812 0.022222
16 0.442448 0.476852 0.008854 0.020370
16 0.434635 0.491204 0.010937 0.013889
16 0.458073 0.490278 0.008854 0.021296
16 0.494792 0.488426 0.009375 0.021296
16 0.533333 0.484259 0.009375 0.020370
16 0.546615 0.434722 0.010937 0.015741
16 0.465104 0.464352 0.008333 0.015741
31 0.478906 0.484722 0.010937 0.023148
21 0.490885 0.462963 0.129688 0.077778
14 0.382552 0.367130 0.028646 0.049074
19 0.396354 0.378704 0.027083 0.046296
14 0.569010 0.356481 0.032813 0.077778
19 0.559115 0.382870 0.027604 0.049074
27 0.427865 0.171296 0.129688 0.311111
28 0.529948 0.247222 0.059896 0.112963
17 0.576562 0.131944 0.044792 0.012037
26 0.616406 0.215741 0.106771 0.190741
13 0.756771 0.212963 0.092708 0.125926
13 0.741927 0.322222 0.094271 0.131481
12 0.819792 0.362500 0.103125 0.139815
11 0.713021 0.554167 0.100000 0.115741
10 0.617708 0.525000 0.087500 0.107407
4 0.876302 0.625000 0.046354 0.235185
5 0.820052 0.613426 0.055729 0.234259
3 0.655990 0.651852 0.045312 0.114815
16 0.586198 0.689815 0.019271 0.022222
6 0.599740 0.726389 0.019271 0.015741
0 0.544792 0.717593 0.108333 0.140741
2 0.683854 0.707407 0.144792 0.085185
1 0.700260 0.752315 0.074479 0.162037
24 0.691927 0.407870 0.081771 0.104630
