24 0.734635 0.647222 0.045312 0.061111
3 0.916406 0.755208 0.099479 0.152083
10 0.788542 0.614583 0.108333 0.116667
11 0.827604 0.727083 0.118750 0.136111
12 0.612500 0.778819 0.065625 0.129861
13 0.684375 0.555903 0.064583 0.079861
14 0.527083 0.685417 0.043750 0.158333
19 0.520573 0.743056 0.046354 0.088889
26 0.526823 0.578472 0.121354 0.211111
28 0.442969 0.655903 0.086979 0.109028
16 0.172656 0.623958 0.014063 0.018750
16 0.326823 0.876736 0.020313 0.028472
16 0.351823 0.867708 0.021354 0.027083
16 0.368750 0.861111 0.018750 0.033333
16 0.516667 0.865278 0.023958 0.019444
16 0.350781 0.922569 0.019271 0.024306
16 0.479687 0.886806 0.019792 0.026389
16 0.518229 0.830208 0.023958 0.020139
16 0.383333 0.928125 0.017708 0.029861
16 0.333854 0.925694 0.017708 0.029167
16 0.391406 0.902778 0.018229 0.031944
16 0.339844 0.943750 0.024479 0.025000
16 0.364063 0.916667 0.020833 0.025000
31 0.424219 0.911806 0.020313 0.026389
21 0.434635 0.884722 0.243229 0.180556
19 0.280469 0.798611 0.058854 0.097222
14 0.264323 0.765625 0.054688 0.117361
27 0.297396 0.614583 0.185417 0.304167
30 0.212240 0.873958 0.084896 0.096528
17 0.315885 0.600694 0.063021 0.026389
29 0.011198 0.888542 0.022396 0.197917
1 0.602865 0.418403 0.082812 0.211806
16 0.518750 0.800694 0.022917 0.022222
5 0.578906 0.413194 0.140104 0.240278
23 0.115365 0.780556 0.096354 0.145833
2 0.917969 0.790278 0.085938 0.129167
9 0.539062 0.531597 0.057292 0.035417
