17 0.422917 0.123958 0.062500 0.014583
13 0.315104 0.160764 0.106250 0.121528
24 0.258073 0.287847 0.130729 0.096528
30 0.376823 0.265972 0.079687 0.066667
22 0.363021 0.380903 0.107292 0.179861
19 0.457292 0.297917 0.050000 0.115278
14 0.452604 0.256597 0.044792 0.140972
16 0.560677 0.148611 0.030729 0.043056
27 0.578125 0.146528 0.150000 0.293056
28 0.702865 0.263194 0.090104 0.119444
26 0.808073 0.188889 0.139063 0.205556
19 0.727865 0.337847 0.068229 0.104861
14 0.746094 0.301736 0.075521 0.127083
11 0.815885 0.422222 0.183854 0.294444
10 0.922917 0.452431 0.136458 0.179861
12 0.970052 0.503125 0.059896 0.132639
5 0.963281 0.711111 0.073438 0.301389
4 0.917708 0.695833 0.051042 0.318056
2 0.876823 0.715625 0.058854 0.320139
3 0.759896 0.800694 0.172917 0.209722
1 0.765625 0.864583 0.157292 0.270833
29 0.575521 0.453819 0.219792 0.095139
16 0.403906 0.634375 0.027604 0.028472
0 0.377604 0.749306 0.131250 0.325000
16 0.412760 0.511806 0.020313 0.038889
16 0.401823 0.576042 0.024479 0.029861
16 0.422917 0.556250 0.019792 0.037500
16 0.445312 0.517708 0.018750 0.036806
16 0.440365 0.559028 0.022396 0.033333
16 0.511198 0.528125 0.021354 0.035417
16 0.474219 0.564236 0.021354 0.036806
16 0.542969 0.616319 0.020313 0.038194
16 0.563542 0.536806 0.027083 0.029167
31 0.660937 0.544097 0.026042 0.036806
16 0.629167 0.586111 0.023958 0.034722
16 0.660677 0.590278 0.022396 0.033333
16 0.661458 0.631944 0.027083 0.025000
21 0.528906 0.585764 0.282813 0.152083
