0 0.481510 0.783333 0.252604 0.362500
29 0.199219 0.275000 0.093229 0.165278
22 0.318490 0.241667 0.113021 0.127778
30 0.399740 0.268750 0.077604 0.076389
16 0.554948 0.155556 0.024479 0.052778
27 0.557292 0.137847 0.142708 0.275694
17 0.716146 0.187153 0.038542 0.021528
28 0.676823 0.231597 0.089063 0.107639
26 0.793490 0.197569 0.156771 0.228472
13 0.913802 0.296875 0.091146 0.104861
13 0.924740 0.365278 0.092188 0.123611
12 0.978646 0.379514 0.022917 0.035417
10 0.835677 0.491667 0.147396 0.154167
14 0.767969 0.317708 0.096354 0.154861
19 0.743229 0.373611 0.062500 0.104167
2 0.816927 0.522917 0.366146 0.304167
24 0.616927 0.591667 0.156771 0.154167
6 0.608073 0.669792 0.061979 0.039583
19 0.527604 0.670486 0.125000 0.079861
14 0.626042 0.635069 0.148958 0.147917
1 0.919271 0.600000 0.161458 0.422222
31 0.596094 0.377431 0.018229 0.029861
16 0.609635 0.353125 0.018229 0.020139
16 0.708333 0.360069 0.016667 0.028472
16 0.698177 0.380556 0.022396 0.020833
16 0.686979 0.404514 0.015625 0.025694
16 0.649219 0.395139 0.015104 0.020833
16 0.558594 0.318056 0.016146 0.030556
16 0.544010 0.314931 0.019271 0.029861
16 0.520833 0.310764 0.022917 0.025694
16 0.514583 0.331597 0.021875 0.017361
16 0.542188 0.337847 0.015625 0.025694
16 0.557292 0.339931 0.018750 0.017361
16 0.551562 0.369792 0.016667 0.020139
16 0.509635 0.358333 0.015104 0.023611
21 0.603906 0.381250 0.227604 0.140278
