16 0.498437 0.568403 0.034375 0.084028
6 0.537500 0.611458 0.053125 0.131250
0 0.442188 0.692361 0.231250 0.337500
3 0.631250 0.480556 0.135417 0.131944
2 0.665885 0.304514 0.183854 0.472917
1 0.716406 0.288542 0.178646 0.379861
5 0.828646 0.354514 0.078125 0.103472
4 0.838281 0.291667 0.096354 0.170833
11 0.618750 0.337847 0.130208 0.190972
24 0.532813 0.253819 0.125000 0.099306
13 0.518229 0.128472 0.101042 0.095833
13 0.546615 0.174653 0.108854 0.102083
12 0.639583 0.158681 0.096875 0.092361
10 0.469792 0.384722 0.172917 0.234722
16 0.326302 0.412847 0.021354 0.018750
16 0.324219 0.444792 0.019271 0.021528
16 0.263021 0.494444 0.018750 0.022222
16 0.213802 0.504167 0.020313 0.023611
16 0.209115 0.538889 0.017188 0.029167
16 0.198177 0.489236 0.017188 0.031250
16 0.185417 0.500347 0.021875 0.028472
16 0.167969 0.513889 0.019271 0.029167
16 0.177083 0.568750 0.023958 0.025000
16 0.183594 0.544444 0.018229 0.020833
16 0.171615 0.554861 0.013021 0.025000
31 0.235156 0.502778 0.032813 0.043056
16 0.327604 0.387153 0.020833 0.027083
21 0.268750 0.494097 0.208333 0.214583
19 0.338281 0.329861 0.059896 0.102778
14 0.313542 0.273958 0.063542 0.165972
26 0.328385 0.180208 0.151562 0.220139
28 0.269531 0.291667 0.086979 0.113889
16 0.120313 0.333333 0.014583 0.048611
27 0.133333 0.309375 0.194792 0.265972
22 0.025781 0.581597 0.051562 0.165972
30 0.076302 0.550347 0.066146 0.096528
19 0.109115 0.505556 0.073438 0.090278
14 0.084115 0.477778 0.086979 0.104167
