24 0.404427 0.809375 0.155729 0.168750
0 0.543229 0.710069 0.151042 0.340972
10 0.613802 0.599653 0.169271 0.181250
1 0.690365 0.507986 0.181771 0.164583
3 0.604427 0.485069 0.081771 0.063194
11 0.707031 0.596181 0.063021 0.115972
2 0.714844 0.729167 0.096354 0.168056
5 0.892188 0.619792 0.128125 0.218750
4 0.928385 0.603125 0.093229 0.203472
12 0.788802 0.418403 0.097396 0.113194
13 0.697917 0.407292 0.102083 0.106250
13 0.676823 0.344444 0.094271 0.084722
26 0.512500 0.339931 0.140625 0.215972
17 0.447396 0.342014 0.019792 0.013194
14 0.491667 0.469444 0.052083 0.166667
19 0.488542 0.528472 0.042708 0.102778
16 0.452344 0.532986 0.017188 0.027083
16 0.445312 0.563542 0.017708 0.024306
16 0.434375 0.594097 0.016667 0.025694
16 0.395052 0.602778 0.017188 0.022222
16 0.353646 0.577431 0.014583 0.020139
16 0.265885 0.625347 0.016146 0.025694
16 0.302865 0.619097 0.016146 0.024306
16 0.266406 0.599306 0.018229 0.023611
16 0.291667 0.594097 0.015625 0.024306
16 0.304167 0.591319 0.016667 0.025694
16 0.270573 0.571181 0.020313 0.025694
16 0.291667 0.567014 0.016667 0.025694
16 0.304948 0.562500 0.014063 0.029167
31 0.341406 0.608681 0.017188 0.029861
21 0.370052 0.596875 0.218229 0.127083
28 0.418229 0.411111 0.082292 0.104167
16 0.281510 0.404167 0.014063 0.050000
27 0.288542 0.369444 0.163542 0.286111
19 0.208073 0.587847 0.067187 0.100694
14 0.184115 0.558333 0.065104 0.115278
30 0.169531 0.568403 0.065104 0.081250
22 0.104427 0.563542 0.092188 0.142361
29 0.023958 0.631250 0.047917 0.179167
