24 0.264583 0.381481 0.083333 0.100000
30 0.340104 0.353704 0.048958 0.059259
13 0.266146 0.219907 0.095833 0.141667
17 0.336719 0.134259 0.048438 0.016667
27 0.445833 0.180556 0.110417 0.322222
28 0.541927 0.278241 0.059896 0.112037
29 0.462500 0.492593 0.111458 0.040741
22 0.351042 0.461574 0.069792 0.145370
19 0.395052 0.395370 0.027604 0.051852
14 0.383073 0.384722 0.035937 0.050926
16 0.455729 0.204630 0.010417 0.025926
14 0.552344 0.362037 0.024479 0.048148
19 0.545573 0.378241 0.027604 0.049074
11 0.592708 0.471759 0.092708 0.121296
10 0.684896 0.442130 0.095833 0.115741
12 0.766146 0.456019 0.082292 0.106481
13 0.828385 0.503241 0.096354 0.112037
3 0.607292 0.505093 0.082292 0.208333
2 0.636979 0.640741 0.037500 0.224074
4 0.675781 0.625000 0.038021 0.238889
5 0.701562 0.634722 0.052083 0.236111
26 0.623177 0.172222 0.091146 0.187037
0 0.354427 0.676852 0.051562 0.220370
1 0.460677 0.535185 0.098437 0.148148
16 0.388802 0.567593 0.009896 0.024074
16 0.403385 0.566667 0.009896 0.022222
16 0.432552 0.565741 0.010937 0.020370
16 0.450260 0.616667 0.009896 0.024074
16 0.419010 0.594907 0.009896 0.021296
16 0.405469 0.597685 0.009896 0.017593
16 0.397396 0.596759 0.008333 0.017593
16 0.390104 0.597685 0.009375 0.015741
21 0.438281 0.591667 0.111979 0.074074
