21 0.522135 0.980208 0.121354 0.039583
22 0.309896 0.805208 0.104167 0.178472
30 0.333854 0.688889 0.079167 0.081944
24 0.220052 0.684722 0.128646 0.118056
13 0.281250 0.551736 0.101042 0.111806
17 0.386198 0.521181 0.056771 0.018750
14 0.414583 0.701389 0.046875 0.120833
0 0.480990 0.708681 0.096354 0.200694
16 0.517188 0.595139 0.025000 0.048611
16 0.542708 0.553125 0.015625 0.020139
27 0.525260 0.559722 0.141146 0.313889
1 0.609635 0.533333 0.092188 0.216667
14 0.705469 0.698958 0.035937 0.059028
26 0.755469 0.582986 0.130729 0.196528
12 0.955990 0.845139 0.088021 0.116667
10 0.891146 0.828472 0.146875 0.143056
11 0.812240 0.917708 0.133854 0.161806
4 0.883594 0.960069 0.046354 0.078472
5 0.919531 0.962153 0.046354 0.074306
29 0.532552 0.900694 0.129688 0.063889
31 0.569531 0.963542 0.021354 0.029861
16 0.473958 0.974306 0.016667 0.029167
