13 0.354427 0.626852 0.103646 0.170370
12 0.429167 0.558796 0.093750 0.158333
11 0.484896 0.478704 0.090625 0.157407
5 0.385937 0.456944 0.112500 0.084259
10 0.514583 0.378241 0.070833 0.125000
26 0.643490 0.457407 0.094271 0.188889
27 0.698438 0.334722 0.141667 0.182407
30 0.655208 0.283796 0.031250 0.052778
29 0.611719 0.356019 0.041146 0.089815
13 0.722135 0.265741 0.044271 0.083333
14 0.638542 0.266204 0.025000 0.086111
19 0.634375 0.292130 0.023958 0.069444
22 0.610938 0.270833 0.062500 0.067593
19 0.582292 0.388426 0.025000 0.080556
14 0.589063 0.362963 0.020833 0.101852
16 0.550781 0.353241 0.006771 0.017593
16 0.560937 0.358333 0.007292 0.014815
16 0.565885 0.345833 0.006771 0.013889
16 0.567708 0.318981 0.007292 0.013889
16 0.574740 0.306019 0.008854 0.013889
16 0.587240 0.306481 0.007812 0.012963
16 0.606250 0.302315 0.006250 0.012037
16 0.601302 0.300000 0.005729 0.009259
16 0.596615 0.290278 0.007812 0.010185
16 0.585417 0.287037 0.008333 0.016667
16 0.589063 0.300463 0.006250 0.008333
16 0.592708 0.296296 0.006250 0.007407
21 0.578385 0.342593 0.064062 0.107407
24 0.524219 0.281944 0.053646 0.069444
25 0.525000 0.224537 0.048958 0.082407
0 0.545573 0.233796 0.057813 0.065741
1 0.512760 0.156481 0.070312 0.127778
2 0.533854 0.174537 0.028125 0.147222
6 0.532813 0.256019 0.005208 0.025000
16 0.668750 0.313889 0.008333 0.014815
31 0.571875 0.363426 0.006250 0.017593
16 0.595052 0.291204 0.006771 0.008333
3 0.444271 0.384259 0.086458 0.053704
4 0.428646 0.414815 0.094792 0.048148
34 0.842448 0.093056 0.042188 0.015741
