29 0.040625 0.859028 0.061458 0.195833
22 0.135677 0.790278 0.086979 0.150000
30 0.211198 0.800347 0.071354 0.081250
19 0.269271 0.789236 0.061458 0.089583
14 0.251823 0.760069 0.063021 0.103472
16 0.308594 0.591667 0.018229 0.018056
27 0.316927 0.594792 0.171354 0.289583
28 0.447917 0.624306 0.082292 0.105556
17 0.469531 0.542361 0.025521 0.013889
6 0.540885 0.505903 0.018229 0.034028
2 0.594531 0.379861 0.105729 0.233333
1 0.610417 0.406250 0.081250 0.266667
26 0.525781 0.550000 0.119271 0.209722
13 0.684896 0.511806 0.090625 0.068056
13 0.713542 0.578472 0.093750 0.084722
12 0.794792 0.576736 0.095833 0.096528
11 0.748177 0.682292 0.076563 0.127083
5 0.906771 0.750694 0.133333 0.195833
4 0.939063 0.722569 0.104167 0.178472
10 0.611719 0.874306 0.073438 0.173611
0 0.367188 0.961111 0.078125 0.077778
24 0.470833 0.953819 0.154167 0.092361
25 0.445052 0.947917 0.128646 0.104167
19 0.528385 0.756944 0.039062 0.081944
14 0.535156 0.701736 0.049479 0.145139
16 0.497396 0.756250 0.017708 0.025000
16 0.492708 0.785764 0.020833 0.018750
16 0.487240 0.819444 0.014063 0.020833
16 0.450781 0.833333 0.016146 0.019444
16 0.405208 0.811111 0.014583 0.027778
31 0.397396 0.844444 0.015625 0.025000
16 0.354687 0.797917 0.016667 0.029167
16 0.340885 0.802431 0.019271 0.024306
16 0.319531 0.808681 0.019271 0.024306
16 0.319271 0.837847 0.019792 0.025694
16 0.319792 0.869097 0.021875 0.021528
16 0.358854 0.860069 0.018750 0.021528
16 0.344010 0.832639 0.015104 0.023611
16 0.355990 0.827083 0.015104 0.026389
21 0.419010 0.825694 0.219271 0.140278
