13 0.347396 0.607407 0.083333 0.148148
17 0.356510 0.512500 0.031771 0.049074
30 0.460677 0.580093 0.046354 0.087963
22 0.526042 0.605093 0.094792 0.126852
19 0.497135 0.514352 0.028646 0.089815
14 0.496094 0.481944 0.025521 0.102778
29 0.526302 0.454167 0.044271 0.108333
27 0.449740 0.377778 0.121354 0.225926
28 0.517448 0.381019 0.045312 0.082407
16 0.479427 0.389352 0.017188 0.036111
31 0.568229 0.410648 0.010417 0.023148
19 0.554427 0.389815 0.021354 0.077778
14 0.556771 0.366667 0.020833 0.098148
16 0.580469 0.416204 0.007812 0.017593
16 0.592187 0.422222 0.009375 0.016667
16 0.576042 0.425463 0.010417 0.013889
16 0.556510 0.444907 0.007812 0.015741
16 0.549219 0.463426 0.010937 0.015741
16 0.579427 0.461574 0.010937 0.013889
16 0.574219 0.481481 0.010937 0.012963
16 0.562760 0.518981 0.011979 0.015741
16 0.547917 0.510185 0.011458 0.012963
16 0.551823 0.501852 0.011979 0.012963
16 0.553125 0.494907 0.011458 0.010185
16 0.556250 0.487963 0.011458 0.011111
16 0.558594 0.480093 0.008854 0.012037
21 0.562500 0.484259 0.069792 0.138889
10 0.616927 0.377778 0.056771 0.124074
11 0.615365 0.324074 0.054688 0.087037
12 0.639583 0.272222 0.046875 0.035185
13 0.668750 0.257407 0.043750 0.046296
3 0.665885 0.412963 0.050521 0.040741
1 0.677865 0.321759 0.082812 0.167593
5 0.737240 0.362963 0.041146 0.048148
2 0.658333 0.378704 0.032292 0.244444
6 0.646615 0.501389 0.008854 0.039815
24 0.648177 0.532407 0.059896 0.129630
25 0.678385 0.533796 0.100521 0.134259
0 0.644792 0.618519 0.111458 0.203704
34 0.771875 0.103704 0.022917 0.011111
