11 0.537240 0.581250 0.148438 0.238889
17 0.047135 0.477778 0.050521 0.026389
16 0.132031 0.464931 0.016146 0.018750
27 0.160417 0.446528 0.158333 0.320833
28 0.296094 0.508681 0.095312 0.122917
16 0.091406 0.739236 0.015104 0.021528
16 0.102865 0.736458 0.014063 0.021528
16 0.114844 0.731597 0.015104 0.021528
16 0.126823 0.727431 0.015104 0.021528
16 0.140885 0.720139 0.015104 0.026389
16 0.093229 0.776042 0.015625 0.031250
16 0.129427 0.761806 0.016146 0.029167
16 0.192708 0.732292 0.017708 0.025694
16 0.161719 0.679861 0.017188 0.026389
16 0.197135 0.665972 0.022396 0.020833
16 0.252865 0.672222 0.017188 0.022222
31 0.268490 0.631597 0.018229 0.032639
29 0.194010 0.621875 0.173437 0.103472
14 0.044271 0.643056 0.087500 0.111111
14 0.301823 0.543750 0.055729 0.111111
19 0.066406 0.672569 0.075521 0.100694
19 0.308594 0.568056 0.045312 0.075000
30 0.017188 0.663194 0.033333 0.075000
22 0.032292 0.778819 0.064583 0.199306
21 0.183073 0.719792 0.189062 0.174306
26 0.377865 0.385417 0.127604 0.206944
24 0.109375 0.943403 0.069792 0.113194
2 0.418490 0.885069 0.096354 0.231250
4 0.562760 0.836111 0.156771 0.297222
5 0.602604 0.718403 0.045833 0.104861
10 0.440885 0.663542 0.118229 0.203472
7 0.548177 0.610764 0.010937 0.018750
0 0.433073 0.560069 0.175521 0.189583
3 0.604167 0.464236 0.110417 0.279861
1 0.616146 0.513194 0.098958 0.272222
12 0.681771 0.558333 0.066667 0.119444
13 0.746094 0.570486 0.103646 0.129861
