13 0.375781 0.225463 0.055729 0.071296
30 0.353646 0.287500 0.033333 0.045370
22 0.315104 0.318981 0.067708 0.078704
19 0.360677 0.302778 0.023438 0.068519
14 0.353646 0.281019 0.019792 0.087963
17 0.425000 0.241667 0.017708 0.022222
27 0.441927 0.264352 0.093229 0.199074
28 0.450781 0.377315 0.049479 0.084259
29 0.389583 0.358796 0.040625 0.084259
19 0.417448 0.392593 0.024479 0.077778
14 0.412240 0.364815 0.022396 0.087037
16 0.420573 0.284259 0.009896 0.033333
26 0.514844 0.356481 0.077604 0.166667
10 0.383594 0.463426 0.076563 0.150926
11 0.441667 0.541204 0.085417 0.171296
12 0.488281 0.624074 0.085938 0.153704
13 0.516667 0.762037 0.103125 0.200000
5 0.357552 0.698148 0.147396 0.212963
4 0.340104 0.606481 0.125000 0.164815
3 0.312500 0.572685 0.119792 0.134259
24 0.286198 0.414352 0.039062 0.112037
25 0.213281 0.345833 0.040104 0.082407
0 0.242188 0.362037 0.092708 0.066667
2 0.266927 0.284259 0.017188 0.164815
1 0.259635 0.278241 0.059896 0.160185
31 0.390625 0.390741 0.008333 0.016667
21 0.359896 0.371296 0.075000 0.083333
16 0.325521 0.345370 0.010417 0.016667
16 0.336719 0.336111 0.007812 0.014815
16 0.339062 0.338889 0.008333 0.012963
16 0.341667 0.341667 0.007292 0.012963
16 0.344010 0.346296 0.006771 0.012963
16 0.347656 0.350926 0.007812 0.011111
16 0.363021 0.353241 0.009375 0.013889
16 0.339062 0.365278 0.009375 0.013889
16 0.371615 0.367130 0.008854 0.013889
16 0.347656 0.378704 0.007812 0.014815
16 0.373698 0.391667 0.006771 0.011111
34 0.302604 0.057870 0.033333 0.015741
