13 0.333333 0.168519 0.047917 0.044444
12 0.333073 0.215741 0.040104 0.083333
10 0.357552 0.239815 0.054688 0.111111
11 0.404167 0.281019 0.068750 0.112037
26 0.278906 0.310648 0.082812 0.165741
28 0.348177 0.362963 0.053646 0.077778
27 0.344010 0.418056 0.155729 0.191667
16 0.351823 0.402315 0.014063 0.043519
14 0.380729 0.300926 0.027083 0.092593
19 0.385677 0.327778 0.028646 0.074074
5 0.419531 0.204630 0.074479 0.057407
3 0.405208 0.233333 0.041667 0.079630
29 0.471354 0.355093 0.064583 0.087963
19 0.471094 0.425463 0.027604 0.084259
14 0.468229 0.397222 0.022917 0.107407
30 0.486979 0.500926 0.050000 0.083333
22 0.523698 0.445370 0.079687 0.118519
13 0.471354 0.638426 0.105208 0.162037
17 0.378646 0.629167 0.033333 0.075000
24 0.555208 0.573148 0.095833 0.138889
21 0.516406 0.339352 0.094271 0.104630
16 0.489323 0.316667 0.006771 0.027778
16 0.520573 0.310648 0.008854 0.019444
16 0.500260 0.319444 0.006771 0.014815
16 0.537760 0.359259 0.009896 0.016667
16 0.528906 0.349537 0.009896 0.017593
16 0.511719 0.332407 0.008854 0.014815
16 0.528385 0.331944 0.010937 0.012037
16 0.538281 0.337500 0.006771 0.015741
16 0.541667 0.342130 0.007292 0.013889
16 0.547917 0.347685 0.007292 0.015741
1 0.478906 0.254630 0.034896 0.125926
0 0.584635 0.282407 0.092188 0.081481
34 0.209375 0.020833 0.014583 0.019444
