29 0.214323 0.400463 0.033854 0.200926
22 0.292187 0.343519 0.060417 0.137037
30 0.353906 0.371296 0.049479 0.059259
16 0.436198 0.237963 0.009896 0.020370
16 0.429688 0.414352 0.012500 0.017593
16 0.442708 0.412037 0.010417 0.018519
16 0.451302 0.412037 0.007812 0.022222
16 0.428906 0.439815 0.013021 0.020370
16 0.443229 0.438426 0.009375 0.017593
16 0.450260 0.438889 0.009896 0.018519
16 0.427083 0.467130 0.008333 0.023148
16 0.450521 0.467593 0.010417 0.020370
16 0.480729 0.441204 0.009375 0.021296
16 0.502865 0.470833 0.008854 0.019444
16 0.534115 0.444907 0.009896 0.017593
16 0.541406 0.416667 0.008854 0.020370
16 0.525260 0.469907 0.008854 0.021296
31 0.472917 0.467130 0.008333 0.023148
21 0.484635 0.443056 0.128646 0.073148
14 0.384896 0.374074 0.026042 0.044444
19 0.398958 0.389352 0.026042 0.049074
14 0.573958 0.399537 0.038542 0.069444
19 0.561458 0.421296 0.025000 0.048148
27 0.431510 0.177778 0.123438 0.314815
28 0.530208 0.246759 0.059375 0.112037
17 0.576302 0.131481 0.043229 0.012963
26 0.616146 0.215741 0.106250 0.190741
24 0.503646 0.710185 0.085417 0.083333
0 0.435937 0.761574 0.089583 0.145370
3 0.645312 0.875926 0.150000 0.116667
7 0.558594 0.813889 0.036979 0.031481
1 0.679948 0.895370 0.097396 0.111111
2 0.683854 0.681481 0.090625 0.168519
10 0.613021 0.490278 0.086458 0.104630
11 0.710677 0.543981 0.100521 0.117593
13 0.741927 0.322685 0.094271 0.132407
13 0.756510 0.212963 0.092188 0.125926
12 0.819792 0.362500 0.103125 0.141667
5 0.818229 0.612963 0.055208 0.233333
4 0.876042 0.624074 0.046875 0.235185
