16 0.381250 0.696181 0.013542 0.021528
29 0.092969 0.641667 0.072396 0.161111
22 0.184375 0.592361 0.092708 0.123611
30 0.247917 0.607986 0.067708 0.070139
14 0.277083 0.565625 0.050000 0.109028
19 0.295833 0.594097 0.054167 0.085417
16 0.353906 0.436458 0.013021 0.014583
16 0.346875 0.645833 0.018750 0.022222
16 0.367448 0.642361 0.016146 0.022222
16 0.382031 0.640278 0.013021 0.026389
16 0.342448 0.684722 0.013021 0.020833
16 0.355208 0.684028 0.012500 0.019444
16 0.367969 0.682292 0.013021 0.020139
16 0.394792 0.665972 0.016667 0.018056
16 0.342448 0.700694 0.020313 0.016667
16 0.528646 0.619444 0.015625 0.019444
16 0.519010 0.646528 0.016146 0.016667
16 0.509896 0.675000 0.017708 0.020833
33 0.505990 0.599306 0.031771 0.048611
21 0.441927 0.674306 0.217188 0.120833
27 0.365625 0.431944 0.153125 0.265278
28 0.489583 0.485417 0.077083 0.098611
17 0.520052 0.419444 0.017188 0.011111
26 0.584115 0.423611 0.133854 0.208333
14 0.545573 0.514931 0.036979 0.157639
19 0.543490 0.572222 0.039062 0.086111
13 0.743229 0.431944 0.091667 0.084722
13 0.761979 0.498611 0.098958 0.111111
12 0.852604 0.512153 0.096875 0.117361
24 0.732812 0.579861 0.114583 0.090278
11 0.812240 0.701736 0.156771 0.177083
4 0.972135 0.669792 0.055729 0.138194
5 0.943229 0.724306 0.113542 0.229167
3 0.809896 0.886111 0.151042 0.227778
10 0.661198 0.683681 0.160938 0.188194
0 0.445052 0.723264 0.147396 0.317361
32 0.600781 0.693750 0.040104 0.038889
1 0.669271 0.801389 0.142708 0.295833
2 0.779167 0.937847 0.085417 0.124306
