13 0.521875 0.774537 0.106250 0.206481
12 0.495312 0.632870 0.091667 0.158333
10 0.457292 0.539352 0.084375 0.169444
11 0.392969 0.498148 0.077604 0.161111
5 0.358854 0.699074 0.156250 0.179630
4 0.351302 0.642593 0.139063 0.151852
2 0.318490 0.614352 0.131771 0.137963
3 0.308854 0.558333 0.091667 0.162963
26 0.517448 0.356944 0.078646 0.165741
28 0.451042 0.376852 0.050000 0.087037
19 0.420052 0.397222 0.025521 0.077778
14 0.415365 0.371296 0.023438 0.092593
31 0.319531 0.403241 0.009896 0.026852
16 0.309115 0.411574 0.007812 0.015741
16 0.272396 0.348148 0.007292 0.016667
16 0.280729 0.347222 0.012500 0.016667
21 0.293490 0.400463 0.074479 0.106481
29 0.337760 0.396759 0.046354 0.076852
1 0.310677 0.344444 0.061979 0.072222
0 0.266146 0.318056 0.086458 0.054630
19 0.345052 0.320833 0.026562 0.069444
14 0.337760 0.285185 0.023438 0.112963
24 0.322656 0.256944 0.051562 0.054630
30 0.356510 0.286574 0.028646 0.050926
13 0.375781 0.225463 0.055729 0.073148
17 0.425781 0.242593 0.019271 0.024074
16 0.438281 0.273611 0.017188 0.030556
27 0.438542 0.262963 0.091667 0.200000
22 0.319531 0.300463 0.044271 0.052778
