13 0.266146 0.219444 0.095833 0.140741
17 0.337240 0.133796 0.047396 0.015741
30 0.340104 0.353241 0.050000 0.060185
19 0.392188 0.375926 0.031250 0.050000
14 0.380990 0.362037 0.036979 0.057407
22 0.352865 0.463889 0.061979 0.137037
27 0.449479 0.173148 0.106250 0.320370
16 0.455729 0.237500 0.012500 0.015741
28 0.541927 0.278704 0.059896 0.111111
29 0.471875 0.366667 0.111458 0.048148
19 0.539062 0.374537 0.028125 0.047222
14 0.546094 0.357407 0.024479 0.051852
31 0.524740 0.412037 0.010937 0.020370
21 0.470573 0.447222 0.129688 0.081481
16 0.414062 0.479630 0.008333 0.022222
16 0.451042 0.475463 0.009375 0.023148
16 0.473958 0.469907 0.009375 0.023148
16 0.413802 0.451389 0.008854 0.019444
16 0.421615 0.450926 0.008854 0.018519
16 0.428646 0.450463 0.008333 0.017593
16 0.435417 0.449074 0.008333 0.020370
16 0.443750 0.447685 0.009375 0.017593
16 0.458073 0.419444 0.008854 0.020370
16 0.511458 0.439352 0.010417 0.017593
16 0.524219 0.442130 0.010937 0.021296
26 0.622917 0.179630 0.092708 0.183333
10 0.592708 0.483333 0.083333 0.105556
11 0.674479 0.453704 0.095833 0.120370
12 0.760156 0.457407 0.088021 0.111111
13 0.826302 0.504630 0.094271 0.111111
3 0.602344 0.643981 0.035937 0.215741
4 0.638281 0.621759 0.040104 0.234259
5 0.705208 0.636111 0.059375 0.235185
0 0.377865 0.641667 0.092188 0.179630
1 0.483594 0.643981 0.082812 0.152778
2 0.459375 0.609259 0.053125 0.053704
6 0.430990 0.614815 0.006771 0.011111
24 0.438021 0.618981 0.056250 0.086111
25 0.405729 0.678241 0.021875 0.160185
