28 0.589063 0.576042 0.097917 0.128472
24 0.113542 0.534722 0.143750 0.138889
30 0.238021 0.547222 0.088542 0.095833
13 0.190885 0.388889 0.116146 0.118056
17 0.311458 0.365625 0.061458 0.025694
22 0.204948 0.678819 0.122396 0.202083
14 0.304688 0.621875 0.052083 0.132639
19 0.313021 0.664236 0.053125 0.096528
16 0.449740 0.466319 0.033854 0.059028
27 0.463021 0.426389 0.169792 0.352778
26 0.704167 0.487153 0.139583 0.192361
16 0.607812 0.533333 0.016667 0.040278
14 0.624219 0.636458 0.081771 0.114583
19 0.604427 0.667361 0.067187 0.095833
13 0.929688 0.845139 0.083333 0.106944
12 0.875000 0.803819 0.098958 0.113194
10 0.830729 0.773958 0.107292 0.143750
11 0.659635 0.827431 0.064062 0.167361
3 0.657292 0.962847 0.041667 0.074306
16 0.208594 0.830208 0.027604 0.025694
16 0.202865 0.855903 0.024479 0.031250
16 0.218229 0.885764 0.018750 0.038194
16 0.237500 0.886111 0.019792 0.037500
16 0.471354 0.928472 0.021875 0.025000
16 0.466146 0.972222 0.020833 0.029167
21 0.333073 0.908333 0.301563 0.166667
0 0.527604 0.677083 0.129167 0.227778
1 0.674219 0.572917 0.135937 0.180556
