21 0.384635 0.927083 0.278646 0.145833
29 0.419792 0.819444 0.213542 0.097222
27 0.369792 0.475694 0.156250 0.325000
26 0.596615 0.445486 0.116146 0.189583
22 0.208073 0.800000 0.122396 0.213889
14 0.273698 0.706944 0.065104 0.118056
14 0.288021 0.739236 0.062500 0.096528
30 0.200000 0.673958 0.077083 0.086806
24 0.086198 0.714236 0.120313 0.122917
13 0.123177 0.553819 0.109896 0.145139
17 0.222396 0.484722 0.058333 0.018056
16 0.364583 0.519444 0.019792 0.054167
14 0.555469 0.601042 0.047396 0.114583
19 0.541146 0.633681 0.052083 0.093750
28 0.511719 0.556250 0.089063 0.115278
7 0.613021 0.393750 0.030208 0.045833
3 0.690885 0.278819 0.136979 0.207639
1 0.710156 0.314931 0.104688 0.277083
13 0.886979 0.646528 0.081250 0.104167
12 0.833854 0.632986 0.076042 0.109028
10 0.802344 0.610764 0.039062 0.093750
11 0.625781 0.734722 0.082812 0.175000
5 0.861979 0.888194 0.072917 0.172222
16 0.358073 0.826389 0.022396 0.050000
31 0.485677 0.857986 0.025521 0.024306
16 0.254948 0.940625 0.020313 0.032639
16 0.284375 0.934375 0.019792 0.034028
16 0.261458 0.982986 0.019792 0.032639
16 0.295312 0.989583 0.019792 0.020833
16 0.347135 0.916667 0.023438 0.029167
16 0.314063 0.989931 0.019792 0.018750
16 0.398438 0.983333 0.019792 0.031944
16 0.396094 0.902083 0.026562 0.025000
16 0.466927 0.913889 0.026562 0.025000
16 0.509115 0.937153 0.023438 0.024306
16 0.495833 0.899653 0.019792 0.032639
