29 0.422135 0.768981 0.131771 0.134259
22 0.442188 0.620833 0.102083 0.136111
30 0.489063 0.556481 0.044792 0.085185
16 0.546094 0.475000 0.009896 0.018519
16 0.550260 0.462963 0.011979 0.012963
16 0.554427 0.456944 0.010937 0.013889
16 0.571354 0.491204 0.009375 0.013889
16 0.564844 0.487037 0.009896 0.012963
16 0.567969 0.476389 0.011979 0.012037
16 0.563542 0.468056 0.012500 0.012037
16 0.566667 0.462963 0.011458 0.011111
16 0.579948 0.470370 0.011979 0.011111
16 0.586979 0.396296 0.009375 0.018519
16 0.595052 0.404167 0.009896 0.015741
16 0.604948 0.414352 0.011979 0.012037
21 0.575521 0.461574 0.077083 0.130556
19 0.516406 0.501389 0.025521 0.087963
14 0.519010 0.473611 0.025521 0.110185
16 0.458073 0.386111 0.017188 0.037037
27 0.451042 0.381019 0.126042 0.215741
17 0.481510 0.336574 0.021354 0.036111
28 0.509896 0.375000 0.046875 0.077778
26 0.534375 0.292130 0.067708 0.160185
12 0.624479 0.248148 0.053125 0.062963
13 0.571875 0.260648 0.029167 0.069444
33 0.595313 0.294907 0.008333 0.036111
0 0.615885 0.292593 0.053646 0.092593
19 0.587240 0.375463 0.024479 0.065741
14 0.589583 0.337037 0.023958 0.120370
10 0.627604 0.361111 0.059375 0.112963
32 0.696354 0.318981 0.011458 0.028704
1 0.726042 0.305093 0.071875 0.067593
11 0.681250 0.299537 0.058333 0.062037
4 0.722917 0.264352 0.088542 0.052778
5 0.715885 0.287500 0.084896 0.052778
24 0.601042 0.324537 0.015625 0.039815
13 0.593750 0.274074 0.054167 0.066667
