21 0.547656 0.564931 0.225521 0.107639
29 0.170573 0.506250 0.076563 0.165278
22 0.264323 0.455208 0.098437 0.129861
30 0.329427 0.472917 0.072396 0.070833
14 0.359635 0.428819 0.054688 0.118750
19 0.378125 0.461111 0.057292 0.098611
16 0.460156 0.319792 0.018229 0.050694
16 0.471615 0.519097 0.018229 0.020139
16 0.540885 0.582639 0.015104 0.025000
16 0.628385 0.541319 0.020313 0.021528
16 0.638542 0.512153 0.022917 0.022917
16 0.615104 0.576042 0.018750 0.024306
31 0.509896 0.570139 0.021875 0.050000
27 0.461198 0.282986 0.166146 0.296528
28 0.599740 0.351389 0.085938 0.111111
17 0.637240 0.281250 0.022396 0.012500
26 0.714583 0.288889 0.155208 0.240278
14 0.667969 0.389583 0.047396 0.181944
19 0.659115 0.454861 0.049479 0.102778
13 0.885938 0.321875 0.106250 0.097917
13 0.904687 0.407986 0.112500 0.140972
12 0.973177 0.436806 0.053646 0.136111
24 0.867448 0.496528 0.124479 0.116667
11 0.928646 0.656250 0.142708 0.186111
3 0.909896 0.884028 0.086458 0.231944
1 0.901042 0.887500 0.106250 0.225000
2 0.816146 0.852778 0.090625 0.208333
10 0.775781 0.565625 0.180729 0.190972
0 0.402083 0.602778 0.197917 0.275000
