12 0.820312 0.361458 0.147917 0.178472
29 0.973698 0.473264 0.052604 0.195139
16 0.526563 0.222569 0.026042 0.021528
16 0.525260 0.240972 0.021354 0.025000
16 0.543490 0.242708 0.018229 0.027083
16 0.559115 0.246181 0.019271 0.027083
16 0.575000 0.249653 0.018750 0.027083
16 0.604688 0.259375 0.017708 0.031250
16 0.619271 0.248958 0.017708 0.032639
16 0.632552 0.264931 0.018229 0.027083
16 0.574219 0.298958 0.021354 0.027083
16 0.660417 0.262500 0.018750 0.030556
16 0.716406 0.309722 0.020313 0.026389
16 0.741146 0.318403 0.022917 0.021528
16 0.746094 0.354514 0.019271 0.028472
31 0.738021 0.286111 0.022917 0.036111
21 0.621615 0.307639 0.251563 0.165278
18 0.650521 0.498611 0.089583 0.051389
1 0.889583 0.619792 0.082292 0.185417
3 0.939323 0.637500 0.048438 0.277778
2 0.963021 0.651736 0.038542 0.277083
4 0.919531 0.672222 0.044271 0.312500
5 0.900000 0.662153 0.064583 0.315972
11 0.899219 0.336111 0.134896 0.175000
13 0.808333 0.509722 0.157292 0.187500
24 0.909635 0.261458 0.063021 0.061806
26 0.823698 0.102778 0.146354 0.205556
14 0.764062 0.193403 0.089583 0.132639
19 0.741406 0.225000 0.079687 0.115278
28 0.717708 0.157986 0.097917 0.125694
17 0.629687 0.007292 0.037500 0.014583
27 0.584635 0.082292 0.158854 0.164583
19 0.478385 0.165278 0.063021 0.134722
14 0.494010 0.102083 0.055729 0.204167
30 0.375781 0.116319 0.091146 0.089583
13 0.301042 0.038194 0.132292 0.076389
23 0.125260 0.127431 0.122396 0.140972
17 0.569010 0.495486 0.025521 0.136806
17 0.532292 0.495139 0.025000 0.136111
17 0.507031 0.495833 0.023438 0.154167
17 0.481771 0.496181 0.021875 0.157639
17 0.454688 0.497569 0.019792 0.157639
17 0.429167 0.497917 0.018750 0.159722
18 0.426042 0.579167 0.048958 0.150000
0 0.654427 0.749306 0.316146 0.373611
22 0.497396 0.506944 0.184375 0.172222
