0 0.479687 0.731597 0.171875 0.334028
11 0.571094 0.623958 0.150521 0.197917
1 0.635677 0.603819 0.183854 0.150694
3 0.629167 0.603472 0.229167 0.070833
5 0.743750 0.580556 0.156250 0.184722
4 0.785677 0.566667 0.118229 0.197222
2 0.615104 0.843056 0.196875 0.216667
12 0.613802 0.405208 0.108854 0.104861
13 0.512500 0.416667 0.108333 0.105556
13 0.490625 0.352083 0.101042 0.097222
26 0.287500 0.391319 0.160417 0.231250
10 0.371094 0.656597 0.175521 0.229861
19 0.273177 0.610069 0.045312 0.104861
14 0.265625 0.549653 0.059375 0.174306
28 0.213281 0.485069 0.089063 0.115972
16 0.064583 0.469444 0.018750 0.018056
27 0.085677 0.473264 0.171354 0.306250
19 0.030469 0.723264 0.060937 0.097917
30 0.012240 0.703125 0.024479 0.078472
16 0.072135 0.697569 0.019271 0.028472
16 0.091406 0.687500 0.016146 0.023611
16 0.104167 0.680556 0.016667 0.030556
16 0.072135 0.728472 0.021354 0.023611
16 0.094271 0.717708 0.018750 0.031250
16 0.104427 0.709722 0.016146 0.027778
16 0.104167 0.748264 0.019792 0.027083
16 0.070833 0.760417 0.020833 0.023611
31 0.139063 0.728819 0.022917 0.029861
16 0.149219 0.690972 0.016146 0.023611
16 0.190625 0.708681 0.016667 0.025694
16 0.229167 0.692361 0.018750 0.025000
16 0.235417 0.651389 0.020833 0.019444
16 0.245052 0.619097 0.018229 0.028472
21 0.176042 0.702431 0.211458 0.177083
24 0.223438 0.905903 0.171875 0.186806
14 0.018229 0.714583 0.036458 0.073611
