29 0.038021 0.318056 0.076042 0.225000
23 0.183073 0.193056 0.128646 0.145833
14 0.359635 0.161806 0.053646 0.173611
14 0.698438 0.187500 0.089583 0.212500
19 0.372917 0.212500 0.060417 0.133333
19 0.676042 0.257639 0.078125 0.123611
16 0.275260 0.046181 0.014063 0.022917
17 0.457031 0.022569 0.079687 0.045139
27 0.429948 0.102778 0.193229 0.205556
28 0.595052 0.138542 0.106771 0.128472
26 0.734115 0.111111 0.182812 0.222222
16 0.412500 0.309375 0.027083 0.034028
16 0.445312 0.307639 0.025000 0.033333
16 0.466667 0.305208 0.018750 0.034028
16 0.662240 0.318056 0.024479 0.029167
16 0.409375 0.362847 0.021875 0.029861
16 0.410677 0.383333 0.032813 0.030556
16 0.428385 0.368056 0.023438 0.030556
16 0.450260 0.365278 0.024479 0.029167
16 0.468750 0.385417 0.022917 0.031944
16 0.486458 0.360764 0.021875 0.032639
16 0.654167 0.348611 0.027083 0.027778
16 0.646615 0.385764 0.028646 0.027083
31 0.525260 0.381944 0.029687 0.034722
21 0.536198 0.372917 0.295312 0.127778
30 0.271094 0.288194 0.102604 0.104167
24 0.879167 0.320486 0.101042 0.129861
17 0.537240 0.522917 0.121354 0.025000
17 0.539844 0.557986 0.124479 0.027083
17 0.543229 0.593403 0.126042 0.028472
17 0.546094 0.630903 0.127604 0.029861
17 0.549219 0.669097 0.128646 0.031250
17 0.552604 0.726736 0.114583 0.034028
18 0.631771 0.615625 0.031250 0.139583
16 0.468490 0.768750 0.064062 0.068056
13 0.865104 0.195486 0.104167 0.129861
10 0.957292 0.331944 0.085417 0.161111
12 0.809375 0.361111 0.162500 0.166667
11 0.958073 0.480903 0.083854 0.165972
13 0.899219 0.520139 0.138021 0.151389
5 0.816406 0.635764 0.074479 0.357639
4 0.788802 0.689583 0.422396 0.123611
8 0.567187 0.723611 0.043750 0.012500
1 0.917448 0.739236 0.165104 0.377083
0 0.413542 0.857292 0.143750 0.285417
22 0.544531 0.633333 0.152604 0.265278
