5 0.701562 0.634722 0.052083 0.234259
4 0.676042 0.625463 0.038542 0.237963
2 0.639844 0.653704 0.039062 0.224074
3 0.584896 0.641204 0.070833 0.195370
11 0.613021 0.487963 0.092708 0.111111
10 0.699219 0.438426 0.095312 0.106481
12 0.765885 0.458333 0.095312 0.103704
13 0.834115 0.504630 0.097396 0.111111
31 0.483594 0.540278 0.008854 0.019444
16 0.435417 0.546296 0.010417 0.014815
16 0.437500 0.579630 0.008333 0.024074
16 0.414583 0.549074 0.009375 0.016667
16 0.409635 0.577778 0.005729 0.018519
16 0.427083 0.497222 0.012500 0.020370
21 0.428906 0.569907 0.127604 0.080556
29 0.461719 0.493056 0.111979 0.043519
0 0.385937 0.578241 0.077083 0.199074
1 0.457292 0.540741 0.070833 0.146296
22 0.347656 0.456944 0.074479 0.152778
19 0.401042 0.425000 0.030208 0.050000
14 0.388802 0.409722 0.039062 0.060185
24 0.264583 0.381481 0.083333 0.100000
30 0.340365 0.353704 0.050521 0.061111
16 0.454688 0.204167 0.013542 0.019444
27 0.443490 0.180556 0.113021 0.320370
28 0.542708 0.278704 0.060417 0.112963
19 0.544531 0.374537 0.028646 0.047222
14 0.552083 0.356481 0.026042 0.053704
17 0.336458 0.135185 0.047917 0.018519
13 0.266146 0.219907 0.095833 0.141667
26 0.622656 0.171759 0.093229 0.187963
