23 0.183073 0.374537 0.066146 0.139815
13 0.272656 0.246759 0.088021 0.115741
10 0.267708 0.138889 0.100000 0.129630
17 0.450781 0.199074 0.051562 0.029630
27 0.441406 0.178704 0.115104 0.318519
26 0.623437 0.172222 0.092708 0.188889
28 0.542448 0.278241 0.059896 0.112037
19 0.545052 0.374537 0.028646 0.047222
19 0.401042 0.406481 0.033333 0.050000
14 0.389844 0.386574 0.040104 0.067593
14 0.552344 0.356944 0.026562 0.054630
31 0.536719 0.434722 0.010937 0.019444
16 0.538802 0.462037 0.010937 0.014815
16 0.523438 0.465741 0.011458 0.018519
16 0.492969 0.440741 0.010937 0.024074
16 0.476562 0.452778 0.008333 0.022222
16 0.470052 0.443056 0.008854 0.025000
16 0.463281 0.456019 0.008854 0.023148
16 0.447656 0.456944 0.007812 0.025000
16 0.441146 0.460648 0.009375 0.019444
16 0.433333 0.458333 0.008333 0.022222
16 0.424219 0.461574 0.009896 0.019444
16 0.424219 0.445370 0.013021 0.018519
16 0.539583 0.490278 0.010417 0.017593
21 0.482812 0.468519 0.129167 0.081481
18 0.496875 0.591204 0.042708 0.023148
18 0.382552 0.622222 0.015104 0.072222
17 0.457292 0.607870 0.013542 0.075000
17 0.442708 0.613426 0.013542 0.082407
17 0.432812 0.616204 0.013542 0.075000
17 0.422656 0.620370 0.014063 0.081481
17 0.412760 0.623148 0.014063 0.079630
17 0.402865 0.627315 0.014063 0.082407
22 0.432031 0.614815 0.080729 0.111111
13 0.583594 0.609259 0.076563 0.107407
12 0.597656 0.465741 0.080729 0.100000
9 0.596615 0.374537 0.058854 0.099074
5 0.690625 0.449537 0.202083 0.219444
1 0.705729 0.520370 0.121875 0.187037
29 0.769792 0.475926 0.032292 0.200000
11 0.686979 0.383796 0.095833 0.115741
24 0.740365 0.283333 0.065104 0.142593
30 0.340365 0.351852 0.048438 0.057407
0 0.366146 0.728704 0.078125 0.177778
4 0.685417 0.728241 0.018750 0.126852
3 0.696094 0.675000 0.015104 0.144444
2 0.717448 0.678241 0.022396 0.160185
