13 0.721354 0.277778 0.113542 0.113889
24 0.721875 0.465972 0.142708 0.137500
28 0.430469 0.407986 0.081771 0.056250
3 0.797396 0.753819 0.229167 0.225694
21 0.428125 0.645486 0.137500 0.135417
1 0.690625 0.844792 0.204167 0.311806
11 0.829427 0.597569 0.200521 0.243750
12 0.865365 0.337847 0.127604 0.122917
19 0.256250 0.617014 0.062500 0.047917
10 0.595052 0.584722 0.175521 0.225000
14 0.481510 0.500000 0.048438 0.172222
0 0.385677 0.567708 0.209896 0.309028
29 0.110417 0.724306 0.050000 0.166667
13 0.748958 0.351736 0.123958 0.121528
5 0.962240 0.516319 0.075521 0.149306
26 0.499219 0.338889 0.169271 0.237500
16 0.291927 0.428819 0.011979 0.022917
27 0.298438 0.436458 0.169792 0.275694
19 0.494531 0.560417 0.048438 0.101389
30 0.224479 0.651042 0.056250 0.064583
22 0.173698 0.648958 0.069271 0.138194
14 0.226042 0.606250 0.061458 0.080556
16 0.382292 0.677083 0.011458 0.016667
16 0.452865 0.617708 0.019271 0.018750
16 0.463021 0.582292 0.019792 0.018750
16 0.441667 0.655556 0.018750 0.022222
32 0.597917 0.764583 0.041667 0.034722
