29 0.490104 0.678704 0.107292 0.137037
2 0.358594 0.716667 0.147396 0.146296
3 0.355729 0.687037 0.135417 0.151852
4 0.327344 0.679167 0.135937 0.191667
24 0.560417 0.551852 0.083333 0.125926
11 0.479427 0.523148 0.091146 0.164815
18 0.302604 0.450926 0.011458 0.033333
13 0.323177 0.519444 0.079687 0.138889
12 0.398438 0.473611 0.076042 0.134259
31 0.384896 0.405556 0.009375 0.020370
16 0.375521 0.417130 0.008333 0.012037
16 0.368490 0.407870 0.006771 0.013889
16 0.362760 0.428241 0.008854 0.017593
16 0.366927 0.381944 0.009896 0.017593
16 0.356771 0.371759 0.009375 0.012037
16 0.358594 0.366667 0.010937 0.011111
16 0.350521 0.365741 0.009375 0.011111
16 0.345833 0.356481 0.011458 0.011111
16 0.341667 0.351852 0.008333 0.012963
16 0.339323 0.348148 0.006771 0.012963
16 0.342448 0.341667 0.009896 0.012963
16 0.335417 0.345370 0.009375 0.012963
21 0.357292 0.400463 0.066667 0.110185
19 0.420052 0.397222 0.025521 0.075926
14 0.415365 0.370833 0.023438 0.091667
28 0.451562 0.376852 0.048958 0.085185
26 0.517708 0.357407 0.078125 0.164815
17 0.435417 0.264352 0.017708 0.037963
27 0.438281 0.261574 0.090104 0.200926
16 0.486198 0.267130 0.016146 0.019444
14 0.348958 0.281019 0.020833 0.113889
19 0.352344 0.316667 0.025521 0.070370
30 0.360156 0.286574 0.021354 0.049074
23 0.285417 0.225926 0.016667 0.024074
10 0.402865 0.206944 0.044271 0.095370
13 0.368490 0.236574 0.051562 0.069444
0 0.205990 0.333333 0.063021 0.092593
1 0.346094 0.154167 0.086979 0.191667
5 0.376042 0.154630 0.092708 0.162963
