28 0.602083 0.605903 0.075000 0.086806
3 0.859635 0.926736 0.118229 0.146528
21 0.542448 0.795486 0.176563 0.088194
1 0.598698 0.698958 0.150521 0.211806
2 0.824740 0.948264 0.115104 0.103472
11 0.902344 0.841319 0.145313 0.167361
12 0.932813 0.653125 0.089583 0.114583
19 0.410677 0.724306 0.038021 0.080556
10 0.758594 0.788194 0.145313 0.150000
14 0.687760 0.689931 0.057813 0.129861
29 0.179688 0.730556 0.072917 0.170833
0 0.436979 0.838194 0.153125 0.323611
13 0.851823 0.639583 0.096354 0.108333
5 0.981250 0.801736 0.037500 0.104861
13 0.831771 0.566667 0.090625 0.084722
26 0.698438 0.561111 0.128125 0.201389
16 0.501302 0.585764 0.020313 0.042361
17 0.630208 0.541319 0.033333 0.010417
27 0.479167 0.554167 0.143750 0.277778
19 0.677604 0.739583 0.039583 0.069444
30 0.357552 0.720833 0.071354 0.068056
22 0.282292 0.695833 0.093750 0.127778
14 0.402344 0.694097 0.039062 0.095139
16 0.465104 0.750694 0.017708 0.018056
16 0.486198 0.751042 0.015104 0.018750
16 0.498958 0.747222 0.013542 0.016667
16 0.560677 0.810417 0.013021 0.022222
16 0.498437 0.810764 0.015625 0.020139
31 0.538021 0.652083 0.019792 0.058333
24 0.826823 0.720486 0.105729 0.089583
