0 0.446875 0.578472 0.195833 0.293056
21 0.619271 0.679861 0.226042 0.102778
13 0.356510 0.401042 0.105729 0.114583
17 0.458073 0.369097 0.057813 0.017361
27 0.607552 0.403125 0.140104 0.311806
30 0.417448 0.529514 0.075521 0.074306
16 0.528125 0.664931 0.013542 0.028472
16 0.542708 0.664583 0.014583 0.027778
16 0.556510 0.664931 0.015104 0.028472
16 0.571354 0.667708 0.014583 0.028472
16 0.586198 0.666319 0.014063 0.027083
16 0.608854 0.635764 0.015625 0.027083
16 0.646875 0.638542 0.020833 0.025694
16 0.700260 0.670486 0.016146 0.022917
31 0.718490 0.637153 0.018229 0.031250
16 0.722917 0.669792 0.016667 0.021528
16 0.727604 0.703472 0.016667 0.026389
19 0.507031 0.601042 0.047396 0.093750
14 0.513021 0.558681 0.044792 0.121528
16 0.527344 0.697222 0.016146 0.029167
16 0.571354 0.699306 0.016667 0.027778
16 0.640625 0.701736 0.014583 0.029861
22 0.408594 0.652431 0.099479 0.181250
14 0.771094 0.592708 0.068229 0.099306
19 0.750781 0.610764 0.067187 0.093750
26 0.814323 0.430903 0.118229 0.152083
10 0.799219 0.715278 0.082812 0.131944
11 0.952865 0.726042 0.058854 0.136806
12 0.980469 0.726042 0.039062 0.125694
28 0.726562 0.529167 0.086458 0.115278
29 0.628125 0.588542 0.176042 0.078472
2 0.819010 0.457986 0.361979 0.234028
6 0.613021 0.568056 0.081250 0.041667
5 0.961458 0.898264 0.077083 0.203472
24 0.540625 0.893750 0.162500 0.155556
1 0.907813 0.550000 0.184375 0.354167
16 0.595573 0.427431 0.031771 0.042361
