1 0.711458 0.519097 0.254167 0.250694
32 0.596615 0.526389 0.048438 0.061111
33 0.544531 0.591667 0.043229 0.059722
0 0.465885 0.740278 0.190104 0.383333
2 0.676302 0.763889 0.169271 0.144444
3 0.710156 0.692014 0.106771 0.106250
11 0.732552 0.626736 0.089063 0.122917
10 0.624479 0.614236 0.135417 0.165972
24 0.667969 0.544444 0.063021 0.034722
5 0.878385 0.633681 0.118229 0.182639
4 0.913021 0.620486 0.087500 0.171528
12 0.784896 0.466667 0.082292 0.095833
13 0.685677 0.391319 0.080729 0.043750
13 0.680208 0.477778 0.036458 0.031944
26 0.546615 0.400694 0.116146 0.179167
17 0.491667 0.403125 0.019792 0.010417
14 0.533073 0.494097 0.038021 0.131250
19 0.530208 0.532292 0.029167 0.056250
28 0.467187 0.458681 0.068750 0.086806
16 0.346354 0.578472 0.015625 0.022222
16 0.364583 0.576736 0.013542 0.021528
16 0.376042 0.574653 0.011458 0.024306
16 0.374740 0.595486 0.010937 0.018750
16 0.364323 0.604861 0.014063 0.022222
16 0.353385 0.604861 0.010937 0.015278
16 0.341146 0.609375 0.014583 0.014583
16 0.340104 0.621875 0.016667 0.014583
16 0.373698 0.619097 0.013021 0.021528
16 0.428385 0.609722 0.013021 0.016667
21 0.410156 0.607292 0.154688 0.092361
19 0.302865 0.558681 0.047396 0.081250
30 0.255729 0.576042 0.060417 0.065972
22 0.191406 0.570833 0.081771 0.115278
29 0.103125 0.623611 0.061458 0.150000
16 0.348698 0.438889 0.017188 0.040278
29 0.357031 0.417014 0.135937 0.236806
14 0.287760 0.534375 0.042188 0.100694
