0 0.537240 0.145833 0.048438 0.132407
21 0.568750 0.249537 0.069792 0.115741
4 0.263542 0.586111 0.094792 0.162963
5 0.304427 0.517593 0.130729 0.142593
3 0.398438 0.336111 0.113542 0.038889
2 0.409635 0.304630 0.107813 0.061111
11 0.409635 0.398148 0.097396 0.166667
13 0.558854 0.591204 0.104167 0.180556
13 0.505729 0.518056 0.097917 0.160185
12 0.429948 0.608796 0.108854 0.184259
24 0.488542 0.436111 0.085417 0.111111
32 0.452083 0.182870 0.008333 0.013889
16 0.539844 0.245370 0.009896 0.018519
16 0.571875 0.193056 0.010417 0.015741
16 0.600000 0.187963 0.009375 0.024074
16 0.595573 0.197222 0.007812 0.011111
16 0.592969 0.205093 0.010937 0.010185
16 0.582031 0.197685 0.009896 0.010185
16 0.585417 0.189815 0.007292 0.011111
16 0.581250 0.186111 0.006250 0.014815
16 0.584896 0.181481 0.006250 0.018519
16 0.579427 0.180556 0.008854 0.020370
17 0.683854 0.417593 0.021875 0.064815
33 0.550000 0.194444 0.012500 0.053704
19 0.547917 0.291667 0.025000 0.079630
14 0.555208 0.258796 0.030208 0.115741
1 0.415625 0.199074 0.075000 0.075926
10 0.499479 0.302778 0.076042 0.153704
26 0.625781 0.319907 0.091146 0.212037
16 0.688281 0.207870 0.015104 0.041667
27 0.702604 0.203704 0.139583 0.211111
29 0.666146 0.086111 0.075000 0.057407
30 0.642188 0.167130 0.028125 0.058333
19 0.622135 0.175463 0.024479 0.075000
14 0.626563 0.150926 0.025000 0.100000
22 0.667188 0.137963 0.064583 0.074074
