29 0.422656 0.768981 0.130729 0.134259
23 0.420052 0.598611 0.098437 0.126852
30 0.513281 0.551389 0.044271 0.084259
16 0.351302 0.513426 0.020313 0.039815
19 0.512240 0.477315 0.027604 0.084259
14 0.513281 0.450926 0.024479 0.109259
17 0.461719 0.373148 0.038021 0.038889
27 0.447135 0.383796 0.129688 0.208333
28 0.509635 0.369444 0.047396 0.072222
26 0.534115 0.293056 0.068229 0.160185
19 0.570312 0.371759 0.023958 0.075000
14 0.571354 0.335185 0.026042 0.122222
13 0.571615 0.261111 0.030729 0.070370
16 0.560677 0.478241 0.008854 0.019444
16 0.562500 0.465741 0.009375 0.014815
16 0.566667 0.458333 0.011458 0.014815
16 0.580208 0.486574 0.009375 0.013889
16 0.588021 0.490278 0.007292 0.013889
16 0.583854 0.478704 0.009375 0.012963
16 0.584375 0.472685 0.008333 0.012037
16 0.588021 0.459722 0.009375 0.013889
16 0.593750 0.468981 0.009375 0.013889
31 0.599479 0.448611 0.008333 0.019444
16 0.606510 0.427315 0.011979 0.012037
16 0.590885 0.393056 0.008854 0.019444
16 0.601042 0.401852 0.010417 0.014815
16 0.610938 0.410185 0.009375 0.012963
21 0.585938 0.460185 0.066667 0.133333
13 0.618750 0.347685 0.054167 0.095370
24 0.606510 0.297222 0.051562 0.055556
10 0.632292 0.244907 0.057292 0.086111
11 0.674740 0.283796 0.060937 0.087963
2 0.734375 0.289815 0.065625 0.037037
3 0.733333 0.277315 0.060417 0.037963
5 0.701042 0.332870 0.057292 0.028704
4 0.666927 0.341204 0.018229 0.036111
13 0.689063 0.378241 0.054167 0.095370
1 0.707292 0.384722 0.072917 0.089815
0 0.747656 0.512500 0.060937 0.186111
18 0.712240 0.433333 0.034896 0.042593
18 0.689323 0.456481 0.038021 0.031481
17 0.682552 0.474074 0.042188 0.025926
17 0.680729 0.488426 0.041667 0.025000
17 0.679427 0.497685 0.047396 0.028704
17 0.678125 0.507407 0.047917 0.029630
17 0.676562 0.517130 0.048958 0.028704
17 0.675000 0.527778 0.050000 0.029630
22 0.675521 0.512963 0.060417 0.103704
34 0.702344 0.091667 0.014063 0.009259
