4 0.502604 0.869907 0.173958 0.202778
5 0.466667 0.781481 0.162500 0.255556
3 0.362240 0.568519 0.077604 0.200000
2 0.347656 0.539352 0.057813 0.193519
11 0.432812 0.556019 0.103125 0.197222
24 0.492188 0.472222 0.079167 0.127778
12 0.598698 0.572685 0.085938 0.171296
13 0.611198 0.427778 0.081771 0.135185
13 0.557031 0.462500 0.075521 0.143519
32 0.314323 0.349074 0.006771 0.012963
1 0.301563 0.417593 0.087500 0.157407
16 0.386198 0.322222 0.007812 0.011111
16 0.371354 0.325926 0.009375 0.016667
16 0.357552 0.298148 0.008854 0.012963
16 0.357812 0.263426 0.010417 0.010185
16 0.343229 0.276852 0.006250 0.011111
16 0.345052 0.270370 0.007812 0.009259
16 0.346354 0.258333 0.008333 0.007407
16 0.336979 0.264815 0.006250 0.012963
21 0.367448 0.298148 0.065104 0.087037
10 0.404948 0.391204 0.079687 0.162037
33 0.404427 0.260185 0.008854 0.033333
0 0.358854 0.225000 0.103125 0.081481
14 0.410938 0.288889 0.027083 0.101852
19 0.412240 0.318056 0.021354 0.043519
28 0.455729 0.270833 0.029167 0.084259
17 0.535937 0.277315 0.020833 0.034259
26 0.498437 0.256019 0.077083 0.197222
16 0.432031 0.156019 0.009896 0.015741
27 0.438021 0.158333 0.088542 0.218519
29 0.297656 0.143056 0.072396 0.065741
22 0.342448 0.165741 0.064062 0.066667
30 0.342448 0.192130 0.016146 0.021296
14 0.351302 0.170833 0.020313 0.047222
19 0.355208 0.190741 0.016667 0.022222
