13 0.975260 0.653819 0.049479 0.106250
12 0.941406 0.610417 0.081771 0.126389
11 0.870833 0.595833 0.106250 0.161111
10 0.825781 0.602083 0.064062 0.151389
5 0.919531 0.809028 0.097396 0.276389
4 0.847656 0.800000 0.085938 0.287500
28 0.669531 0.395833 0.085938 0.075000
26 0.763542 0.338194 0.129167 0.179167
16 0.572656 0.328125 0.019271 0.052083
16 0.597135 0.511806 0.021354 0.025000
16 0.588281 0.565625 0.016146 0.028472
16 0.546094 0.560069 0.015104 0.031250
16 0.558854 0.503472 0.017708 0.029167
16 0.534375 0.529167 0.017708 0.026389
16 0.519010 0.526042 0.016146 0.029861
16 0.504948 0.525694 0.016146 0.030556
16 0.491146 0.525000 0.017708 0.030556
16 0.477604 0.523264 0.015625 0.027083
16 0.474740 0.551736 0.016146 0.028472
21 0.534375 0.546528 0.159375 0.113889
29 0.561458 0.463194 0.151042 0.079167
2 0.641667 0.577431 0.256250 0.339583
1 0.707552 0.619792 0.226562 0.470139
6 0.506510 0.750347 0.043229 0.049306
24 0.534375 0.781250 0.179167 0.163889
25 0.462760 0.846875 0.071354 0.253472
0 0.368490 0.782639 0.229687 0.302778
22 0.353906 0.531250 0.117188 0.180556
30 0.363802 0.413889 0.075521 0.073611
19 0.440104 0.424306 0.045833 0.106944
14 0.445573 0.384375 0.042188 0.132639
17 0.404687 0.269097 0.057292 0.017361
13 0.303125 0.297917 0.104167 0.113889
27 0.558073 0.288889 0.146354 0.300000
