0 0.366667 0.923958 0.095833 0.152083
31 0.390625 0.896181 0.032292 0.050694
1 0.599479 0.251736 0.133333 0.315972
3 0.569010 0.224306 0.049479 0.301389
2 0.666667 0.833681 0.089583 0.107639
5 0.880208 0.647917 0.133333 0.195833
4 0.913542 0.622917 0.102083 0.181944
12 0.769531 0.470139 0.094271 0.098611
26 0.498958 0.443750 0.138542 0.208333
17 0.435677 0.442014 0.022396 0.014583
28 0.415625 0.524653 0.084375 0.107639
14 0.491927 0.582639 0.039062 0.152778
19 0.495573 0.639583 0.041146 0.084722
10 0.598437 0.685417 0.134375 0.198611
24 0.627604 0.562500 0.038542 0.065278
16 0.466667 0.655903 0.020833 0.024306
16 0.461198 0.686111 0.019271 0.022222
16 0.454688 0.720139 0.018750 0.022222
16 0.367448 0.749306 0.017188 0.022222
16 0.342708 0.742361 0.016667 0.023611
16 0.331771 0.761111 0.016667 0.022222
16 0.317708 0.745833 0.015625 0.020833
16 0.305208 0.752778 0.015625 0.022222
16 0.292448 0.774653 0.020313 0.020139
16 0.292187 0.756597 0.017708 0.020139
16 0.290625 0.710417 0.016667 0.025000
16 0.311198 0.705208 0.016146 0.022917
16 0.324219 0.699653 0.015104 0.028472
21 0.390885 0.727083 0.215104 0.144444
19 0.236979 0.694444 0.063542 0.083333
14 0.214323 0.670139 0.064062 0.101389
16 0.284896 0.488542 0.017708 0.017361
27 0.278906 0.501042 0.178646 0.284028
30 0.188802 0.718056 0.068229 0.083333
22 0.115885 0.718056 0.080729 0.154167
29 0.028906 0.798958 0.052604 0.196528
