1 0.873958 0.592361 0.212500 0.340278
3 0.767188 0.507986 0.346875 0.228472
14 0.755990 0.522569 0.108854 0.170139
26 0.779167 0.348264 0.179167 0.261806
22 0.222656 0.446875 0.128646 0.168750
21 0.557813 0.619097 0.272917 0.152083
11 0.939844 0.772222 0.120313 0.170833
12 0.975521 0.556944 0.048958 0.145833
19 0.389062 0.501042 0.060417 0.113194
10 0.817448 0.672222 0.184896 0.156944
29 0.096615 0.490972 0.100521 0.218056
0 0.417448 0.829514 0.159896 0.340972
13 0.903906 0.410069 0.100521 0.097917
16 0.522656 0.330208 0.023438 0.064583
17 0.688542 0.317708 0.054167 0.022917
27 0.494271 0.281250 0.177083 0.373611
19 0.713281 0.582292 0.045312 0.106250
30 0.313281 0.485069 0.094271 0.088194
14 0.374219 0.458681 0.053646 0.145139
16 0.454427 0.544097 0.024479 0.027083
16 0.671875 0.620486 0.025000 0.024306
16 0.657292 0.660417 0.020833 0.031944
28 0.641667 0.392361 0.103125 0.130556
16 0.484375 0.548611 0.020833 0.031944
16 0.502083 0.552431 0.017708 0.032639
16 0.442969 0.602083 0.024479 0.022222
16 0.464583 0.603472 0.022917 0.027778
16 0.481510 0.586458 0.018229 0.032639
16 0.498698 0.588889 0.019271 0.031944
16 0.439323 0.623958 0.024479 0.025694
16 0.578385 0.646528 0.018229 0.036111
16 0.475781 0.712153 0.056771 0.085417
31 0.544792 0.635069 0.022917 0.043750
7 0.575000 0.622917 0.057292 0.029167
24 0.922656 0.636458 0.039062 0.053472
13 0.942969 0.513194 0.061979 0.130556
