4 0.721875 0.264352 0.085417 0.050926
5 0.715885 0.287963 0.085938 0.051852
2 0.741146 0.244907 0.034375 0.195370
1 0.759375 0.225926 0.067708 0.122222
11 0.679167 0.320833 0.052083 0.102778
12 0.624479 0.251389 0.053125 0.069444
13 0.594271 0.277778 0.055208 0.074074
13 0.572396 0.260648 0.029167 0.067593
24 0.612500 0.320833 0.051042 0.063889
10 0.647917 0.361574 0.055208 0.121296
3 0.729948 0.375000 0.092188 0.037037
6 0.740625 0.354167 0.006250 0.019444
1 0.730729 0.410648 0.069792 0.117593
14 0.571354 0.335648 0.025000 0.121296
19 0.570312 0.372685 0.021875 0.069444
26 0.534635 0.292593 0.066146 0.159259
28 0.509896 0.375463 0.045833 0.078704
17 0.480990 0.337037 0.020313 0.035185
16 0.465365 0.400463 0.008854 0.041667
14 0.513542 0.472222 0.023958 0.107407
19 0.512240 0.501389 0.024479 0.086111
27 0.447396 0.383333 0.126042 0.207407
16 0.560156 0.478241 0.007812 0.017593
16 0.562760 0.464352 0.009896 0.012037
16 0.565885 0.457407 0.010937 0.011111
16 0.582812 0.456019 0.009375 0.010185
16 0.579427 0.486111 0.009896 0.012963
16 0.582812 0.478241 0.008333 0.010185
16 0.587240 0.489815 0.007812 0.014815
16 0.593750 0.468056 0.010417 0.013889
16 0.600781 0.400463 0.009896 0.012037
16 0.602604 0.437963 0.010417 0.011111
16 0.610938 0.410648 0.010417 0.012037
16 0.591146 0.393056 0.007292 0.015741
31 0.597656 0.444444 0.011979 0.031481
21 0.585417 0.459722 0.066667 0.132407
30 0.489583 0.556481 0.043750 0.083333
22 0.441927 0.620833 0.100521 0.134259
29 0.422396 0.768519 0.130208 0.131481
