24 0.341927 0.281481 0.035937 0.066667
13 0.239063 0.278704 0.044792 0.116667
12 0.279948 0.217593 0.041146 0.053704
4 0.348177 0.179167 0.074479 0.041667
5 0.360156 0.193981 0.075521 0.058333
11 0.375000 0.226852 0.052083 0.092593
10 0.403125 0.263889 0.063542 0.109259
6 0.466927 0.180093 0.007812 0.012037
2 0.431250 0.106481 0.068750 0.144444
1 0.429427 0.081481 0.059896 0.088889
0 0.492708 0.219444 0.070833 0.074074
16 0.399740 0.325926 0.006771 0.014815
16 0.413021 0.318981 0.007292 0.010185
16 0.418750 0.317593 0.006250 0.011111
16 0.424740 0.315741 0.006771 0.011111
16 0.442969 0.333796 0.006771 0.012037
31 0.449740 0.340741 0.009896 0.027778
16 0.462500 0.354167 0.009375 0.013889
16 0.467708 0.365741 0.007292 0.012963
16 0.475781 0.366667 0.008854 0.012963
16 0.471354 0.371296 0.007292 0.011111
21 0.439844 0.364815 0.089063 0.094444
14 0.362760 0.300000 0.036979 0.103704
19 0.373437 0.333796 0.027083 0.073148
14 0.451302 0.409259 0.022396 0.101852
16 0.449219 0.356019 0.007812 0.008333
19 0.455729 0.441204 0.022917 0.078704
16 0.369010 0.432407 0.021354 0.044444
26 0.293490 0.293519 0.085938 0.162963
17 0.259896 0.427315 0.018750 0.047222
28 0.330729 0.399537 0.050000 0.078704
27 0.342969 0.455093 0.144271 0.176852
30 0.478125 0.489815 0.047917 0.077778
22 0.507292 0.559722 0.093750 0.141667
29 0.596094 0.609259 0.084896 0.142593
3 0.438021 0.221296 0.027083 0.053704
