11 0.798698 0.487847 0.150521 0.160417
10 0.891406 0.456597 0.118229 0.149306
12 0.936719 0.500694 0.085938 0.111111
13 0.974219 0.544792 0.051562 0.107639
5 0.915625 0.679167 0.068750 0.265278
4 0.877865 0.667014 0.051562 0.274306
2 0.842448 0.702431 0.052604 0.284028
3 0.811458 0.723611 0.077083 0.283333
26 0.768750 0.217361 0.128125 0.187500
28 0.676042 0.284028 0.084375 0.109722
19 0.697656 0.347222 0.064062 0.097222
14 0.715885 0.315278 0.072396 0.116667
16 0.583594 0.156944 0.017188 0.016667
27 0.557031 0.156597 0.139063 0.302083
17 0.408333 0.140972 0.058333 0.016667
14 0.471094 0.279167 0.047396 0.186111
19 0.461719 0.342014 0.049479 0.113194
13 0.306250 0.170833 0.105208 0.116667
24 0.250781 0.296528 0.131771 0.095833
30 0.372917 0.276736 0.073958 0.064583
22 0.367188 0.385069 0.101042 0.177083
29 0.567969 0.458681 0.201563 0.095139
16 0.390885 0.483333 0.020313 0.025000
16 0.386719 0.505556 0.018229 0.030556
16 0.405208 0.502778 0.025000 0.022222
16 0.419531 0.526042 0.024479 0.032639
16 0.434896 0.527083 0.018750 0.029167
16 0.466146 0.526042 0.018750 0.034028
16 0.480469 0.489236 0.019271 0.034028
16 0.525521 0.490625 0.019792 0.021528
31 0.616146 0.490972 0.021875 0.031944
16 0.621354 0.529167 0.015625 0.022222
16 0.625781 0.565278 0.011979 0.022222
16 0.499740 0.564931 0.024479 0.024306
21 0.498698 0.541319 0.263021 0.115972
1 0.563281 0.581944 0.153646 0.237500
0 0.316146 0.629861 0.160417 0.434722
