17 0.378385 0.629167 0.033854 0.075000
13 0.471094 0.637500 0.104688 0.162037
30 0.486979 0.500463 0.050000 0.082407
22 0.523698 0.445370 0.079687 0.118519
19 0.471354 0.423611 0.027083 0.086111
14 0.469792 0.396759 0.027083 0.108333
27 0.343490 0.418519 0.155729 0.190741
16 0.377865 0.403241 0.020313 0.041667
29 0.416667 0.393981 0.064583 0.093519
28 0.348438 0.363426 0.053125 0.076852
19 0.384635 0.326852 0.027604 0.075926
14 0.378125 0.298611 0.025000 0.087963
24 0.526302 0.340741 0.070312 0.083333
21 0.452865 0.367593 0.097396 0.105556
31 0.408854 0.328241 0.008333 0.021296
16 0.419010 0.322685 0.009896 0.017593
16 0.427865 0.314352 0.009896 0.017593
16 0.426042 0.326852 0.007292 0.012963
16 0.456250 0.339815 0.009375 0.018519
16 0.433854 0.353241 0.008333 0.013889
16 0.446875 0.362963 0.007292 0.012963
16 0.493490 0.371759 0.009896 0.019444
16 0.479687 0.373148 0.006250 0.012963
16 0.484115 0.377778 0.006771 0.014815
2 0.456771 0.277778 0.046875 0.044444
10 0.404687 0.276852 0.062500 0.092593
11 0.347656 0.237963 0.054688 0.124074
13 0.332552 0.169444 0.047396 0.042593
1 0.367708 0.117130 0.060417 0.086111
3 0.350521 0.115278 0.038542 0.147222
0 0.371094 0.231019 0.075521 0.100926
26 0.281250 0.309259 0.083333 0.162963
16 0.480208 0.356481 0.008333 0.014815
34 0.209375 0.020833 0.013542 0.019444
