22 0.584896 0.921528 0.063542 0.147222
0 0.420573 0.570833 0.146354 0.255556
26 0.863802 0.477431 0.131771 0.181250
10 0.440104 0.291667 0.119792 0.156944
13 0.409896 0.367361 0.126042 0.138889
30 0.492969 0.498611 0.072396 0.091667
14 0.616406 0.515625 0.074479 0.175694
19 0.598437 0.575347 0.058333 0.106250
17 0.714063 0.423958 0.014583 0.063194
27 0.677865 0.401389 0.159896 0.323611
14 0.825260 0.604514 0.084896 0.099306
19 0.801042 0.629167 0.073958 0.087500
28 0.780469 0.544097 0.086979 0.114583
5 0.917188 0.917014 0.050000 0.167361
1 0.536979 0.583681 0.100000 0.217361
24 0.931771 0.603125 0.056250 0.064583
11 0.925521 0.685764 0.112500 0.135417
12 0.866146 0.739583 0.121875 0.131944
13 0.873437 0.924653 0.127083 0.142361
16 0.809635 0.755556 0.016146 0.026389
16 0.807031 0.721181 0.018229 0.018750
16 0.789062 0.716667 0.016667 0.025000
16 0.744010 0.675694 0.016146 0.029167
16 0.723177 0.681597 0.014063 0.027083
16 0.711979 0.665972 0.014583 0.029167
16 0.701823 0.679861 0.013021 0.029167
16 0.678125 0.672569 0.015625 0.029861
16 0.665625 0.669444 0.013542 0.027778
16 0.653125 0.663889 0.015625 0.025000
16 0.637760 0.662847 0.017188 0.025694
16 0.638021 0.643403 0.019792 0.020139
16 0.677083 0.727431 0.019792 0.024306
31 0.804427 0.686806 0.021354 0.026389
21 0.708854 0.710069 0.198958 0.138194
17 0.464323 0.483333 0.031771 0.019444
23 0.219010 0.433681 0.129688 0.159028
3 0.966927 0.914931 0.032813 0.170139
4 0.945312 0.912847 0.035417 0.174306
29 0.982552 0.783333 0.034896 0.169444
17 0.584375 0.938889 0.016667 0.101389
2 0.981510 0.919444 0.023438 0.161111
