4 0.348177 0.179630 0.074479 0.042593
5 0.360156 0.193056 0.076563 0.054630
12 0.279687 0.218519 0.040625 0.055556
13 0.239323 0.291204 0.044271 0.089815
11 0.373958 0.225000 0.057292 0.087037
10 0.394792 0.274074 0.061458 0.111111
2 0.421354 0.221296 0.028125 0.062963
14 0.378385 0.289815 0.032813 0.103704
19 0.385677 0.321296 0.020313 0.070370
26 0.294010 0.290278 0.084896 0.156481
17 0.260417 0.426852 0.018750 0.048148
28 0.330469 0.398611 0.050521 0.078704
16 0.376563 0.411111 0.021875 0.037037
27 0.343750 0.448611 0.147917 0.180556
16 0.397135 0.332870 0.006771 0.013889
16 0.409635 0.327315 0.006771 0.012037
16 0.416667 0.325000 0.006250 0.011111
16 0.423177 0.324074 0.006771 0.012963
16 0.432552 0.335648 0.009896 0.010185
16 0.433854 0.355556 0.010417 0.011111
16 0.438021 0.383796 0.010417 0.013889
16 0.441146 0.388889 0.009375 0.014815
16 0.471094 0.379167 0.009896 0.012037
31 0.446615 0.350000 0.009896 0.014815
21 0.435677 0.373611 0.086979 0.108333
14 0.454688 0.402315 0.022917 0.099074
19 0.458594 0.436111 0.024479 0.077778
30 0.478125 0.489352 0.047917 0.078704
22 0.507292 0.560185 0.093750 0.140741
29 0.595573 0.609259 0.083854 0.142593
3 0.489063 0.124074 0.048958 0.122222
1 0.482812 0.114815 0.044792 0.077778
24 0.505990 0.216667 0.061979 0.085185
0 0.553125 0.243056 0.079167 0.100926
34 0.125260 0.076389 0.010937 0.019444
