29 0.666406 0.085648 0.074479 0.058333
22 0.669010 0.137963 0.060937 0.074074
30 0.644531 0.167593 0.023438 0.057407
14 0.630990 0.149537 0.015104 0.099074
19 0.626042 0.176389 0.023958 0.073148
16 0.683073 0.186111 0.008854 0.018519
16 0.588542 0.188889 0.007292 0.016667
16 0.583854 0.195833 0.007292 0.012037
16 0.581510 0.202778 0.007812 0.012963
16 0.567448 0.201852 0.007812 0.012963
16 0.577865 0.191204 0.006771 0.010185
16 0.547135 0.218981 0.009896 0.015741
16 0.532292 0.246296 0.009375 0.012963
16 0.541667 0.256481 0.008333 0.011111
16 0.549219 0.269444 0.007812 0.016667
16 0.559375 0.193056 0.008333 0.013889
16 0.567187 0.177315 0.006250 0.012037
16 0.573177 0.179630 0.006771 0.011111
16 0.569792 0.184259 0.007292 0.011111
31 0.554948 0.200463 0.011979 0.028704
21 0.556510 0.242593 0.072396 0.120370
14 0.576302 0.265741 0.032813 0.120370
19 0.565625 0.301389 0.025000 0.078704
27 0.706250 0.202315 0.137500 0.212037
26 0.625781 0.319444 0.090104 0.211111
17 0.683333 0.416667 0.019792 0.064815
24 0.488542 0.435648 0.084375 0.110185
10 0.477083 0.294444 0.072917 0.151852
13 0.505469 0.517593 0.097396 0.157407
13 0.558333 0.592130 0.102083 0.178704
12 0.429688 0.609259 0.107292 0.183333
11 0.410677 0.393981 0.096354 0.163889
4 0.263281 0.586111 0.093229 0.161111
5 0.304688 0.516204 0.133333 0.134259
3 0.377604 0.319907 0.110417 0.028704
6 0.416146 0.192593 0.010417 0.050000
16 0.431510 0.181019 0.007812 0.019444
0 0.436979 0.160648 0.050000 0.108333
2 0.383854 0.125000 0.053125 0.111111
1 0.371094 0.113889 0.057813 0.103704
