5 0.736198 0.373264 0.080729 0.206250
4 0.757031 0.375000 0.047396 0.211111
1 0.665625 0.279861 0.133333 0.288889
10 0.404687 0.275347 0.135417 0.145139
21 0.221354 0.371528 0.177083 0.152778
14 0.074479 0.331597 0.088542 0.135417
0 0.485677 0.209375 0.173437 0.143750
16 0.135156 0.362500 0.015104 0.020833
16 0.146615 0.358681 0.015104 0.024306
16 0.156771 0.353472 0.015625 0.025000
16 0.276562 0.304167 0.012500 0.022222
16 0.289062 0.300694 0.014583 0.020833
16 0.299740 0.294792 0.013021 0.021528
16 0.268229 0.334028 0.013542 0.018056
16 0.280990 0.328819 0.013021 0.018750
16 0.291927 0.321528 0.010937 0.018056
16 0.302604 0.315972 0.009375 0.016667
16 0.135937 0.417361 0.013542 0.023611
16 0.200781 0.390625 0.011979 0.020139
19 0.101823 0.375000 0.066146 0.088889
14 0.046875 0.420486 0.093750 0.125694
11 0.545312 0.282292 0.143750 0.213194
29 0.035417 0.219097 0.070833 0.074306
12 0.583073 0.110069 0.094271 0.107639
13 0.716146 0.174306 0.066667 0.111111
2 0.507812 0.515972 0.134375 0.250000
13 0.698698 0.229167 0.021354 0.084722
26 0.313542 0.145833 0.135417 0.205556
16 0.121615 0.105903 0.011979 0.020139
28 0.227604 0.184375 0.073958 0.104861
27 0.107031 0.126736 0.175521 0.234028
19 0.074740 0.460417 0.071354 0.084722
24 0.216146 0.454514 0.040625 0.067361
25 0.382292 0.512500 0.039583 0.080556
3 0.641406 0.200000 0.110937 0.240278
7 0.586979 0.318750 0.007292 0.012500
30 0.028385 0.347569 0.053646 0.072917
