27 0.462500 0.242708 0.168750 0.317361
0 0.484635 0.766319 0.152604 0.249306
3 0.730990 0.637847 0.036979 0.061806
16 0.513021 0.542361 0.021875 0.019444
16 0.510417 0.492708 0.017708 0.022917
16 0.523698 0.493056 0.017188 0.025000
16 0.537240 0.490972 0.015104 0.026389
16 0.550260 0.491667 0.013021 0.027778
16 0.573698 0.490625 0.018229 0.021528
16 0.587500 0.488542 0.014583 0.027083
16 0.601302 0.490278 0.016146 0.026389
16 0.670573 0.483333 0.014063 0.025000
16 0.683333 0.487153 0.015625 0.024306
16 0.693750 0.484375 0.017708 0.022917
16 0.653385 0.516319 0.014063 0.027083
16 0.567969 0.554861 0.014063 0.020833
21 0.601302 0.534028 0.215104 0.102778
14 0.389844 0.449653 0.073438 0.136806
19 0.411979 0.495833 0.053125 0.090278
14 0.424219 0.395486 0.064062 0.143750
19 0.442708 0.444792 0.046875 0.088194
30 0.350521 0.367708 0.066667 0.075694
22 0.248698 0.391319 0.078646 0.150694
24 0.170313 0.417708 0.069792 0.140972
34 0.088542 0.404167 0.030208 0.077778
17 0.259635 0.289931 0.041146 0.039583
29 0.332813 0.217361 0.132292 0.058333
31 0.472396 0.286458 0.015625 0.068750
16 0.476823 0.236111 0.019271 0.019444
28 0.591406 0.282292 0.073438 0.088194
1 0.557292 0.188542 0.193750 0.186806
26 0.711719 0.206597 0.122396 0.135417
5 0.982812 0.594792 0.034375 0.217361
10 0.907292 0.449653 0.115625 0.154861
13 0.954948 0.429167 0.077604 0.122222
13 0.972135 0.380903 0.055729 0.117361
12 0.892708 0.298611 0.087500 0.120833
