0 0.534375 0.305556 0.082292 0.079630
1 0.449479 0.238426 0.046875 0.115741
2 0.341667 0.219444 0.044792 0.098148
11 0.398438 0.259722 0.064583 0.102778
13 0.313542 0.206944 0.056250 0.065741
14 0.497135 0.358796 0.023438 0.110185
16 0.459635 0.313426 0.005729 0.010185
16 0.458073 0.337500 0.005729 0.010185
16 0.455469 0.309259 0.005729 0.011111
16 0.446354 0.327315 0.007292 0.013889
16 0.461719 0.347685 0.004687 0.008333
16 0.451042 0.331019 0.006250 0.012037
16 0.416146 0.296296 0.007292 0.014815
16 0.420052 0.300000 0.005729 0.014815
16 0.422656 0.305556 0.004687 0.012963
16 0.450000 0.304167 0.007292 0.012037
16 0.438281 0.300926 0.005729 0.011111
19 0.500521 0.390278 0.025000 0.078704
21 0.451042 0.329630 0.080208 0.090741
22 0.530729 0.561574 0.090625 0.149074
24 0.594531 0.637037 0.092188 0.162963
26 0.311198 0.312963 0.090104 0.159259
27 0.381250 0.423148 0.137500 0.181481
28 0.340104 0.399537 0.054167 0.084259
29 0.394271 0.649537 0.079167 0.156481
30 0.473698 0.494907 0.049479 0.080556
34 0.687500 0.809722 0.035417 0.197222
16 0.383333 0.408333 0.015625 0.044444
14 0.467969 0.363426 0.023438 0.112037
19 0.473958 0.395833 0.025000 0.078704
5 0.376302 0.178241 0.049479 0.037963
13 0.261979 0.200926 0.050000 0.066667
12 0.248438 0.256019 0.047917 0.087963
33 0.463802 0.288889 0.011979 0.020370
17 0.478646 0.653241 0.022917 0.084259
