22 0.447917 0.254861 0.127083 0.200000
23 0.035677 0.122222 0.071354 0.169444
14 0.144531 0.108333 0.126562 0.161111
14 0.188281 0.062153 0.107813 0.124306
19 0.184635 0.163542 0.082812 0.114583
19 0.219531 0.093403 0.076563 0.115972
30 0.294271 0.178472 0.100000 0.125000
16 0.327083 0.005903 0.015625 0.011806
16 0.344010 0.005208 0.015104 0.010417
16 0.358594 0.003472 0.014063 0.006944
16 0.329688 0.023264 0.021875 0.020139
16 0.359375 0.029167 0.017708 0.025000
21 0.358073 0.047917 0.080729 0.095833
17 0.415365 0.169792 0.055729 0.024306
17 0.455469 0.311806 0.093229 0.034722
9 0.455990 0.292361 0.102604 0.050000
5 0.458333 0.147222 0.155208 0.294444
0 0.311979 0.370139 0.151042 0.319444
12 0.689583 0.059375 0.079167 0.118750
13 0.708333 0.130208 0.112500 0.249306
10 0.883333 0.074306 0.131250 0.148611
13 0.941927 0.079861 0.067187 0.133333
2 0.927865 0.243403 0.053646 0.217361
3 0.903646 0.233681 0.081250 0.222917
4 0.834635 0.225000 0.134896 0.234722
1 0.573438 0.184375 0.388542 0.368750
