3 0.710938 0.366667 0.069792 0.022222
0 0.690885 0.494444 0.098437 0.185185
1 0.617969 0.295370 0.113021 0.092593
33 0.568490 0.344444 0.011979 0.027778
4 0.716406 0.212037 0.058854 0.046296
5 0.726302 0.230556 0.080729 0.046296
12 0.591146 0.200463 0.053125 0.073148
13 0.643229 0.176389 0.052083 0.056481
14 0.558594 0.417593 0.030729 0.124074
14 0.576302 0.450463 0.032813 0.126852
19 0.574219 0.491667 0.030729 0.090741
19 0.555729 0.462037 0.028125 0.085185
22 0.444792 0.611111 0.103125 0.135185
24 0.404948 0.733796 0.115104 0.150926
26 0.543490 0.260185 0.067187 0.146296
27 0.477865 0.359722 0.134896 0.226852
28 0.514062 0.331944 0.048958 0.071296
30 0.482031 0.513426 0.045312 0.086111
29 0.358854 0.485185 0.082292 0.127778
34 0.334635 0.901389 0.039062 0.037963
16 0.607292 0.406944 0.008333 0.010185
16 0.603646 0.415741 0.009375 0.012963
16 0.601302 0.422685 0.008854 0.015741
16 0.633073 0.375926 0.009896 0.011111
16 0.626563 0.354167 0.010417 0.010185
16 0.635677 0.388889 0.009896 0.012963
16 0.489323 0.348148 0.007812 0.014815
16 0.623437 0.361111 0.011458 0.012963
16 0.628646 0.348148 0.009375 0.009259
16 0.598177 0.437037 0.007812 0.016667
16 0.609896 0.397685 0.010417 0.012037
21 0.623177 0.421759 0.067187 0.128704
16 0.600000 0.429630 0.008333 0.014815
10 0.657552 0.231944 0.061979 0.082407
16 0.619271 0.447222 0.011458 0.014815
13 0.655990 0.196296 0.056771 0.037037
17 0.367708 0.578704 0.051042 0.059259
