22 0.279167 0.209028 0.095833 0.127778
16 0.594792 0.394097 0.018750 0.022917
16 0.521354 0.375694 0.018750 0.020833
16 0.547396 0.383333 0.014583 0.029167
16 0.559635 0.385417 0.014063 0.027778
16 0.580990 0.392361 0.018229 0.023611
16 0.628125 0.450694 0.016667 0.022222
21 0.575521 0.439931 0.163542 0.124306
29 0.387500 0.074653 0.128125 0.064583
4 0.972656 0.652083 0.036979 0.188889
11 0.790365 0.496528 0.116146 0.161111
2 0.849740 0.604167 0.032813 0.143056
1 0.599219 0.289583 0.219271 0.298611
5 0.943229 0.646181 0.043750 0.209028
10 0.891146 0.477431 0.103125 0.156250
13 0.968750 0.452083 0.062500 0.115278
13 0.942708 0.482639 0.058333 0.126389
26 0.737760 0.214236 0.147396 0.197917
12 0.639323 0.212153 0.072396 0.107639
27 0.513021 0.144097 0.131250 0.288194
16 0.532292 0.129514 0.019792 0.018750
0 0.465885 0.580903 0.176563 0.240972
14 0.464583 0.251736 0.051042 0.159028
34 0.109896 0.180556 0.022917 0.079167
16 0.534635 0.380556 0.017188 0.026389
24 0.193750 0.212500 0.090625 0.122222
17 0.307031 0.118750 0.041146 0.048611
14 0.420833 0.290278 0.055208 0.159722
19 0.462760 0.310417 0.043229 0.088889
19 0.426563 0.351042 0.044792 0.088194
12 0.898958 0.344444 0.078125 0.127778
33 0.502604 0.201042 0.046875 0.032639
16 0.516667 0.413194 0.016667 0.019444
30 0.385156 0.214236 0.070312 0.067361
32 0.540625 0.504514 0.014583 0.011806
