31 0.454948 0.327778 0.015104 0.022222
16 0.433854 0.267361 0.019792 0.023611
16 0.448698 0.265278 0.020313 0.022222
16 0.569792 0.254514 0.020833 0.020139
16 0.408594 0.264236 0.014063 0.014583
0 0.377344 0.398264 0.165104 0.278472
1 0.560417 0.358681 0.228125 0.243750
21 0.490365 0.312847 0.178646 0.102083
3 0.666406 0.392708 0.084896 0.092361
2 0.783594 0.406944 0.035937 0.213889
5 0.911198 0.393403 0.059896 0.222917
4 0.933594 0.396181 0.034896 0.204861
11 0.664844 0.237500 0.152604 0.172222
10 0.813281 0.228819 0.125521 0.171528
13 0.873177 0.224306 0.077604 0.133333
13 0.902604 0.186806 0.077083 0.123611
12 0.805729 0.091667 0.091667 0.126389
26 0.571615 0.052778 0.145313 0.105556
28 0.472135 0.049653 0.085938 0.099306
16 0.330469 0.069097 0.020313 0.057639
29 0.203646 0.032639 0.132292 0.065278
17 0.129688 0.110417 0.040625 0.031944
30 0.214583 0.165278 0.070833 0.081944
14 0.237760 0.218056 0.095312 0.155556
19 0.266927 0.270486 0.066146 0.103472
14 0.274219 0.161806 0.083854 0.162500
19 0.300000 0.216319 0.058333 0.102083
27 0.336458 0.094444 0.158333 0.188889
22 0.115625 0.206944 0.081250 0.159722
24 0.042708 0.252778 0.067708 0.150000
