24 0.021875 0.342361 0.043750 0.145833
23 0.077083 0.268403 0.068750 0.147917
29 0.137760 0.100000 0.116146 0.094444
14 0.178125 0.260069 0.105208 0.129861
14 0.210417 0.200000 0.093750 0.143056
19 0.212240 0.305556 0.069271 0.095833
19 0.239583 0.245486 0.064583 0.096528
30 0.303906 0.314236 0.085938 0.106250
17 0.272917 0.061111 0.043750 0.077778
17 0.422135 0.295833 0.081771 0.033333
17 0.425781 0.315625 0.082812 0.034028
17 0.429688 0.336806 0.084375 0.034722
17 0.432812 0.359028 0.085417 0.034722
17 0.436458 0.381944 0.076042 0.034722
17 0.443750 0.416319 0.079167 0.034028
18 0.471354 0.253125 0.072917 0.025694
18 0.306510 0.431944 0.060937 0.083333
22 0.436458 0.364931 0.112500 0.181250
27 0.246875 0.100000 0.195833 0.200000
28 0.385677 0.053472 0.083854 0.101389
26 0.503906 0.035417 0.142187 0.070833
16 0.326042 0.158333 0.015625 0.020833
16 0.339062 0.154514 0.014583 0.022917
16 0.350521 0.152431 0.011458 0.022917
16 0.361979 0.149306 0.012500 0.022222
16 0.383333 0.143056 0.014583 0.019444
16 0.396615 0.139236 0.011979 0.021528
16 0.419531 0.136806 0.019271 0.018056
16 0.477344 0.123264 0.013021 0.022917
16 0.489323 0.122222 0.017188 0.019444
16 0.501042 0.120139 0.017708 0.019444
16 0.436198 0.151736 0.014063 0.018750
16 0.327604 0.180903 0.017708 0.017361
16 0.352344 0.185764 0.014063 0.021528
31 0.398698 0.159028 0.016146 0.023611
21 0.421875 0.182292 0.206250 0.118750
11 0.701562 0.045139 0.111458 0.090278
13 0.878125 0.131944 0.077083 0.116667
10 0.820312 0.135417 0.121875 0.136111
13 0.709375 0.131944 0.111458 0.120833
12 0.604948 0.150694 0.127604 0.120833
2 0.881250 0.283333 0.071875 0.193056
3 0.856510 0.279861 0.098437 0.190278
4 0.609896 0.323958 0.077083 0.127083
1 0.584115 0.222222 0.157812 0.148611
0 0.357812 0.572222 0.116667 0.254167
16 0.254948 0.021528 0.014063 0.018056
