27 0.474479 0.215278 0.164583 0.295833
0 0.490625 0.747222 0.160417 0.255556
16 0.578906 0.530556 0.015104 0.020833
16 0.521354 0.514583 0.022917 0.019444
16 0.519271 0.462847 0.018750 0.024306
16 0.533594 0.462500 0.017188 0.025000
16 0.546875 0.462153 0.014583 0.028472
16 0.559635 0.461458 0.015104 0.027083
16 0.584896 0.461806 0.019792 0.022222
16 0.598437 0.459028 0.015625 0.026389
16 0.613021 0.462153 0.015625 0.025694
16 0.666146 0.490972 0.013542 0.026389
16 0.683594 0.458333 0.014063 0.026389
16 0.695573 0.461111 0.016146 0.025000
16 0.707552 0.459375 0.018229 0.022917
21 0.610938 0.507292 0.219792 0.102083
3 0.749219 0.618056 0.050521 0.063889
5 0.986458 0.559722 0.027083 0.175000
10 0.936979 0.425000 0.080208 0.144444
13 0.964063 0.414236 0.071875 0.125694
13 0.977604 0.355208 0.044792 0.097917
12 0.905729 0.278125 0.087500 0.125694
16 0.468229 0.242014 0.023958 0.053472
31 0.498177 0.194444 0.027604 0.020833
28 0.607812 0.236458 0.086458 0.110417
1 0.573177 0.106250 0.228646 0.152778
29 0.330469 0.173264 0.134896 0.060417
17 0.255208 0.248611 0.044792 0.040278
30 0.350781 0.329861 0.069271 0.079167
14 0.429427 0.358333 0.065104 0.151389
14 0.393750 0.414583 0.075000 0.143056
19 0.415365 0.464583 0.054688 0.094444
19 0.447656 0.411458 0.047396 0.089583
22 0.243750 0.354167 0.083333 0.159722
24 0.161719 0.382639 0.073438 0.148611
34 0.076563 0.369792 0.032292 0.079861
26 0.724740 0.193056 0.134896 0.181944
