0 0.518490 0.149074 0.031771 0.027778
1 0.554688 0.090278 0.100000 0.113889
4 0.258073 0.581944 0.065104 0.193519
5 0.280469 0.524074 0.101562 0.174074
10 0.416406 0.441667 0.098437 0.166667
11 0.461979 0.328704 0.088542 0.150000
12 0.492188 0.647222 0.111458 0.192593
13 0.347396 0.750926 0.110417 0.174074
13 0.376302 0.579167 0.102604 0.163889
14 0.601042 0.135648 0.030208 0.113889
14 0.583333 0.143056 0.017708 0.069444
16 0.559375 0.188426 0.007292 0.013889
16 0.521354 0.256481 0.006250 0.012963
16 0.551302 0.203241 0.008854 0.012037
16 0.553646 0.197222 0.008333 0.014815
16 0.544271 0.211574 0.008333 0.010185
16 0.516927 0.262500 0.006771 0.012037
16 0.517969 0.225000 0.006771 0.012963
16 0.515625 0.237963 0.008333 0.012963
16 0.543490 0.183333 0.007812 0.016667
16 0.514583 0.270370 0.006250 0.012963
16 0.541406 0.219907 0.008854 0.012037
16 0.498177 0.244444 0.008854 0.016667
21 0.525521 0.241204 0.078125 0.121296
26 0.607031 0.330093 0.104688 0.189815
27 0.670312 0.186574 0.141667 0.200926
30 0.650000 0.161574 0.028125 0.032407
22 0.664062 0.128704 0.061458 0.070370
24 0.676302 0.096759 0.053646 0.056481
34 0.708333 0.060185 0.050000 0.018519
16 0.662240 0.196759 0.011979 0.041667
19 0.591406 0.176852 0.024479 0.075926
19 0.579427 0.156481 0.022396 0.074074
29 0.743750 0.198148 0.040625 0.088889
3 0.401823 0.275463 0.102604 0.056481
16 0.556250 0.194907 0.007292 0.013889
28 0.650000 0.324074 0.026042 0.077778
2 0.374479 0.355556 0.064583 0.087037
