24 0.016406 0.359028 0.032813 0.127778
22 0.064323 0.323611 0.075521 0.150000
17 0.077865 0.231250 0.035937 0.031944
30 0.151302 0.285417 0.060937 0.066667
19 0.190885 0.389931 0.066146 0.093750
19 0.222135 0.335069 0.063021 0.092361
14 0.160156 0.344097 0.097396 0.132639
14 0.196354 0.287847 0.085417 0.142361
29 0.144531 0.150347 0.118229 0.071528
16 0.239063 0.187500 0.014583 0.051389
27 0.244010 0.147917 0.176563 0.295833
28 0.380729 0.159375 0.081250 0.103472
26 0.471094 0.109722 0.148438 0.193056
12 0.714844 0.160417 0.092188 0.119444
13 0.818490 0.238194 0.081771 0.120833
13 0.781771 0.282292 0.085417 0.128472
10 0.750781 0.308681 0.063021 0.146528
4 0.855990 0.443750 0.039062 0.204167
5 0.830990 0.444097 0.073438 0.218750
2 0.702865 0.523611 0.021354 0.148611
7 0.620313 0.371875 0.010417 0.017361
3 0.675260 0.260069 0.110937 0.220139
1 0.696615 0.334028 0.144271 0.297222
11 0.577083 0.338889 0.150000 0.229167
0 0.492448 0.303472 0.175521 0.179167
16 0.342969 0.378125 0.018229 0.024306
16 0.355469 0.396528 0.016146 0.015278
16 0.308073 0.371875 0.017188 0.027083
16 0.295312 0.373264 0.016667 0.028472
16 0.283333 0.375694 0.017708 0.027778
16 0.270833 0.378472 0.019792 0.029167
16 0.272135 0.407639 0.017188 0.029167
16 0.295833 0.401736 0.018750 0.029861
16 0.320573 0.400000 0.018229 0.026389
16 0.282292 0.436111 0.016667 0.027778
21 0.369792 0.412153 0.215625 0.111806
