34 0.062760 0.188194 0.027604 0.077778
24 0.150781 0.209028 0.088021 0.134722
22 0.238281 0.193403 0.093229 0.139583
17 0.261979 0.099306 0.044792 0.047222
29 0.342969 0.045486 0.134896 0.057639
30 0.347917 0.188194 0.070833 0.066667
16 0.510938 0.123611 0.023958 0.044444
27 0.481771 0.122222 0.154167 0.244444
28 0.601562 0.159028 0.086458 0.106944
19 0.435417 0.272917 0.045833 0.095833
19 0.398958 0.319444 0.046875 0.093056
14 0.435156 0.214583 0.054688 0.165278
14 0.386198 0.259028 0.060937 0.163889
26 0.714844 0.151389 0.151562 0.195833
32 0.453385 0.502083 0.039062 0.038889
33 0.549479 0.415625 0.037500 0.042361
0 0.388281 0.598611 0.157812 0.279167
1 0.610677 0.548958 0.166146 0.306250
3 0.739844 0.595139 0.121354 0.204167
2 0.846615 0.585069 0.025521 0.228472
16 0.491406 0.337500 0.020313 0.026389
16 0.505729 0.338194 0.019792 0.026389
16 0.518229 0.339236 0.016667 0.028472
16 0.529948 0.341667 0.018229 0.029167
16 0.554688 0.347222 0.019792 0.027778
16 0.567969 0.347222 0.014063 0.027778
16 0.615885 0.373958 0.018229 0.024306
16 0.490625 0.366319 0.017708 0.028472
16 0.516146 0.400000 0.017708 0.029167
16 0.647135 0.367361 0.016146 0.029167
16 0.660156 0.371875 0.015104 0.027083
16 0.671094 0.371875 0.013021 0.025694
16 0.650781 0.409722 0.013021 0.022222
21 0.571875 0.397917 0.209375 0.118056
11 0.766667 0.435417 0.136458 0.156944
10 0.875781 0.410417 0.105729 0.154167
12 0.876302 0.273264 0.079687 0.125694
13 0.950000 0.376389 0.066667 0.113889
13 0.923438 0.407639 0.062500 0.126389
5 0.935156 0.569097 0.041146 0.206250
4 0.961979 0.573264 0.030208 0.189583
