24 0.012500 0.360417 0.025000 0.126389
23 0.060937 0.299653 0.067708 0.146528
29 0.126302 0.135417 0.116146 0.086111
14 0.163542 0.303125 0.100000 0.131250
14 0.196354 0.246528 0.087500 0.143056
19 0.195312 0.350000 0.065625 0.093056
19 0.223698 0.292361 0.061979 0.095833
17 0.260156 0.111806 0.043229 0.076389
16 0.309896 0.211111 0.015625 0.022222
16 0.322135 0.207986 0.014063 0.022917
16 0.333073 0.206250 0.011979 0.023611
16 0.344531 0.202778 0.011979 0.022222
16 0.365365 0.198958 0.015104 0.021528
16 0.378385 0.195833 0.011979 0.022222
16 0.400781 0.192708 0.018229 0.018750
16 0.456510 0.182639 0.011979 0.022222
16 0.468750 0.182292 0.015625 0.018750
16 0.479687 0.180556 0.017708 0.018056
16 0.310677 0.233681 0.018229 0.017361
16 0.333594 0.238194 0.015104 0.020833
16 0.416667 0.210069 0.014583 0.020139
31 0.381510 0.215278 0.015104 0.022222
21 0.401302 0.239236 0.200521 0.107639
16 0.244010 0.067361 0.011979 0.018056
27 0.235156 0.123264 0.185938 0.246528
28 0.369531 0.108333 0.080729 0.098611
26 0.485938 0.065278 0.144792 0.130556
30 0.284896 0.363542 0.083333 0.103472
17 0.384115 0.332986 0.080729 0.031250
17 0.433073 0.413194 0.065104 0.030556
17 0.402865 0.448611 0.074479 0.033333
18 0.263802 0.499306 0.015104 0.031944
22 0.397135 0.401042 0.105729 0.175694
0 0.320573 0.536806 0.168229 0.298611
1 0.576562 0.462153 0.241667 0.238194
17 0.679167 0.189236 0.053125 0.053472
17 0.672917 0.207292 0.054167 0.053472
17 0.666406 0.226042 0.056771 0.054861
11 0.674740 0.089931 0.105729 0.129861
10 0.786979 0.198958 0.117708 0.129861
13 0.843229 0.193750 0.073958 0.111111
12 0.578385 0.216667 0.121354 0.125000
13 0.612240 0.307986 0.146354 0.234028
5 0.718490 0.371875 0.151562 0.235417
4 0.753646 0.345833 0.133333 0.194444
3 0.820312 0.337847 0.093750 0.181250
2 0.844271 0.339583 0.066667 0.184722
