22 0.151562 0.219792 0.081250 0.146528
16 0.458854 0.287153 0.018750 0.022917
16 0.380990 0.296528 0.020313 0.020833
16 0.407813 0.295139 0.014583 0.029167
16 0.420573 0.293056 0.014063 0.027778
16 0.444531 0.291667 0.018229 0.023611
16 0.383333 0.345139 0.016667 0.022222
21 0.453646 0.338542 0.160417 0.106250
29 0.240625 0.054861 0.126042 0.068056
4 0.946354 0.437500 0.037500 0.206944
11 0.684115 0.300347 0.150521 0.170139
2 0.788802 0.433681 0.038021 0.199306
1 0.585156 0.368750 0.233854 0.266667
5 0.922135 0.433681 0.057813 0.224306
10 0.820833 0.266319 0.126042 0.171528
13 0.917448 0.226389 0.078646 0.123611
13 0.884635 0.263194 0.077604 0.134722
26 0.590104 0.072222 0.154167 0.144444
12 0.490625 0.084722 0.082292 0.104167
27 0.354167 0.105556 0.165625 0.211111
16 0.379427 0.082639 0.029687 0.045833
0 0.329688 0.448958 0.117708 0.288194
14 0.263021 0.237500 0.087500 0.148611
34 0.011458 0.260764 0.022917 0.065972
16 0.394531 0.296181 0.017188 0.027083
24 0.082031 0.257986 0.069271 0.136806
17 0.168229 0.130556 0.038542 0.033333
14 0.298177 0.187153 0.076563 0.152083
19 0.290104 0.289236 0.062500 0.097917
19 0.322135 0.239583 0.056771 0.098611
31 0.472135 0.330208 0.016146 0.061806
12 0.818750 0.131944 0.091667 0.126389
