0 0.357812 0.413889 0.180208 0.356944
21 0.469271 0.281944 0.276042 0.130556
1 0.572917 0.183333 0.408333 0.363889
7 0.450521 0.286111 0.012500 0.038889
31 0.450521 0.298958 0.019792 0.039583
16 0.406510 0.293750 0.043229 0.052778
16 0.566406 0.296875 0.018229 0.029861
16 0.528385 0.256597 0.020313 0.029861
16 0.497656 0.259722 0.018229 0.027778
16 0.440365 0.224306 0.018229 0.025000
16 0.425260 0.228819 0.022396 0.025694
16 0.394531 0.233681 0.018229 0.034028
16 0.376823 0.236458 0.019271 0.036806
16 0.360677 0.238889 0.018229 0.036111
16 0.343750 0.242014 0.022917 0.034028
3 0.471354 0.136111 0.092708 0.268056
27 0.308854 0.063194 0.157292 0.126389
30 0.173958 0.101389 0.077083 0.080556
14 0.232031 0.104861 0.110937 0.186111
19 0.265885 0.165278 0.076563 0.118056
14 0.188542 0.177778 0.127083 0.173611
19 0.228646 0.235069 0.084375 0.114583
22 0.064844 0.159722 0.089063 0.190278
24 0.012500 0.204861 0.025000 0.147222
17 0.079427 0.044792 0.045312 0.034028
11 0.745573 0.210764 0.109896 0.150694
2 0.823177 0.305903 0.035937 0.056250
5 0.947917 0.388542 0.048958 0.246528
4 0.975260 0.392361 0.035937 0.226389
10 0.860417 0.197222 0.137500 0.193056
13 0.922135 0.195486 0.077604 0.152083
13 0.952083 0.153819 0.080208 0.136806
12 0.854688 0.054861 0.101042 0.109722
