34 0.288802 0.097685 0.023438 0.045370
24 0.299740 0.142130 0.059896 0.063889
23 0.335417 0.158333 0.057292 0.061111
14 0.304948 0.206944 0.028646 0.125000
14 0.330469 0.206481 0.023438 0.125926
19 0.312760 0.246759 0.029687 0.071296
19 0.338281 0.247685 0.028646 0.071296
17 0.402604 0.193981 0.034375 0.028704
16 0.370573 0.275926 0.007812 0.014815
16 0.369531 0.287500 0.009896 0.012037
16 0.381250 0.268519 0.008333 0.012963
16 0.383594 0.271296 0.007812 0.011111
16 0.386979 0.279630 0.010417 0.011111
16 0.389844 0.282870 0.008854 0.012037
16 0.395573 0.292130 0.007812 0.013889
16 0.398438 0.300000 0.010417 0.012963
16 0.403385 0.310648 0.007812 0.015741
16 0.419531 0.339815 0.010937 0.012963
16 0.421615 0.344907 0.008854 0.013889
16 0.425521 0.351389 0.007292 0.015741
30 0.319010 0.306481 0.043229 0.064815
27 0.409635 0.168519 0.081771 0.220370
29 0.413802 0.138889 0.040104 0.068519
16 0.461198 0.180093 0.006771 0.017593
28 0.450781 0.270370 0.040104 0.085185
16 0.395573 0.324074 0.009896 0.014815
26 0.500000 0.289352 0.076042 0.175000
31 0.385937 0.302778 0.009375 0.016667
21 0.393750 0.325926 0.076042 0.125926
17 0.288281 0.387500 0.017188 0.043519
17 0.297396 0.381481 0.017708 0.042593
18 0.309375 0.376389 0.018750 0.039815
17 0.319792 0.363889 0.018750 0.044444
17 0.328646 0.357870 0.018750 0.043519
17 0.336979 0.351852 0.019792 0.044444
22 0.315104 0.382407 0.080208 0.098148
18 0.279687 0.338889 0.035417 0.020370
5 0.243490 0.177778 0.050521 0.277778
9 0.261458 0.318981 0.015625 0.058333
0 0.214062 0.252315 0.100000 0.063889
1 0.226042 0.147685 0.088542 0.256481
17 0.509896 0.539352 0.028125 0.069444
12 0.432031 0.433796 0.071354 0.145370
13 0.370312 0.467130 0.117708 0.223148
11 0.595052 0.488889 0.089063 0.174074
10 0.551042 0.651389 0.103125 0.219444
13 0.649219 0.794907 0.103646 0.204630
2 0.479948 0.840278 0.150521 0.213889
3 0.461719 0.790278 0.117188 0.252778
4 0.417448 0.678241 0.081771 0.258333
