13 0.671354 0.167593 0.051042 0.037037
10 0.669271 0.206019 0.054167 0.095370
11 0.595833 0.212037 0.053125 0.085185
12 0.630729 0.299537 0.062500 0.095370
13 0.668490 0.298611 0.055729 0.130556
2 0.726302 0.227778 0.074479 0.040741
3 0.720313 0.238426 0.082292 0.034259
26 0.548698 0.246296 0.067187 0.140741
28 0.514062 0.333333 0.047917 0.070370
17 0.632292 0.406019 0.016667 0.041667
17 0.641146 0.410648 0.016667 0.041667
17 0.650260 0.416204 0.017188 0.043519
18 0.660156 0.427778 0.015104 0.042593
17 0.673438 0.429630 0.014583 0.038889
17 0.682292 0.434259 0.014583 0.040741
18 0.651823 0.508333 0.018229 0.057407
4 0.709896 0.276389 0.089583 0.023148
5 0.721094 0.188426 0.043229 0.243519
1 0.741927 0.134259 0.098437 0.187037
0 0.718490 0.382870 0.101562 0.189815
30 0.608594 0.463426 0.034896 0.075000
16 0.593750 0.317130 0.010417 0.010185
16 0.592187 0.321296 0.009375 0.009259
16 0.589063 0.326852 0.011458 0.011111
16 0.577865 0.349537 0.009896 0.012037
16 0.571354 0.357870 0.009375 0.010185
16 0.567448 0.363889 0.009896 0.011111
16 0.563021 0.373148 0.010417 0.011111
16 0.559115 0.377315 0.008854 0.008333
16 0.578906 0.387963 0.008854 0.014815
16 0.590885 0.348148 0.008854 0.011111
31 0.583333 0.360648 0.008333 0.013889
21 0.582812 0.372222 0.072917 0.100000
17 0.505729 0.345833 0.028125 0.043519
16 0.415625 0.379167 0.011458 0.023148
14 0.557813 0.415741 0.029167 0.124074
14 0.576562 0.451852 0.032292 0.127778
19 0.557552 0.457407 0.026562 0.087037
19 0.574219 0.491204 0.028646 0.089815
27 0.475000 0.357407 0.133333 0.214815
29 0.358854 0.484722 0.081250 0.126852
23 0.426042 0.611111 0.101042 0.116667
24 0.404687 0.733796 0.113542 0.147222
34 0.311979 0.908796 0.082292 0.050926
22 0.655208 0.432407 0.077083 0.085185
17 0.632031 0.257407 0.031771 0.012963
