34 0.708854 0.060185 0.048958 0.018519
24 0.674479 0.096296 0.055208 0.053704
23 0.674740 0.134722 0.057813 0.060185
29 0.743490 0.198148 0.040104 0.088889
14 0.589063 0.119444 0.029167 0.118519
14 0.601042 0.137963 0.030208 0.114815
19 0.579948 0.157407 0.021354 0.072222
19 0.591667 0.178704 0.022917 0.074074
17 0.645312 0.194907 0.031250 0.050926
16 0.582812 0.222222 0.007292 0.012963
16 0.593490 0.229167 0.006771 0.012037
16 0.590104 0.234259 0.007292 0.012963
16 0.587760 0.238889 0.007812 0.011111
16 0.583333 0.244444 0.008333 0.011111
16 0.578125 0.256019 0.007292 0.010185
16 0.574479 0.261111 0.009375 0.011111
16 0.566146 0.271296 0.008333 0.011111
16 0.550781 0.300463 0.008854 0.010185
16 0.546615 0.306481 0.007812 0.009259
16 0.542969 0.313426 0.007812 0.012037
16 0.552865 0.269907 0.009896 0.012037
16 0.570833 0.228241 0.009375 0.010185
31 0.563281 0.251389 0.007812 0.013889
21 0.555729 0.282407 0.084375 0.129630
30 0.550000 0.198148 0.031250 0.059259
27 0.673177 0.188426 0.139063 0.208333
28 0.646875 0.313889 0.033333 0.088889
26 0.598958 0.358796 0.108333 0.191667
17 0.483594 0.207407 0.021354 0.031481
17 0.490365 0.212037 0.021354 0.031481
17 0.510156 0.224537 0.030729 0.030556
17 0.509115 0.227315 0.015104 0.036111
17 0.520312 0.232407 0.022917 0.037037
18 0.498437 0.222685 0.022917 0.034259
18 0.520833 0.185185 0.004167 0.035185
5 0.478125 0.072685 0.032292 0.108333
9 0.477083 0.117593 0.021875 0.059259
0 0.504948 0.056944 0.034896 0.078704
1 0.452083 0.026389 0.084375 0.052778
22 0.502083 0.231481 0.068750 0.074074
13 0.439844 0.306481 0.104688 0.118519
12 0.487500 0.356481 0.081250 0.137037
10 0.353385 0.551852 0.115104 0.203704
11 0.497917 0.593981 0.115625 0.200926
13 0.286719 0.727315 0.118229 0.191667
2 0.269792 0.545370 0.090625 0.129630
3 0.278906 0.502315 0.081771 0.054630
4 0.351042 0.418519 0.135417 0.059259
17 0.447917 0.495833 0.050000 0.023148
16 0.732031 0.277778 0.014063 0.022222
