34 0.036458 0.265278 0.026042 0.066667
24 0.108854 0.266667 0.070833 0.134722
22 0.179688 0.232639 0.081250 0.144444
17 0.197135 0.143056 0.040104 0.034722
29 0.269792 0.070486 0.127083 0.063194
16 0.409896 0.102778 0.029167 0.050000
27 0.384375 0.112500 0.172917 0.225000
30 0.274740 0.204514 0.068229 0.074306
19 0.355208 0.262153 0.054167 0.095139
19 0.319010 0.311806 0.061979 0.097222
14 0.334115 0.209375 0.073438 0.154861
14 0.293750 0.259722 0.085417 0.147222
16 0.598437 0.308333 0.017708 0.027778
16 0.586719 0.309028 0.018229 0.025000
16 0.572917 0.307292 0.014583 0.027083
16 0.537760 0.322569 0.019271 0.025694
16 0.577083 0.350000 0.015625 0.029167
16 0.484115 0.307639 0.015104 0.030556
16 0.470313 0.309722 0.019792 0.026389
16 0.445833 0.309722 0.014583 0.029167
16 0.432031 0.310764 0.015104 0.029861
16 0.419271 0.311806 0.016667 0.027778
16 0.406250 0.313194 0.018750 0.027778
16 0.406250 0.339931 0.016667 0.029861
16 0.457292 0.339583 0.016667 0.026389
21 0.503906 0.354514 0.222396 0.097917
28 0.520833 0.111111 0.082292 0.104167
26 0.632292 0.084375 0.155208 0.168750
12 0.844271 0.165278 0.091667 0.127778
13 0.940104 0.261806 0.079167 0.126389
13 0.907813 0.300347 0.079167 0.135417
10 0.849219 0.307986 0.125521 0.167361
4 0.967448 0.474653 0.036979 0.207639
2 0.822135 0.504861 0.036979 0.248611
5 0.941667 0.471181 0.056250 0.225694
3 0.726823 0.498611 0.169271 0.159722
11 0.716667 0.354514 0.154167 0.161806
1 0.557031 0.562847 0.194271 0.257639
0 0.370312 0.543750 0.197917 0.241667
31 0.466406 0.479514 0.033854 0.027083
