34 0.111458 0.182292 0.025000 0.075694
24 0.196615 0.207292 0.086979 0.124306
22 0.281510 0.198264 0.091146 0.128472
17 0.305729 0.111111 0.041667 0.045833
29 0.384115 0.063542 0.128646 0.059028
30 0.386458 0.198611 0.067708 0.066667
28 0.638542 0.174653 0.065625 0.088194
33 0.482031 0.161458 0.018229 0.038194
27 0.504948 0.129861 0.124479 0.259722
19 0.469010 0.282639 0.044271 0.091667
19 0.432552 0.323958 0.045312 0.090972
14 0.424479 0.265972 0.056250 0.161111
14 0.472396 0.226736 0.050000 0.159028
1 0.589844 0.213194 0.245312 0.270833
26 0.740104 0.178472 0.144792 0.190278
12 0.897917 0.302431 0.079167 0.124306
13 0.969271 0.407639 0.061458 0.113889
13 0.944010 0.436806 0.060937 0.126389
10 0.895052 0.437153 0.104688 0.153472
11 0.826302 0.436458 0.049479 0.088194
2 0.868229 0.517361 0.018750 0.041667
4 0.980729 0.604167 0.032292 0.186111
13 0.951042 0.597917 0.043750 0.206944
0 0.448177 0.590278 0.184896 0.226389
32 0.532031 0.538889 0.028646 0.034722
16 0.672656 0.423958 0.016146 0.022917
16 0.640104 0.391667 0.018750 0.023611
16 0.668229 0.387847 0.008333 0.015972
16 0.593750 0.362500 0.014583 0.027778
16 0.582031 0.359722 0.018229 0.025000
16 0.559115 0.353819 0.014063 0.027083
16 0.546875 0.351736 0.015625 0.028472
16 0.533854 0.350000 0.018750 0.025000
16 0.521094 0.348264 0.019271 0.025694
16 0.568750 0.386111 0.015625 0.025000
16 0.519531 0.374306 0.016146 0.029167
21 0.596615 0.411458 0.199479 0.121528
