14 0.400781 0.439815 0.034896 0.061111
19 0.413021 0.454167 0.023958 0.049074
1 0.474219 0.512500 0.130729 0.200926
3 0.629427 0.685185 0.080729 0.179630
2 0.705990 0.644907 0.041146 0.212037
5 0.833854 0.626852 0.067708 0.233333
4 0.880729 0.625463 0.069792 0.225000
11 0.642448 0.532870 0.096354 0.119444
10 0.756771 0.481019 0.110417 0.136111
13 0.832552 0.447222 0.098437 0.140741
13 0.904167 0.373611 0.105208 0.152778
12 0.809635 0.263889 0.104688 0.146296
26 0.601823 0.258333 0.114062 0.201852
28 0.526042 0.262500 0.060417 0.112037
16 0.435417 0.271759 0.013542 0.017593
27 0.424219 0.251389 0.126562 0.299074
29 0.318750 0.151852 0.119792 0.053704
17 0.266146 0.241204 0.043750 0.054630
22 0.276302 0.371759 0.071354 0.147222
30 0.353646 0.361111 0.050000 0.061111
24 0.209115 0.388426 0.072396 0.147222
34 0.107552 0.352315 0.064062 0.108333
14 0.384635 0.490278 0.043229 0.060185
33 0.409115 0.447222 0.007812 0.020370
19 0.399479 0.497685 0.032292 0.049074
16 0.456510 0.544907 0.014063 0.019444
16 0.553385 0.555556 0.008854 0.022222
16 0.536979 0.528241 0.012500 0.019444
16 0.553125 0.500926 0.008333 0.022222
16 0.560937 0.505556 0.009375 0.016667
16 0.568490 0.501389 0.010937 0.017593
21 0.511198 0.528704 0.128646 0.072222
0 0.436979 0.680093 0.075000 0.165741
