24 0.048177 0.249653 0.058854 0.145139
23 0.117188 0.179167 0.068750 0.145833
29 0.184635 0.030556 0.115104 0.061111
17 0.326562 0.014236 0.031250 0.028472
14 0.227344 0.178819 0.097396 0.143750
14 0.263281 0.121528 0.085938 0.152778
19 0.258333 0.227778 0.065625 0.100000
19 0.289323 0.171875 0.060937 0.099306
27 0.318750 0.064583 0.164583 0.129167
16 0.382552 0.096181 0.017188 0.021528
16 0.395833 0.093750 0.014583 0.022222
16 0.407031 0.092014 0.011979 0.022917
16 0.419010 0.090625 0.013021 0.022917
16 0.441406 0.087500 0.015104 0.022222
16 0.455208 0.085417 0.012500 0.020833
16 0.383594 0.118056 0.020313 0.018056
16 0.409115 0.122917 0.017188 0.023611
31 0.455729 0.104861 0.017708 0.023611
21 0.476042 0.131597 0.208333 0.096528
17 0.467969 0.300694 0.082812 0.026389
17 0.470573 0.327431 0.078646 0.024306
17 0.472656 0.350694 0.079687 0.025000
17 0.470573 0.270833 0.073438 0.023611
9 0.476562 0.290278 0.105208 0.063889
5 0.482292 0.143403 0.155208 0.286806
11 0.761198 0.044097 0.110937 0.088194
10 0.871615 0.143056 0.120313 0.143056
13 0.929167 0.148611 0.070833 0.122222
17 0.761719 0.119444 0.052604 0.062500
2 0.920573 0.299653 0.057813 0.199306
3 0.897135 0.292014 0.083854 0.200694
13 0.685677 0.232639 0.120313 0.247222
22 0.470833 0.323611 0.098958 0.129167
0 0.339844 0.354167 0.205729 0.355556
1 0.599479 0.134722 0.338542 0.269444
