16 0.425781 0.431597 0.019271 0.011806
0 0.369792 0.534028 0.152083 0.270833
16 0.350521 0.365278 0.018750 0.023611
16 0.353125 0.314931 0.019792 0.022917
16 0.367448 0.313542 0.018229 0.024306
16 0.381771 0.313194 0.016667 0.029167
16 0.394531 0.312500 0.014063 0.027778
16 0.419271 0.311458 0.018750 0.022917
16 0.434896 0.309722 0.014583 0.026389
16 0.449219 0.311458 0.016146 0.025694
16 0.505208 0.339583 0.014583 0.026389
16 0.526823 0.307639 0.016146 0.025000
16 0.540104 0.311806 0.017708 0.025000
16 0.553125 0.309028 0.019792 0.025000
21 0.454167 0.360069 0.231250 0.104861
32 0.590365 0.393056 0.032813 0.033333
3 0.610417 0.482639 0.076042 0.075000
1 0.676823 0.495139 0.172396 0.290278
2 0.767188 0.497917 0.038542 0.252778
5 0.897135 0.468056 0.055729 0.223611
4 0.922135 0.470486 0.035937 0.207639
11 0.674479 0.354167 0.155208 0.168056
10 0.801823 0.302083 0.123438 0.170833
13 0.863021 0.296181 0.077083 0.135417
13 0.895312 0.256597 0.078125 0.124306
12 0.800000 0.160069 0.091667 0.128472
26 0.573177 0.085069 0.159896 0.170139
28 0.467448 0.105208 0.086979 0.107639
16 0.320833 0.112153 0.018750 0.054861
14 0.265625 0.215972 0.081250 0.158333
14 0.228125 0.270486 0.092708 0.152083
19 0.289583 0.269792 0.058333 0.099306
19 0.255729 0.322917 0.065625 0.098611
30 0.210156 0.204514 0.070312 0.067361
17 0.131771 0.142014 0.038542 0.036806
29 0.207813 0.063889 0.130208 0.066667
22 0.113281 0.239931 0.084896 0.154861
24 0.041406 0.277083 0.071354 0.144444
27 0.322656 0.114931 0.179688 0.229861
