0 0.357552 0.470139 0.142187 0.325000
16 0.403646 0.326736 0.045833 0.102083
18 0.339844 0.286458 0.080729 0.086806
17 0.509896 0.304861 0.091667 0.023611
17 0.503125 0.263194 0.096875 0.023611
17 0.503385 0.236806 0.100521 0.022222
17 0.501302 0.211111 0.099479 0.022222
17 0.498437 0.185764 0.098958 0.020139
17 0.495573 0.160764 0.097396 0.020139
22 0.502344 0.245833 0.121354 0.195833
8 0.533333 0.289931 0.018750 0.025694
4 0.655990 0.145139 0.244271 0.290278
1 0.725781 0.200694 0.269271 0.401389
3 0.919010 0.279861 0.066146 0.218056
2 0.940365 0.291319 0.042188 0.209028
13 0.962500 0.136806 0.057292 0.129167
10 0.911458 0.121528 0.113542 0.154167
16 0.391667 0.005903 0.018750 0.011806
16 0.423177 0.011111 0.017188 0.020833
31 0.480990 0.007986 0.014063 0.015972
21 0.493750 0.040972 0.235417 0.081944
30 0.348958 0.148264 0.098958 0.117361
19 0.238281 0.116319 0.077604 0.121528
14 0.203125 0.071181 0.114583 0.142361
19 0.278125 0.056597 0.069792 0.113194
14 0.270052 0.042014 0.056771 0.084028
22 0.070573 0.070139 0.081771 0.140278
24 0.012500 0.123958 0.025000 0.139583
