0 0.537500 0.279514 0.101042 0.160417
12 0.551823 0.274306 0.120313 0.120833
4 0.570573 0.410764 0.140104 0.252083
1 0.617448 0.443403 0.144271 0.240972
18 0.252604 0.478125 0.060417 0.067361
17 0.333854 0.458333 0.009375 0.011111
17 0.341667 0.437500 0.026042 0.016667
17 0.352604 0.414931 0.046875 0.020139
17 0.361979 0.393403 0.066667 0.022917
17 0.366406 0.373611 0.075521 0.023611
22 0.367708 0.414583 0.079167 0.113889
30 0.262760 0.372222 0.074479 0.091667
19 0.184896 0.349306 0.063542 0.090278
14 0.156510 0.306944 0.090104 0.127778
14 0.190365 0.256250 0.080729 0.134722
19 0.214844 0.299306 0.059896 0.090278
23 0.076042 0.286111 0.061458 0.129167
24 0.023438 0.340278 0.046875 0.126389
29 0.151042 0.142361 0.107292 0.072222
17 0.260156 0.135764 0.046354 0.071528
27 0.241927 0.130556 0.169271 0.261111
16 0.259635 0.091667 0.011979 0.018056
28 0.366146 0.138889 0.078125 0.097222
16 0.295052 0.255556 0.018229 0.016667
16 0.315104 0.262500 0.014583 0.020833
16 0.297396 0.236458 0.015625 0.021528
16 0.309375 0.234375 0.014583 0.022917
16 0.318490 0.232639 0.011979 0.025000
16 0.329427 0.230903 0.011979 0.022917
16 0.349219 0.228819 0.013021 0.022917
16 0.360938 0.227431 0.012500 0.022917
31 0.359115 0.247569 0.016146 0.027083
16 0.380469 0.268750 0.013021 0.020833
16 0.382031 0.227431 0.018229 0.021528
16 0.435417 0.221528 0.012500 0.023611
16 0.446875 0.221875 0.012500 0.022917
16 0.458073 0.221528 0.017188 0.023611
21 0.379427 0.267361 0.190104 0.088889
26 0.477344 0.084722 0.139063 0.169444
11 0.669792 0.139236 0.108333 0.132639
13 0.661719 0.243403 0.106771 0.122917
10 0.778646 0.253472 0.119792 0.136111
13 0.844271 0.252778 0.075000 0.118056
3 0.805469 0.398958 0.090104 0.196528
2 0.831771 0.403819 0.061458 0.196528
5 0.666667 0.444792 0.079167 0.245139
