1 0.316146 0.189352 0.065625 0.152778
27 0.407292 0.169907 0.089583 0.221296
4 0.502083 0.875463 0.189583 0.143519
5 0.469010 0.821759 0.178646 0.226852
13 0.669271 0.701852 0.086458 0.183333
13 0.565365 0.637963 0.081771 0.172222
2 0.369010 0.592593 0.141146 0.129630
3 0.311458 0.540741 0.076042 0.201852
10 0.485156 0.539352 0.077604 0.189815
11 0.398438 0.461111 0.091667 0.172222
12 0.629167 0.506481 0.086458 0.157407
16 0.374479 0.367593 0.008333 0.016667
16 0.369271 0.362037 0.008333 0.016667
16 0.367708 0.354167 0.010417 0.012037
16 0.349479 0.351852 0.009375 0.012963
16 0.336719 0.343981 0.008854 0.010185
16 0.345313 0.313889 0.008333 0.012963
16 0.341667 0.308333 0.007292 0.012963
16 0.336719 0.299537 0.010937 0.010185
16 0.334375 0.293981 0.011458 0.010185
16 0.331510 0.288426 0.010937 0.008333
16 0.328385 0.282870 0.010937 0.008333
21 0.347396 0.356019 0.068750 0.130556
19 0.339844 0.249537 0.023438 0.065741
14 0.334896 0.250000 0.012500 0.038889
26 0.479948 0.276389 0.079687 0.171296
28 0.440885 0.262037 0.020313 0.068519
16 0.403646 0.170370 0.007292 0.012963
30 0.354687 0.200926 0.027083 0.055556
17 0.366927 0.137037 0.005729 0.038889
29 0.413542 0.137500 0.040625 0.065741
34 0.288281 0.097222 0.023438 0.046296
24 0.291667 0.142130 0.043750 0.063889
22 0.345573 0.152778 0.021354 0.048148
0 0.232813 0.309722 0.077083 0.091667
