2 0.308854 0.492593 0.101042 0.107407
4 0.284635 0.539352 0.081771 0.160185
5 0.245833 0.589815 0.100000 0.196296
13 0.388542 0.611111 0.107292 0.185185
13 0.472135 0.643056 0.101562 0.191667
12 0.596615 0.593519 0.108854 0.179630
22 0.384635 0.477778 0.092188 0.131481
24 0.474219 0.495370 0.086979 0.133333
3 0.443229 0.283796 0.089583 0.095370
11 0.469531 0.332407 0.085938 0.151852
10 0.544792 0.353704 0.080208 0.164815
16 0.525521 0.249537 0.009375 0.013889
16 0.529167 0.238426 0.009375 0.013889
16 0.536719 0.228241 0.007812 0.013889
16 0.550000 0.195833 0.009375 0.010185
16 0.555208 0.185648 0.008333 0.012037
16 0.508333 0.229167 0.009375 0.012037
16 0.523698 0.195370 0.005729 0.020370
16 0.539062 0.178241 0.010417 0.010185
21 0.530990 0.225000 0.069271 0.118519
19 0.511719 0.179167 0.020313 0.071296
19 0.601823 0.204167 0.024479 0.078704
14 0.515625 0.138889 0.022917 0.116667
14 0.606250 0.178241 0.022917 0.097222
29 0.671354 0.077778 0.032292 0.072222
30 0.647396 0.156019 0.030208 0.056481
16 0.707292 0.196296 0.012500 0.014815
27 0.722396 0.214815 0.155208 0.211111
17 0.711719 0.379630 0.018229 0.068519
26 0.641927 0.370370 0.102604 0.231481
1 0.480729 0.131944 0.075000 0.100926
0 0.518750 0.125926 0.012500 0.035185
34 0.750260 0.044907 0.013021 0.041667
16 0.528646 0.188426 0.009375 0.017593
