7 0.618750 0.273611 0.069792 0.068056
3 0.817187 0.132639 0.365625 0.265278
11 0.871875 0.201042 0.126042 0.181250
21 0.556510 0.252083 0.348438 0.202778
1 0.953646 0.207986 0.092708 0.415972
19 0.396094 0.038194 0.081771 0.076389
29 0.012760 0.203472 0.025521 0.073611
0 0.407031 0.336111 0.250521 0.391667
16 0.521615 0.298958 0.032813 0.047917
30 0.145052 0.070486 0.102604 0.140972
16 0.617448 0.170486 0.025521 0.052083
16 0.705469 0.160417 0.023438 0.047222
16 0.681250 0.282292 0.026042 0.049306
16 0.663542 0.160764 0.029167 0.050694
16 0.473698 0.195139 0.041146 0.031944
31 0.589583 0.294097 0.030208 0.046528
