29 0.390885 0.758796 0.100521 0.230556
30 0.476042 0.538426 0.046875 0.089815
27 0.449219 0.362500 0.084896 0.145370
19 0.526302 0.445370 0.027604 0.087037
14 0.529427 0.416667 0.022396 0.109259
16 0.610677 0.482870 0.007812 0.017593
16 0.598177 0.472222 0.011979 0.012963
16 0.598958 0.462963 0.012500 0.012963
16 0.583594 0.464352 0.011979 0.013889
21 0.596615 0.481944 0.043229 0.067593
28 0.506771 0.320833 0.045833 0.078704
26 0.490104 0.222222 0.070833 0.155556
12 0.542969 0.217130 0.054688 0.075000
14 0.565365 0.274537 0.022396 0.037963
0 0.566406 0.313889 0.044271 0.066667
10 0.624740 0.308796 0.059896 0.104630
11 0.625521 0.257870 0.065625 0.082407
13 0.599740 0.203704 0.044271 0.070370
13 0.644010 0.206019 0.049479 0.054630
22 0.680990 0.258333 0.051562 0.066667
3 0.692448 0.345370 0.088021 0.042593
4 0.703385 0.231019 0.042188 0.041667
5 0.717448 0.214352 0.042188 0.034259
6 0.716406 0.286574 0.016146 0.063889
2 0.748437 0.135648 0.059375 0.245370
1 0.760417 0.091204 0.059375 0.182407
