4 0.726302 0.236574 0.089063 0.060185
5 0.728906 0.225000 0.086979 0.066667
1 0.692448 0.362037 0.093229 0.072222
29 0.390104 0.758333 0.100000 0.229630
30 0.476042 0.537963 0.045833 0.087037
14 0.540625 0.391667 0.022917 0.107407
19 0.537240 0.419444 0.026562 0.085185
16 0.609896 0.469907 0.009375 0.012037
16 0.611198 0.460648 0.009896 0.010185
16 0.613021 0.452778 0.009375 0.011111
16 0.615104 0.446296 0.011458 0.011111
16 0.588542 0.457407 0.008333 0.012963
16 0.592969 0.443981 0.009896 0.012037
16 0.594792 0.436574 0.011458 0.012037
16 0.599219 0.424537 0.010937 0.012037
16 0.611458 0.387037 0.009375 0.011111
16 0.614844 0.375926 0.010937 0.011111
16 0.618750 0.366204 0.011458 0.012037
21 0.613802 0.439815 0.065104 0.137037
14 0.673177 0.375000 0.027604 0.066667
19 0.658594 0.481481 0.026562 0.031481
31 0.657292 0.364352 0.008333 0.030556
11 0.629427 0.318519 0.064062 0.112963
22 0.673698 0.255556 0.061979 0.064815
2 0.728385 0.249074 0.090104 0.055556
13 0.644792 0.207870 0.047917 0.071296
13 0.600000 0.203704 0.043750 0.070370
24 0.616406 0.256019 0.045312 0.056481
10 0.568490 0.289352 0.056771 0.115741
12 0.562760 0.213426 0.016146 0.056481
26 0.527344 0.231019 0.069271 0.154630
28 0.506250 0.320370 0.045833 0.079630
16 0.435417 0.344444 0.013542 0.042593
27 0.430469 0.324074 0.122396 0.224074
3 0.708073 0.327315 0.017188 0.023148
0 0.681250 0.437963 0.086458 0.137037
17 0.454167 0.309722 0.006250 0.026852
