29 0.613802 0.642130 0.116146 0.150926
30 0.488802 0.507870 0.050521 0.082407
19 0.449479 0.418056 0.027083 0.082407
14 0.445052 0.385185 0.024479 0.096296
17 0.262760 0.470370 0.041146 0.031481
27 0.336719 0.477315 0.105729 0.173148
28 0.314583 0.391204 0.055208 0.071296
13 0.258073 0.246759 0.056771 0.080556
13 0.299219 0.219907 0.046354 0.076852
26 0.227865 0.337963 0.097396 0.187037
11 0.339583 0.259259 0.053125 0.101852
10 0.387240 0.278704 0.058854 0.111111
22 0.351562 0.217130 0.055208 0.047222
4 0.364844 0.186111 0.076563 0.040741
5 0.359375 0.169444 0.077083 0.046296
3 0.422917 0.241667 0.016667 0.053704
19 0.395573 0.348611 0.024479 0.030556
14 0.387500 0.294907 0.021875 0.106481
0 0.411719 0.300463 0.073438 0.073148
16 0.503125 0.355556 0.007292 0.020370
16 0.494531 0.361574 0.008854 0.013889
16 0.490104 0.357407 0.008333 0.012963
16 0.484115 0.372222 0.007812 0.011111
16 0.443229 0.324537 0.006250 0.010185
16 0.437240 0.328704 0.006771 0.011111
21 0.466927 0.360648 0.088021 0.089815
24 0.512760 0.345833 0.040104 0.025000
6 0.462500 0.167130 0.015625 0.060185
2 0.446615 0.090278 0.028646 0.119444
1 0.431771 0.042130 0.041667 0.084259
34 0.692448 0.923148 0.060937 0.077778
