28 0.602344 0.205556 0.088021 0.108333
34 0.037500 0.366667 0.058333 0.043056
29 0.122396 0.446181 0.116667 0.074306
30 0.290625 0.377778 0.071875 0.087500
16 0.437760 0.125000 0.018229 0.018056
17 0.562500 0.131250 0.046875 0.040278
27 0.429688 0.141319 0.176042 0.282639
14 0.450260 0.334375 0.043229 0.110417
14 0.580990 0.268750 0.041146 0.116667
19 0.459375 0.372569 0.047917 0.089583
19 0.571094 0.304514 0.045312 0.090972
26 0.721354 0.127431 0.142708 0.211806
12 0.810677 0.168750 0.095312 0.120833
13 0.908333 0.258681 0.096875 0.097917
13 0.952604 0.351042 0.088542 0.106250
4 0.992969 0.493056 0.014063 0.097222
2 0.982031 0.554167 0.035937 0.193056
22 0.933333 0.461806 0.080208 0.147222
24 0.860417 0.340278 0.097917 0.091667
10 0.744010 0.300694 0.144271 0.148611
11 0.790625 0.475000 0.158333 0.161111
31 0.580729 0.642361 0.037500 0.076389
16 0.452604 0.519444 0.022917 0.022222
16 0.477604 0.511806 0.021875 0.022222
16 0.492448 0.506597 0.015104 0.029861
16 0.561719 0.493403 0.015104 0.024306
16 0.600521 0.482292 0.014583 0.028472
16 0.627344 0.476736 0.016146 0.028472
16 0.652083 0.472569 0.013542 0.028472
16 0.451562 0.576389 0.023958 0.025000
16 0.467187 0.567014 0.021875 0.028472
16 0.483854 0.563194 0.011458 0.022222
21 0.555469 0.539931 0.238021 0.142361
0 0.505729 0.604514 0.171875 0.284028
1 0.676823 0.643056 0.242188 0.202778
