0 0.457031 0.677431 0.238021 0.257639
16 0.588281 0.601736 0.039062 0.040972
1 0.708594 0.594444 0.279687 0.227778
24 0.639323 0.784375 0.132812 0.118750
25 0.770573 0.785764 0.120313 0.139583
16 0.571875 0.643403 0.018750 0.022917
16 0.612500 0.589583 0.017708 0.030556
16 0.647917 0.617014 0.015625 0.014583
21 0.655990 0.632292 0.203646 0.106250
10 0.835938 0.545833 0.132292 0.138889
11 0.929948 0.587500 0.107813 0.151389
22 0.979427 0.670833 0.041146 0.147222
13 0.989062 0.569444 0.021875 0.088889
13 0.976823 0.477778 0.046354 0.094444
12 0.920312 0.375694 0.084375 0.126389
14 0.732292 0.427083 0.061458 0.102778
19 0.716146 0.453819 0.058333 0.082639
28 0.745833 0.360764 0.081250 0.100694
26 0.833854 0.268403 0.130208 0.188194
17 0.717448 0.281597 0.043229 0.025694
16 0.632031 0.238194 0.016146 0.018056
27 0.630208 0.244097 0.137500 0.277083
19 0.568229 0.464236 0.046875 0.086806
14 0.578906 0.434028 0.046354 0.104167
30 0.447656 0.429167 0.068229 0.070833
29 0.265625 0.424653 0.132292 0.059028
34 0.194531 0.332986 0.023438 0.017361
