29 0.613802 0.643056 0.115104 0.150926
30 0.488802 0.508333 0.049479 0.081481
16 0.332813 0.461574 0.014583 0.047222
27 0.305469 0.467593 0.170313 0.196296
28 0.316146 0.395370 0.058333 0.081481
26 0.266927 0.299074 0.089063 0.181481
12 0.223177 0.311111 0.052604 0.092593
13 0.247396 0.226389 0.041667 0.037963
13 0.294010 0.212963 0.047396 0.072222
24 0.313802 0.254630 0.035937 0.035185
10 0.336458 0.314352 0.064583 0.121296
11 0.389323 0.279167 0.069271 0.106481
22 0.349479 0.222222 0.056250 0.059259
2 0.371615 0.186574 0.070312 0.036111
4 0.360677 0.185185 0.078646 0.038889
5 0.346875 0.170833 0.084375 0.037963
3 0.430990 0.257407 0.032813 0.066667
31 0.460677 0.273148 0.009896 0.038889
1 0.465885 0.251852 0.047396 0.090741
14 0.495052 0.275463 0.024479 0.108333
19 0.500000 0.314352 0.022917 0.060185
16 0.498698 0.347222 0.006771 0.014815
16 0.489583 0.342593 0.006250 0.014815
16 0.482552 0.339815 0.007812 0.012963
16 0.483073 0.331019 0.007812 0.012037
16 0.462500 0.312963 0.009375 0.011111
16 0.430729 0.313889 0.006250 0.011111
16 0.424740 0.308333 0.008854 0.012963
16 0.461198 0.344444 0.006771 0.009259
16 0.469271 0.352315 0.006250 0.010185
16 0.473177 0.356944 0.005729 0.012037
16 0.482552 0.366204 0.007812 0.008333
21 0.463542 0.346759 0.088542 0.102778
0 0.520052 0.281019 0.072396 0.067593
14 0.428125 0.371759 0.023958 0.104630
19 0.433333 0.399537 0.027083 0.078704
34 0.693229 0.924074 0.059375 0.079630
16 0.438802 0.321759 0.006771 0.010185
