29 0.115104 0.590278 0.100000 0.063889
30 0.256771 0.531250 0.062500 0.076389
16 0.384635 0.273958 0.017188 0.015972
16 0.408594 0.617708 0.015104 0.027083
16 0.533594 0.589236 0.011979 0.021528
16 0.555729 0.582986 0.020833 0.021528
21 0.490104 0.629861 0.186458 0.101389
27 0.394010 0.279514 0.131771 0.274306
17 0.498177 0.267014 0.043229 0.040972
28 0.532292 0.337847 0.081250 0.103472
26 0.624740 0.277431 0.142187 0.211806
2 0.719531 0.103472 0.132812 0.206944
1 0.773958 0.133333 0.137500 0.266667
12 0.738802 0.257639 0.091146 0.109722
11 0.753385 0.488194 0.082812 0.148611
10 0.665104 0.510069 0.144792 0.172917
4 0.968490 0.617361 0.055729 0.238889
3 0.727865 0.698264 0.124479 0.222917
14 0.377344 0.468403 0.057813 0.100694
14 0.481250 0.452083 0.044792 0.101389
19 0.391146 0.496181 0.053125 0.082639
19 0.490885 0.487153 0.044271 0.079861
0 0.507812 0.594097 0.201042 0.250694
24 0.482812 0.798264 0.139583 0.142361
25 0.615365 0.764236 0.136979 0.134028
34 0.055208 0.529861 0.020833 0.018056
5 0.990104 0.587847 0.019792 0.175694
13 0.923958 0.409375 0.043750 0.088194
