34 0.074740 0.508333 0.020313 0.016667
29 0.134375 0.570486 0.104167 0.064583
30 0.280990 0.512847 0.065104 0.078472
14 0.360677 0.452083 0.041146 0.051389
27 0.427344 0.314236 0.125521 0.174306
17 0.528646 0.253472 0.042708 0.040278
28 0.564063 0.324653 0.082292 0.104861
26 0.628125 0.194097 0.128125 0.199306
0 0.496094 0.437153 0.122396 0.152083
19 0.539583 0.442708 0.052083 0.092361
14 0.529427 0.403472 0.049479 0.119444
12 0.771615 0.251736 0.094271 0.113194
13 0.877604 0.324653 0.101042 0.102083
13 0.924479 0.412847 0.105208 0.103472
4 0.978646 0.510417 0.016667 0.022222
22 0.907552 0.525694 0.077604 0.147222
11 0.809375 0.453819 0.139583 0.143750
10 0.700781 0.514236 0.150521 0.164583
3 0.769531 0.654167 0.129688 0.140278
2 0.847396 0.681944 0.228125 0.130556
6 0.713021 0.742014 0.082292 0.039583
25 0.684375 0.757986 0.132292 0.121528
24 0.511198 0.792708 0.147396 0.149306
31 0.486198 0.592014 0.016146 0.028472
16 0.587760 0.573264 0.019271 0.024306
16 0.563281 0.577778 0.017188 0.027778
16 0.536719 0.586111 0.020313 0.025000
16 0.515625 0.622569 0.017708 0.022917
16 0.436719 0.607292 0.016146 0.018750
16 0.477344 0.632292 0.023438 0.022917
16 0.453385 0.669444 0.016146 0.027778
16 0.425781 0.638542 0.011979 0.022917
21 0.504167 0.635069 0.221875 0.131250
1 0.958854 0.652431 0.082292 0.311806
