11 0.933333 0.486111 0.133333 0.200000
28 0.836979 0.152431 0.102083 0.131250
3 0.919792 0.679514 0.147917 0.153472
21 0.710417 0.469444 0.248958 0.170833
1 0.857292 0.557639 0.185417 0.273611
19 0.659115 0.252431 0.064062 0.109028
10 0.933333 0.283333 0.133333 0.200000
14 0.822917 0.194097 0.080208 0.127083
29 0.263802 0.201042 0.136979 0.057639
0 0.666406 0.505208 0.168229 0.261806
26 0.947656 0.132639 0.104688 0.206944
17 0.805469 0.053125 0.053646 0.020139
27 0.679427 0.077778 0.155729 0.155556
19 0.801823 0.232639 0.073438 0.101389
30 0.464062 0.194097 0.089583 0.077083
14 0.678385 0.215278 0.055729 0.134722
16 0.691146 0.404167 0.019792 0.013889
16 0.617448 0.387847 0.027604 0.025694
16 0.729948 0.506250 0.020313 0.023611
16 0.660677 0.397569 0.022396 0.029861
32 0.775000 0.492708 0.034375 0.031250
16 0.779167 0.438194 0.019792 0.030556
34 0.196875 0.117014 0.025000 0.018750
