0 0.472396 0.329514 0.158333 0.331250
11 0.751563 0.429167 0.167708 0.170833
13 0.953385 0.305903 0.093229 0.118750
24 0.842187 0.294444 0.113542 0.097222
28 0.561198 0.166667 0.086979 0.108333
3 0.725000 0.582292 0.157292 0.117361
21 0.535156 0.473264 0.155729 0.121528
1 0.754948 0.659375 0.157812 0.254861
12 0.792188 0.115972 0.101042 0.126389
19 0.397396 0.331944 0.038542 0.091667
10 0.704427 0.253819 0.143229 0.154861
14 0.505469 0.241319 0.041146 0.121528
29 0.119531 0.417708 0.099479 0.070139
13 0.903385 0.206250 0.107813 0.102778
26 0.676302 0.090625 0.141146 0.179861
16 0.384896 0.106597 0.013542 0.018750
17 0.529948 0.095139 0.047396 0.038889
27 0.391406 0.126736 0.173437 0.253472
19 0.512760 0.276736 0.042188 0.092361
30 0.262500 0.349306 0.064583 0.081944
14 0.390104 0.296181 0.053125 0.100694
16 0.557813 0.420486 0.015625 0.029861
16 0.583333 0.413889 0.015625 0.029167
16 0.529948 0.426389 0.016146 0.029167
31 0.526563 0.500000 0.017708 0.026389
22 0.924740 0.424653 0.089063 0.163194
34 0.052865 0.350347 0.050521 0.040972
16 0.569792 0.487500 0.015625 0.026389
2 0.979688 0.525347 0.040625 0.209028
