5 0.233594 0.572685 0.103646 0.184259
4 0.289844 0.525463 0.084896 0.152778
22 0.388281 0.469907 0.089063 0.130556
13 0.398958 0.581944 0.105208 0.180556
13 0.471875 0.641667 0.102083 0.192593
11 0.472917 0.424074 0.100000 0.172222
12 0.596875 0.593056 0.110417 0.180556
26 0.691146 0.386111 0.116667 0.227778
28 0.632812 0.340278 0.041667 0.099074
27 0.696094 0.239815 0.096354 0.127778
34 0.735938 0.042593 0.014583 0.040741
29 0.671094 0.078241 0.032813 0.073148
30 0.646615 0.156019 0.031771 0.058333
19 0.612760 0.186574 0.026562 0.076852
19 0.578125 0.223148 0.026042 0.087037
14 0.586198 0.187037 0.026562 0.114815
14 0.618490 0.162963 0.021354 0.100000
31 0.551562 0.202315 0.010417 0.019444
16 0.550000 0.161111 0.009375 0.016667
16 0.560417 0.157870 0.009375 0.025000
16 0.555729 0.172222 0.006250 0.009259
16 0.558333 0.168056 0.009375 0.010185
16 0.561458 0.181481 0.008333 0.009259
16 0.566146 0.176389 0.010417 0.013889
16 0.539323 0.178241 0.009896 0.015741
16 0.543490 0.193056 0.006771 0.015741
16 0.534635 0.206481 0.009896 0.011111
16 0.539583 0.219907 0.007292 0.013889
16 0.533333 0.235185 0.010417 0.012963
21 0.541667 0.198611 0.063542 0.106481
24 0.495312 0.194907 0.059375 0.076852
25 0.450521 0.262037 0.069792 0.083333
10 0.505208 0.295833 0.076042 0.145370
3 0.418229 0.318981 0.106250 0.052778
0 0.583073 0.168519 0.045312 0.124074
1 0.389323 0.048148 0.069271 0.096296
2 0.430729 0.068981 0.034375 0.102778
6 0.448698 0.125463 0.014063 0.034259
