2 0.819271 0.644444 0.042708 0.224074
27 0.440885 0.139352 0.107813 0.278704
4 0.845833 0.632407 0.058333 0.231481
5 0.870052 0.626852 0.072396 0.229630
3 0.631250 0.605556 0.118750 0.094444
11 0.622135 0.484259 0.093229 0.114815
10 0.616927 0.327778 0.086979 0.111111
13 0.814583 0.293056 0.090625 0.104630
12 0.744271 0.164815 0.098958 0.157407
13 0.835938 0.413889 0.095833 0.112963
26 0.643750 0.178704 0.106250 0.194444
28 0.548698 0.226389 0.060937 0.115741
16 0.432031 0.148611 0.013021 0.017593
17 0.534896 0.106019 0.039583 0.050926
30 0.334115 0.367593 0.049479 0.059259
24 0.731250 0.387963 0.080208 0.092593
22 0.769010 0.525463 0.072396 0.145370
29 0.189844 0.392593 0.118229 0.048148
14 0.439844 0.378241 0.024479 0.045370
19 0.446615 0.394907 0.027604 0.047222
14 0.471615 0.631481 0.025521 0.051852
19 0.474740 0.614352 0.026562 0.050926
16 0.452604 0.498611 0.009375 0.021296
16 0.430208 0.500926 0.010417 0.012963
16 0.444792 0.500463 0.008333 0.017593
16 0.501042 0.549537 0.010417 0.021296
16 0.446615 0.542593 0.007812 0.020370
16 0.429427 0.542130 0.011979 0.015741
16 0.461979 0.552315 0.009375 0.023148
16 0.542969 0.495833 0.007812 0.023148
16 0.513802 0.499074 0.011979 0.016667
16 0.529687 0.496296 0.008333 0.022222
21 0.488021 0.524537 0.129167 0.076852
0 0.445573 0.655093 0.077604 0.171296
1 0.547396 0.639815 0.069792 0.172222
34 0.082031 0.279167 0.035937 0.021296
16 0.466667 0.498148 0.008333 0.014815
31 0.520052 0.576852 0.014063 0.016667
