0 0.231771 0.296296 0.045833 0.077778
1 0.270833 0.302778 0.059375 0.155556
14 0.284896 0.282870 0.031250 0.128704
19 0.295573 0.338889 0.026562 0.057407
3 0.329167 0.475926 0.038542 0.164815
11 0.404948 0.446759 0.091146 0.169444
16 0.368490 0.345370 0.011979 0.016667
16 0.361979 0.334259 0.010417 0.014815
16 0.354167 0.322685 0.011458 0.015741
16 0.318750 0.330093 0.006250 0.010185
16 0.310677 0.310648 0.009896 0.010185
16 0.317708 0.313889 0.007292 0.007407
16 0.311979 0.297222 0.010417 0.012963
16 0.318750 0.273148 0.007292 0.018519
16 0.323958 0.278704 0.007292 0.014815
16 0.328906 0.283796 0.009896 0.013889
16 0.333854 0.291667 0.008333 0.012963
21 0.338021 0.336111 0.082292 0.125926
22 0.480990 0.617593 0.102604 0.155556
2 0.439583 0.763426 0.142708 0.200926
4 0.468229 0.815278 0.175000 0.163889
5 0.499219 0.888889 0.184896 0.222222
13 0.586198 0.625000 0.100521 0.181481
13 0.621615 0.526389 0.097396 0.160185
24 0.523177 0.503241 0.085938 0.136111
10 0.462240 0.360185 0.075521 0.157407
12 0.616667 0.393981 0.072917 0.130556
26 0.530990 0.271296 0.081771 0.187037
28 0.478385 0.271296 0.049479 0.087037
16 0.438542 0.142593 0.007292 0.014815
27 0.452344 0.143981 0.086979 0.215741
14 0.364844 0.221296 0.025521 0.096296
19 0.371615 0.245833 0.027604 0.076852
30 0.342187 0.189815 0.031250 0.050000
29 0.297396 0.130093 0.039583 0.067593
34 0.309896 0.061574 0.026042 0.030556
