19 0.653646 0.621528 0.063542 0.045833
21 0.713281 0.509375 0.253646 0.184028
27 0.700260 0.092361 0.152604 0.184722
29 0.275000 0.208333 0.135417 0.056944
30 0.475000 0.209722 0.085417 0.075000
16 0.686719 0.025000 0.032813 0.047222
17 0.823958 0.087153 0.056250 0.020139
28 0.852344 0.190972 0.099479 0.131944
26 0.955729 0.177083 0.088542 0.195833
10 0.939583 0.327778 0.120833 0.200000
11 0.932813 0.533333 0.134375 0.198611
3 0.907031 0.707639 0.123438 0.225000
14 0.687500 0.246528 0.065625 0.130556
19 0.670833 0.283333 0.062500 0.108333
33 0.709896 0.610764 0.069792 0.042361
14 0.681250 0.601389 0.062500 0.113889
16 0.625260 0.421528 0.025521 0.025000
16 0.654427 0.431944 0.017188 0.033333
16 0.670833 0.435069 0.016667 0.032639
16 0.698958 0.445833 0.022917 0.027778
16 0.608594 0.477083 0.023438 0.031944
16 0.631250 0.483333 0.021875 0.031944
16 0.660937 0.494792 0.017708 0.034028
16 0.673177 0.525000 0.018229 0.034722
16 0.719010 0.538542 0.022396 0.029861
16 0.786719 0.481944 0.020313 0.029167
16 0.814323 0.491667 0.016146 0.033333
16 0.837760 0.502778 0.017188 0.033333
0 0.588542 0.677778 0.215625 0.219444
32 0.668229 0.703819 0.030208 0.029861
1 0.769010 0.678472 0.168229 0.297222
