29 0.187500 0.233333 0.131250 0.063889
30 0.379948 0.206597 0.082812 0.078472
27 0.591927 0.071528 0.147396 0.141667
17 0.714323 0.035417 0.052604 0.025000
28 0.747656 0.126042 0.098437 0.124306
26 0.895052 0.092361 0.172396 0.184722
12 0.956250 0.187847 0.087500 0.129861
10 0.859635 0.239583 0.152604 0.187500
24 0.968490 0.373958 0.063021 0.122917
11 0.874219 0.433681 0.159896 0.185417
3 0.865365 0.612153 0.143229 0.204861
33 0.650521 0.542708 0.063542 0.031250
14 0.620313 0.532292 0.071875 0.122917
19 0.591927 0.569792 0.049479 0.074306
16 0.536198 0.378125 0.025521 0.025694
16 0.566406 0.381250 0.019271 0.030556
16 0.582552 0.381944 0.016146 0.031944
16 0.611458 0.387847 0.022917 0.027083
16 0.526042 0.433333 0.022917 0.030556
16 0.546875 0.433333 0.018750 0.038889
16 0.578906 0.440278 0.017188 0.031944
16 0.594271 0.466667 0.017708 0.033333
16 0.671094 0.479167 0.024479 0.022222
16 0.701823 0.405556 0.022396 0.023611
16 0.729427 0.409375 0.017188 0.031250
16 0.755208 0.416319 0.016667 0.031250
21 0.634896 0.445139 0.252083 0.141667
32 0.591406 0.648264 0.035937 0.025694
0 0.517448 0.652083 0.185938 0.261111
1 0.712500 0.624653 0.173958 0.296528
14 0.583854 0.201736 0.050000 0.132639
19 0.571875 0.240972 0.053125 0.105556
16 0.562500 0.020486 0.010417 0.015972
