29 0.121094 0.287847 0.123438 0.078472
34 0.038802 0.209028 0.060937 0.045833
30 0.301823 0.222222 0.075521 0.088889
27 0.487240 0.068750 0.149479 0.137500
17 0.609375 0.009375 0.037500 0.018750
28 0.653906 0.084722 0.096354 0.116667
26 0.794271 0.067361 0.154167 0.133333
12 0.874479 0.097222 0.101042 0.137500
13 0.959635 0.211806 0.079687 0.111111
24 0.912500 0.283681 0.095833 0.114583
13 0.982031 0.316667 0.035937 0.109722
22 0.969271 0.429167 0.061458 0.166667
11 0.830729 0.400694 0.161458 0.184722
10 0.798177 0.208333 0.153646 0.180556
14 0.483333 0.187500 0.048958 0.127778
19 0.487240 0.231944 0.049479 0.100000
16 0.467448 0.383681 0.025521 0.022917
16 0.494531 0.379861 0.022396 0.027778
16 0.510938 0.375694 0.016667 0.031944
16 0.539844 0.375694 0.024479 0.023611
16 0.461719 0.443750 0.024479 0.025000
16 0.482031 0.435069 0.017188 0.028472
16 0.499219 0.438542 0.017188 0.032639
16 0.516146 0.434375 0.016667 0.031250
16 0.630729 0.368056 0.015625 0.031944
16 0.659896 0.366667 0.016667 0.030556
16 0.685156 0.366319 0.017188 0.029861
16 0.669010 0.444097 0.018229 0.029861
21 0.576302 0.424306 0.254688 0.123611
3 0.779427 0.577431 0.193229 0.078472
14 0.558333 0.498611 0.070833 0.122222
19 0.551823 0.544097 0.054688 0.067361
31 0.663021 0.523958 0.043750 0.057639
1 0.723698 0.606250 0.174479 0.279167
0 0.468750 0.615972 0.157292 0.288889
