0 0.403125 0.557639 0.179167 0.233333
19 0.485417 0.533333 0.064583 0.087500
14 0.454948 0.472222 0.084896 0.137500
6 0.467969 0.502431 0.016146 0.035417
2 0.360677 0.246181 0.257812 0.489583
1 0.508854 0.251389 0.494792 0.502778
24 0.623177 0.503472 0.125521 0.140278
16 0.685156 0.269097 0.021354 0.024306
16 0.713021 0.270139 0.017708 0.034722
16 0.738802 0.273264 0.021354 0.031250
21 0.704688 0.305208 0.093750 0.081250
3 0.907292 0.453819 0.134375 0.220139
10 0.852604 0.239583 0.160417 0.193056
11 0.948438 0.250694 0.103125 0.179167
13 0.980208 0.157639 0.039583 0.102778
22 0.992708 0.368056 0.014583 0.118056
19 0.702344 0.131944 0.064062 0.111111
14 0.721615 0.093403 0.064062 0.129861
28 0.711458 0.042708 0.095833 0.085417
26 0.780469 0.014931 0.070312 0.029861
27 0.579948 0.031944 0.094271 0.063889
29 0.178385 0.218750 0.133854 0.086111
34 0.103125 0.166319 0.022917 0.018750
12 0.917708 0.058333 0.097917 0.116667
