14 0.447135 0.593750 0.059896 0.112500
19 0.466667 0.626736 0.058333 0.089583
0 0.439583 0.645833 0.105208 0.183333
24 0.617708 0.626736 0.137500 0.129861
25 0.761719 0.661458 0.135937 0.150694
6 0.754948 0.654514 0.084896 0.027083
2 0.890365 0.620833 0.219271 0.097222
1 0.975260 0.661458 0.049479 0.282639
3 0.832292 0.623264 0.071875 0.210417
22 0.976042 0.524306 0.047917 0.123611
10 0.816406 0.422917 0.146354 0.165278
11 0.912760 0.454167 0.127604 0.163889
13 0.986719 0.435417 0.026562 0.097222
13 0.972396 0.339931 0.055208 0.102083
12 0.905469 0.236458 0.092188 0.127083
26 0.824740 0.194444 0.151562 0.219444
19 0.654948 0.336806 0.056771 0.097222
14 0.667969 0.303819 0.052604 0.113194
28 0.707812 0.218750 0.085417 0.106944
16 0.512760 0.500000 0.016146 0.029167
16 0.515365 0.465625 0.015104 0.031250
16 0.528906 0.465972 0.014063 0.030556
16 0.543229 0.468750 0.017708 0.027778
16 0.517708 0.434028 0.016667 0.027778
16 0.544271 0.437500 0.018750 0.026389
16 0.559375 0.437153 0.016667 0.029861
16 0.599740 0.475000 0.021354 0.023611
31 0.611458 0.440625 0.017708 0.034028
16 0.638281 0.479167 0.017188 0.026389
16 0.661979 0.451042 0.019792 0.024306
16 0.687240 0.451736 0.016146 0.029861
16 0.711458 0.456250 0.019792 0.026389
21 0.609896 0.489583 0.223958 0.116667
16 0.576302 0.097917 0.017188 0.016667
17 0.677865 0.141319 0.045312 0.028472
27 0.578906 0.122917 0.135937 0.245833
30 0.395313 0.306250 0.071875 0.069444
29 0.222917 0.327431 0.122917 0.056250
34 0.160417 0.257986 0.021875 0.017361
