2 0.301042 0.496296 0.092708 0.118519
4 0.286458 0.537500 0.078125 0.162037
3 0.429167 0.309259 0.093750 0.098148
5 0.245052 0.589815 0.100521 0.196296
13 0.388542 0.611111 0.107292 0.185185
13 0.472396 0.642593 0.101042 0.192593
12 0.596615 0.593056 0.108854 0.178704
22 0.384115 0.478241 0.093229 0.132407
24 0.474219 0.497222 0.086979 0.135185
11 0.491146 0.326852 0.083333 0.151852
10 0.560156 0.351852 0.065104 0.164815
26 0.632552 0.362037 0.099479 0.227778
17 0.711458 0.379630 0.018750 0.068519
16 0.711719 0.201389 0.008854 0.019444
27 0.727344 0.227778 0.155729 0.200000
14 0.608594 0.179630 0.022396 0.096296
19 0.603646 0.206019 0.025000 0.076852
30 0.646615 0.156019 0.031771 0.056481
29 0.671615 0.078241 0.032813 0.071296
14 0.506250 0.136574 0.023958 0.104630
19 0.505990 0.179167 0.019271 0.071296
1 0.471354 0.194907 0.081250 0.069444
0 0.507292 0.114352 0.050000 0.076852
16 0.523438 0.249537 0.006250 0.012037
16 0.529687 0.239352 0.007292 0.013889
16 0.551823 0.196296 0.005729 0.011111
16 0.558333 0.187037 0.007292 0.011111
16 0.564844 0.177315 0.006771 0.023148
16 0.541667 0.176852 0.007292 0.011111
16 0.533594 0.183333 0.008854 0.014815
16 0.520052 0.206481 0.008854 0.012963
21 0.533333 0.221759 0.072917 0.112037
31 0.502865 0.172222 0.007812 0.011111
34 0.736458 0.043056 0.014583 0.039815
16 0.535417 0.228241 0.005208 0.013889
16 0.560156 0.180556 0.004687 0.007407
