29 0.146094 0.321181 0.120313 0.075694
30 0.321354 0.259722 0.077083 0.087500
16 0.488021 0.005208 0.015625 0.010417
17 0.627865 0.026389 0.050521 0.034722
27 0.507292 0.078125 0.142708 0.156250
28 0.666406 0.106250 0.096354 0.116667
26 0.806510 0.062847 0.163021 0.125694
12 0.889323 0.110417 0.101562 0.130556
13 0.968490 0.218403 0.063021 0.110417
24 0.929688 0.294792 0.101042 0.113194
22 0.979688 0.436806 0.039583 0.159722
10 0.788021 0.190972 0.154167 0.169444
11 0.822917 0.375347 0.171875 0.174306
3 0.848437 0.542014 0.171875 0.121528
31 0.670833 0.481597 0.039583 0.039583
14 0.497917 0.215278 0.048958 0.130556
19 0.504427 0.255208 0.048438 0.099306
16 0.474479 0.393056 0.020833 0.025000
16 0.506510 0.389583 0.019271 0.029167
16 0.522135 0.386806 0.016146 0.031944
16 0.551042 0.386458 0.023958 0.027083
16 0.641146 0.383333 0.025000 0.023611
16 0.670312 0.380556 0.016667 0.030556
16 0.696875 0.380903 0.016667 0.031250
16 0.472396 0.447569 0.023958 0.028472
16 0.492969 0.444444 0.017188 0.029167
16 0.508073 0.447917 0.015104 0.030556
16 0.523698 0.441667 0.016146 0.026389
16 0.620052 0.457639 0.017188 0.029167
14 0.574740 0.537847 0.060937 0.117361
19 0.564583 0.581597 0.055208 0.064583
1 0.726042 0.586111 0.154167 0.273611
21 0.587760 0.436806 0.250521 0.118056
0 0.507552 0.600347 0.176563 0.313194
