16 0.638802 0.300694 0.020313 0.040278
16 0.605469 0.305556 0.020313 0.038889
11 0.769531 0.347569 0.088021 0.132639
29 0.025260 0.309722 0.050521 0.080556
30 0.165104 0.195139 0.089583 0.122222
14 0.351562 0.106944 0.083333 0.154167
19 0.371354 0.155903 0.080208 0.125694
14 0.539323 0.045139 0.045312 0.090278
19 0.533594 0.061111 0.060937 0.122222
10 0.764323 0.086458 0.172396 0.172917
3 0.786979 0.195139 0.391667 0.390278
1 0.882812 0.244444 0.234375 0.488889
22 0.973437 0.345486 0.053125 0.150694
16 0.363802 0.368056 0.030729 0.026389
16 0.391406 0.356944 0.018229 0.027778
16 0.363021 0.447917 0.032292 0.034722
16 0.382031 0.433681 0.024479 0.036806
16 0.512500 0.325694 0.019792 0.026389
16 0.567448 0.312847 0.020313 0.040972
31 0.548438 0.414583 0.023958 0.041667
7 0.578125 0.396181 0.054167 0.049306
21 0.507292 0.388889 0.317708 0.191667
0 0.469271 0.454861 0.186458 0.276389
