29 0.148177 0.373958 0.122396 0.077083
30 0.324479 0.310069 0.075000 0.085417
16 0.495052 0.044097 0.020313 0.017361
27 0.500000 0.101389 0.136458 0.202778
26 0.768490 0.111458 0.165104 0.222917
28 0.649740 0.148611 0.092188 0.111111
17 0.609115 0.072222 0.046354 0.033333
14 0.486198 0.245486 0.046354 0.122917
14 0.616406 0.250694 0.049479 0.122222
19 0.494531 0.285069 0.047396 0.099306
19 0.602604 0.288542 0.051042 0.096528
16 0.467448 0.424653 0.018229 0.028472
16 0.497135 0.422569 0.021354 0.025694
16 0.513021 0.417361 0.016667 0.029167
16 0.467969 0.459375 0.016146 0.029861
16 0.482031 0.456944 0.015104 0.029167
16 0.498958 0.453125 0.018750 0.029861
16 0.469792 0.496875 0.016667 0.032639
16 0.531250 0.491319 0.016667 0.032639
16 0.559896 0.450000 0.023958 0.022222
16 0.601823 0.446181 0.020313 0.027083
16 0.624219 0.410417 0.020313 0.023611
16 0.652344 0.406250 0.017188 0.029167
16 0.677865 0.405903 0.022396 0.025694
31 0.569792 0.410069 0.016667 0.032639
21 0.575260 0.462847 0.243229 0.120139
12 0.859896 0.133681 0.096875 0.122917
13 0.953125 0.230556 0.093750 0.101389
13 0.971615 0.331597 0.056771 0.113194
11 0.891927 0.362500 0.129688 0.161111
10 0.786458 0.350000 0.161458 0.161111
22 0.968750 0.440972 0.062500 0.162500
2 0.887760 0.569792 0.088021 0.264583
3 0.831250 0.577778 0.108333 0.261111
24 0.583594 0.632986 0.168229 0.146528
25 0.626042 0.602778 0.155208 0.155556
1 0.728385 0.618056 0.204687 0.240278
0 0.419271 0.760069 0.101042 0.207639
34 0.078646 0.311806 0.021875 0.018056
