29 0.175781 0.305208 0.126562 0.064583
30 0.358073 0.269792 0.078646 0.079861
16 0.558594 0.025000 0.019271 0.018056
16 0.495312 0.414931 0.016667 0.029861
16 0.525781 0.418750 0.019271 0.027778
16 0.542708 0.415625 0.016667 0.031250
16 0.492448 0.445833 0.015104 0.022222
16 0.506771 0.443056 0.013542 0.015278
16 0.554167 0.501042 0.016667 0.017361
16 0.630990 0.462153 0.018229 0.028472
16 0.656250 0.429514 0.021875 0.022917
16 0.685677 0.429514 0.015104 0.029861
16 0.711979 0.434722 0.019792 0.027778
31 0.600781 0.410417 0.015104 0.018056
21 0.600000 0.471875 0.242708 0.121528
14 0.546875 0.252778 0.047917 0.125000
14 0.665104 0.261458 0.065625 0.122917
19 0.541146 0.291667 0.046875 0.097222
19 0.649219 0.299653 0.059896 0.099306
27 0.557031 0.094792 0.141146 0.189583
17 0.672396 0.075000 0.050000 0.029167
28 0.707292 0.160764 0.094792 0.117361
26 0.839063 0.136458 0.169792 0.240972
12 0.920052 0.188194 0.096354 0.131944
13 0.979688 0.301736 0.040625 0.106250
10 0.826823 0.390972 0.159896 0.161111
11 0.943229 0.422917 0.098958 0.162500
24 0.585417 0.646528 0.150000 0.136111
25 0.708073 0.648958 0.098437 0.139583
2 0.795573 0.523611 0.390104 0.191667
1 0.871615 0.572222 0.256771 0.359722
0 0.482812 0.557639 0.301042 0.288889
34 0.108594 0.230208 0.023438 0.018750
