21 0.615885 0.439352 0.060937 0.137963
1 0.692708 0.346759 0.085417 0.078704
33 0.666927 0.364352 0.013021 0.041667
14 0.658854 0.410185 0.032292 0.127778
19 0.652604 0.448611 0.034375 0.097222
0 0.683854 0.458796 0.079167 0.123148
16 0.594531 0.459259 0.011979 0.014815
16 0.597656 0.446759 0.011979 0.012037
16 0.598177 0.437963 0.011979 0.012963
16 0.616146 0.472685 0.008333 0.013889
16 0.615625 0.463426 0.011458 0.012037
16 0.614062 0.452315 0.006250 0.015741
16 0.620052 0.446296 0.011979 0.012963
16 0.632031 0.417130 0.007812 0.012037
16 0.611198 0.387500 0.011979 0.012037
16 0.614844 0.374537 0.010937 0.010185
16 0.616927 0.365741 0.011979 0.012963
30 0.475260 0.537963 0.044271 0.087037
19 0.539062 0.421296 0.027083 0.087037
14 0.542969 0.393981 0.025521 0.106481
16 0.440625 0.348148 0.013542 0.040741
27 0.430729 0.332407 0.130208 0.216667
17 0.454167 0.311574 0.007292 0.030556
28 0.507031 0.320833 0.045312 0.080556
26 0.521875 0.227315 0.069792 0.154630
10 0.584896 0.287963 0.059375 0.116667
12 0.559375 0.213426 0.022917 0.063889
13 0.599740 0.203241 0.044271 0.069444
13 0.645052 0.207870 0.048438 0.071296
24 0.620833 0.258333 0.036458 0.061111
11 0.646354 0.312963 0.067708 0.111111
22 0.673698 0.256019 0.061979 0.065741
2 0.725521 0.254167 0.089583 0.043519
4 0.726823 0.235648 0.089063 0.058333
5 0.729167 0.225000 0.086458 0.066667
3 0.685677 0.387500 0.025521 0.032407
29 0.390365 0.758796 0.099479 0.228704
16 0.602344 0.425463 0.007812 0.012037
