5 0.497396 0.888889 0.183333 0.222222
4 0.467187 0.810648 0.177083 0.156481
2 0.439844 0.778704 0.153646 0.185185
13 0.585938 0.625000 0.100000 0.181481
13 0.621615 0.526389 0.097396 0.160185
22 0.480729 0.618981 0.103125 0.156481
24 0.523177 0.502778 0.084896 0.135185
12 0.616146 0.393519 0.072917 0.131481
10 0.469271 0.336574 0.075000 0.150926
26 0.525000 0.275000 0.078125 0.188889
28 0.475000 0.263426 0.042708 0.071296
16 0.444531 0.141204 0.007812 0.015741
27 0.460417 0.145370 0.093750 0.209259
14 0.367188 0.220370 0.025000 0.094444
19 0.373698 0.244907 0.027604 0.075000
30 0.343490 0.190741 0.033854 0.053704
29 0.297135 0.129630 0.039062 0.066667
14 0.273958 0.289815 0.034375 0.120370
19 0.278125 0.319907 0.023958 0.047222
16 0.366927 0.343981 0.009896 0.013889
16 0.361458 0.332870 0.010417 0.013889
16 0.353385 0.320833 0.007812 0.013889
16 0.335156 0.289352 0.007812 0.012037
16 0.330729 0.280093 0.010417 0.010185
16 0.327344 0.275463 0.006771 0.012037
16 0.321875 0.269444 0.007292 0.018519
16 0.313021 0.292593 0.008333 0.009259
16 0.308594 0.287500 0.008854 0.010185
16 0.309375 0.303704 0.008333 0.011111
21 0.335417 0.333796 0.079167 0.126852
11 0.411719 0.417130 0.091146 0.162037
3 0.346354 0.505093 0.038542 0.175000
34 0.307292 0.075000 0.010417 0.018519
0 0.250000 0.276852 0.091667 0.094444
1 0.294010 0.376389 0.083854 0.126852
