0 0.488542 0.408333 0.082292 0.129630
14 0.512760 0.376389 0.026562 0.049074
19 0.520312 0.395833 0.025000 0.049074
16 0.453906 0.550463 0.008854 0.021296
16 0.469531 0.520370 0.007812 0.018519
16 0.491146 0.520833 0.008333 0.017593
16 0.520573 0.493056 0.007812 0.021296
16 0.535156 0.494444 0.011979 0.020370
31 0.475000 0.496296 0.011458 0.016667
21 0.491146 0.520833 0.107292 0.071296
24 0.476823 0.637500 0.075521 0.097222
25 0.572396 0.639815 0.080208 0.107407
6 0.571615 0.681944 0.027604 0.023148
2 0.657552 0.738426 0.151562 0.115741
1 0.705469 0.750463 0.117188 0.134259
3 0.642969 0.606481 0.088021 0.159259
4 0.839583 0.639815 0.051042 0.235185
5 0.868229 0.659259 0.065625 0.233333
22 0.763542 0.525926 0.079167 0.151852
13 0.819792 0.418519 0.095833 0.112963
11 0.700781 0.434259 0.103646 0.131481
10 0.607552 0.469907 0.088021 0.108333
12 0.742708 0.164352 0.102083 0.158333
26 0.629948 0.094907 0.120313 0.189815
17 0.534635 0.106481 0.040104 0.051852
28 0.549479 0.225463 0.060417 0.115741
27 0.447917 0.181481 0.097917 0.194444
19 0.418750 0.393981 0.027083 0.049074
14 0.407031 0.380093 0.026562 0.043519
30 0.334635 0.367130 0.051562 0.060185
29 0.189583 0.392593 0.118750 0.048148
34 0.080469 0.278241 0.040104 0.019444
13 0.814323 0.293981 0.091146 0.106481
