33 0.480990 0.623611 0.014063 0.017593
1 0.509375 0.651852 0.094792 0.153704
14 0.466146 0.608333 0.034375 0.055556
19 0.470573 0.585185 0.025521 0.027778
0 0.447917 0.656944 0.076042 0.154630
16 0.431771 0.511574 0.010417 0.015741
16 0.445573 0.506944 0.009896 0.015741
16 0.454688 0.505093 0.008333 0.023148
16 0.457292 0.542593 0.008333 0.020370
16 0.471875 0.559259 0.008333 0.016667
16 0.486719 0.552315 0.007812 0.015741
16 0.532292 0.546296 0.007292 0.022222
16 0.514062 0.496759 0.007292 0.023148
16 0.528906 0.494444 0.008854 0.022222
16 0.543490 0.493056 0.008854 0.023148
21 0.489063 0.527315 0.131250 0.087963
3 0.602083 0.611574 0.119792 0.089815
11 0.638021 0.515741 0.096875 0.120370
10 0.629427 0.360648 0.090104 0.113889
24 0.731250 0.388426 0.079167 0.093519
22 0.769010 0.524537 0.073438 0.145370
2 0.811198 0.637037 0.039062 0.224074
4 0.847656 0.632870 0.055729 0.232407
5 0.870833 0.625463 0.071875 0.226852
13 0.835938 0.413889 0.096875 0.112963
24 0.731510 0.387963 0.079687 0.092593
13 0.814844 0.293056 0.091146 0.104630
12 0.744010 0.164815 0.099479 0.159259
26 0.646094 0.163426 0.102604 0.200926
28 0.548958 0.227315 0.060417 0.115741
17 0.534896 0.106019 0.039583 0.052778
16 0.428125 0.160648 0.009375 0.025000
27 0.429948 0.144444 0.125521 0.288889
30 0.333073 0.366204 0.049479 0.062037
29 0.189323 0.393056 0.118229 0.047222
14 0.439844 0.385185 0.024479 0.046296
19 0.445573 0.399537 0.027604 0.047222
34 0.050260 0.243981 0.086979 0.028704
16 0.468490 0.503704 0.013021 0.016667
16 0.438542 0.545370 0.008333 0.018519
