21 0.576562 0.340972 0.287500 0.159722
29 0.035677 0.287500 0.071354 0.097222
30 0.194792 0.162847 0.095833 0.127083
14 0.405208 0.072917 0.086458 0.145833
19 0.423958 0.110069 0.079167 0.136806
14 0.588281 0.067708 0.070312 0.135417
19 0.571615 0.104167 0.074479 0.133333
24 0.967708 0.148611 0.064583 0.130556
11 0.936198 0.255903 0.050521 0.178472
16 0.698438 0.271875 0.021875 0.045139
16 0.663802 0.276042 0.021354 0.031250
16 0.626042 0.282639 0.028125 0.025000
16 0.598437 0.388542 0.025000 0.043750
16 0.538802 0.382292 0.031771 0.067361
31 0.574479 0.359375 0.020833 0.038194
16 0.471875 0.387847 0.019792 0.034028
16 0.503125 0.289931 0.017708 0.017361
0 0.438021 0.418403 0.235417 0.293750
3 0.718229 0.185417 0.333333 0.370833
1 0.796094 0.213194 0.367188 0.426389
7 0.552865 0.371875 0.019271 0.032639
