16 0.316667 0.631944 0.014583 0.022222
16 0.313542 0.657986 0.008333 0.018750
16 0.315625 0.603125 0.018750 0.022917
16 0.336458 0.595139 0.014583 0.019444
21 0.322656 0.631250 0.026562 0.070833
24 0.459635 0.768750 0.080729 0.116667
0 0.563281 0.544792 0.144271 0.156250
3 0.677344 0.628472 0.131771 0.148611
2 0.728125 0.629167 0.163542 0.279167
1 0.765625 0.653472 0.135417 0.286111
10 0.595573 0.436111 0.124479 0.133333
19 0.505469 0.453125 0.041146 0.089583
14 0.502083 0.420833 0.036458 0.106944
11 0.702083 0.436458 0.118750 0.132639
22 0.801823 0.494792 0.088021 0.131250
13 0.811198 0.392361 0.100521 0.090278
13 0.763281 0.321528 0.093229 0.093056
12 0.662240 0.267708 0.083854 0.095139
4 0.898958 0.570139 0.076042 0.213889
5 0.945312 0.565625 0.083333 0.211806
26 0.522917 0.226389 0.112500 0.177778
28 0.469531 0.343750 0.076563 0.094444
17 0.438802 0.287500 0.040104 0.037500
27 0.346615 0.342361 0.115104 0.158333
19 0.283594 0.491319 0.055729 0.085417
14 0.269010 0.462153 0.058854 0.088194
30 0.211719 0.526736 0.061979 0.077083
29 0.072656 0.590625 0.100521 0.070139
34 0.016406 0.539583 0.020313 0.015278
