29 0.147135 0.497569 0.132812 0.060417
30 0.347135 0.492361 0.092188 0.084722
31 0.612760 0.170486 0.021354 0.081250
16 0.569531 0.197569 0.022396 0.022917
17 0.720052 0.224653 0.053646 0.034028
27 0.587500 0.196181 0.177083 0.392361
14 0.575521 0.525000 0.061458 0.097222
14 0.711719 0.554167 0.085938 0.091667
19 0.563021 0.563194 0.056250 0.068056
19 0.682552 0.576042 0.067187 0.088194
28 0.755208 0.352083 0.093750 0.150000
26 0.926823 0.297917 0.146354 0.220833
0 0.588021 0.957292 0.188542 0.085417
16 0.523438 0.731597 0.028125 0.024306
16 0.555990 0.734028 0.019271 0.029167
16 0.574219 0.735417 0.017188 0.037500
16 0.607292 0.739931 0.025000 0.031250
16 0.512240 0.803472 0.027604 0.030556
16 0.535156 0.797222 0.018229 0.031944
16 0.552865 0.805556 0.017188 0.036111
16 0.570573 0.802083 0.018229 0.037500
16 0.587760 0.828125 0.018229 0.035417
16 0.672135 0.828125 0.021354 0.036806
16 0.707292 0.743750 0.022917 0.026389
16 0.737500 0.740972 0.019792 0.036111
16 0.765104 0.742361 0.018750 0.036111
21 0.633854 0.777431 0.272917 0.124306
