16 0.500781 0.343519 0.006771 0.016667
16 0.491927 0.340278 0.006771 0.017593
16 0.483073 0.336111 0.009896 0.011111
16 0.478906 0.325463 0.010937 0.012037
16 0.470313 0.315741 0.008333 0.020370
16 0.423438 0.309722 0.009375 0.015741
16 0.430208 0.315278 0.007292 0.012037
16 0.462500 0.343056 0.008333 0.012037
16 0.471354 0.350463 0.007292 0.013889
16 0.476302 0.355093 0.006771 0.013889
16 0.484115 0.359259 0.007812 0.011111
21 0.464062 0.345370 0.090625 0.098148
14 0.430729 0.370370 0.025000 0.101852
19 0.435937 0.397222 0.027083 0.081481
3 0.446354 0.268519 0.039583 0.068519
14 0.492969 0.282870 0.021354 0.102778
19 0.497656 0.317593 0.021354 0.064815
2 0.371094 0.187037 0.067187 0.035185
4 0.360677 0.184259 0.077604 0.038889
5 0.350521 0.170833 0.078125 0.039815
22 0.348958 0.220370 0.055208 0.055556
11 0.394531 0.265278 0.065104 0.102778
10 0.342187 0.299074 0.065625 0.120370
24 0.308594 0.268056 0.039062 0.062037
13 0.294010 0.214815 0.047396 0.075926
13 0.247917 0.224537 0.036458 0.034259
12 0.221615 0.312500 0.049479 0.089815
26 0.259115 0.303704 0.091146 0.177778
28 0.316927 0.394444 0.057813 0.079630
16 0.341406 0.457870 0.017188 0.047222
27 0.317188 0.472685 0.159375 0.187963
30 0.488281 0.508333 0.050521 0.081481
29 0.613802 0.643056 0.115104 0.150926
1 0.481771 0.224537 0.038542 0.065741
0 0.521354 0.279167 0.071875 0.069444
16 0.438021 0.320833 0.004167 0.006481
17 0.267188 0.466667 0.029167 0.020370
