0 0.396354 0.425694 0.103125 0.241667
34 0.112500 0.260764 0.015625 0.074306
22 0.251823 0.244444 0.093229 0.116667
29 0.364844 0.140625 0.127604 0.046528
30 0.357812 0.273611 0.061458 0.065278
28 0.600521 0.266667 0.091667 0.115278
16 0.495312 0.116319 0.016667 0.017361
16 0.454948 0.306597 0.019271 0.021528
16 0.477344 0.309722 0.014063 0.022222
16 0.491927 0.312500 0.017188 0.020833
16 0.449740 0.327083 0.013021 0.019444
16 0.461979 0.330208 0.011458 0.020139
16 0.473438 0.331944 0.013542 0.020833
16 0.487240 0.334375 0.014063 0.018750
16 0.434115 0.339236 0.016146 0.024306
16 0.480208 0.362500 0.019792 0.019444
16 0.584635 0.330208 0.013021 0.024306
16 0.568229 0.380208 0.014583 0.024306
16 0.607552 0.337153 0.018229 0.021528
16 0.629948 0.342014 0.017188 0.024306
31 0.558854 0.348611 0.019792 0.025000
21 0.538021 0.367361 0.201042 0.119444
14 0.396615 0.268403 0.041146 0.071528
19 0.405208 0.322917 0.039583 0.088889
14 0.681510 0.303125 0.069271 0.140972
19 0.664844 0.361458 0.053646 0.092361
27 0.485677 0.131944 0.132812 0.263889
26 0.747917 0.224653 0.134375 0.197917
3 0.805729 0.382292 0.335417 0.136806
7 0.609375 0.380903 0.081250 0.015972
24 0.579948 0.501389 0.132812 0.133333
10 0.746094 0.443750 0.126562 0.183333
11 0.890885 0.593750 0.117188 0.152778
13 0.972135 0.471528 0.055729 0.101389
12 0.964323 0.560417 0.071354 0.136111
5 0.982031 0.767361 0.035937 0.240278
4 0.976302 0.760069 0.040104 0.257639
2 0.819792 0.748264 0.034375 0.170139
1 0.859635 0.505903 0.271354 0.385417
