1 0.653906 0.449653 0.143229 0.178472
0 0.510156 0.442361 0.084896 0.129167
34 0.036458 0.480903 0.042708 0.110417
23 0.200000 0.427083 0.097917 0.118056
30 0.347135 0.418750 0.063021 0.066667
16 0.381510 0.275694 0.008854 0.016667
19 0.448698 0.412500 0.030729 0.043056
14 0.453125 0.392708 0.032292 0.078472
27 0.507812 0.302083 0.111458 0.241667
17 0.505990 0.304861 0.047396 0.027778
19 0.530990 0.474653 0.044271 0.070139
14 0.547917 0.421528 0.057292 0.127778
17 0.599479 0.421181 0.045833 0.090972
28 0.588281 0.415972 0.063021 0.098611
26 0.710417 0.406597 0.103125 0.129861
29 0.810937 0.454514 0.087500 0.065972
24 0.805469 0.501042 0.071354 0.077083
11 0.858854 0.569792 0.100000 0.104861
10 0.868490 0.666667 0.106771 0.140278
13 0.797396 0.611806 0.080208 0.122222
13 0.926302 0.695139 0.063021 0.125000
12 0.664844 0.589931 0.043229 0.115972
4 0.660417 0.745139 0.062500 0.213889
22 0.548177 0.729861 0.105729 0.176389
17 0.564323 0.667361 0.063021 0.036111
18 0.618490 0.720833 0.015104 0.091667
17 0.841406 0.762153 0.036979 0.052083
17 0.847135 0.784375 0.036979 0.054861
17 0.878646 0.788889 0.035417 0.038889
17 0.887760 0.829167 0.039062 0.059722
16 0.562500 0.519097 0.017708 0.022917
16 0.582031 0.522222 0.013021 0.023611
16 0.570833 0.542708 0.014583 0.020139
16 0.589063 0.543750 0.014583 0.022222
16 0.602865 0.551042 0.014063 0.017361
31 0.603125 0.524653 0.015625 0.028472
21 0.548177 0.550347 0.120313 0.104861
