24 0.074479 0.399653 0.069792 0.138194
22 0.138021 0.381250 0.079167 0.154167
30 0.263542 0.369444 0.071875 0.079167
19 0.301823 0.452431 0.058854 0.096528
14 0.273177 0.408681 0.091146 0.138194
29 0.230469 0.231944 0.133854 0.079167
16 0.371354 0.154167 0.016667 0.018056
27 0.361198 0.163889 0.178646 0.275000
28 0.499219 0.281944 0.085938 0.111111
26 0.633073 0.203472 0.120313 0.187500
19 0.600260 0.329514 0.053646 0.090972
14 0.611979 0.276736 0.052083 0.149306
11 0.699479 0.409028 0.142708 0.251389
13 0.795052 0.297917 0.094271 0.102778
13 0.867188 0.334722 0.081250 0.098611
10 0.801823 0.402778 0.126562 0.143056
12 0.886979 0.424306 0.085417 0.108333
2 0.829427 0.621181 0.033854 0.234028
4 0.903906 0.588194 0.039062 0.220833
5 0.946354 0.563889 0.053125 0.198611
3 0.609896 0.545833 0.192708 0.134722
32 0.517188 0.419792 0.028125 0.038194
33 0.532552 0.438542 0.024479 0.027083
1 0.607292 0.529861 0.172917 0.259722
16 0.553125 0.342708 0.015625 0.025694
16 0.530990 0.343056 0.019271 0.023611
16 0.508854 0.342361 0.017708 0.025000
16 0.414062 0.341667 0.014583 0.027778
16 0.403385 0.342361 0.015104 0.026389
16 0.379167 0.343750 0.018750 0.026389
16 0.427604 0.362500 0.018750 0.025000
16 0.401302 0.364583 0.016146 0.023611
16 0.379948 0.368056 0.020313 0.016667
16 0.376563 0.394444 0.020833 0.019444
16 0.428125 0.394097 0.017708 0.025694
16 0.461198 0.364236 0.016146 0.020139
16 0.476042 0.364583 0.016667 0.025000
21 0.466146 0.384028 0.204167 0.087500
0 0.467187 0.467708 0.116667 0.189583
