34 0.150260 0.258681 0.018229 0.088194
22 0.321094 0.289583 0.098437 0.125000
29 0.439583 0.211111 0.132292 0.072222
16 0.588281 0.234028 0.016146 0.015278
16 0.546094 0.413889 0.018229 0.019444
16 0.566406 0.422222 0.013021 0.022222
16 0.580208 0.427083 0.014583 0.020833
16 0.541927 0.436458 0.013021 0.024306
16 0.553906 0.440625 0.010937 0.024306
16 0.564844 0.445139 0.010937 0.020833
16 0.577083 0.449653 0.013542 0.020139
16 0.539583 0.463542 0.019792 0.020139
16 0.573698 0.475000 0.017188 0.020833
16 0.659115 0.460417 0.013021 0.022222
16 0.678646 0.469444 0.014583 0.019444
16 0.696094 0.477083 0.014063 0.020833
16 0.648698 0.505903 0.013021 0.021528
31 0.642188 0.473264 0.016667 0.021528
21 0.607292 0.483333 0.180208 0.140278
27 0.568750 0.237153 0.127083 0.275694
14 0.517448 0.389583 0.046354 0.125000
19 0.508333 0.431944 0.045833 0.084722
19 0.708854 0.513542 0.023958 0.050694
14 0.713281 0.494097 0.017188 0.034028
28 0.666146 0.400000 0.084375 0.112500
30 0.441406 0.348958 0.057813 0.067361
24 0.652083 0.612153 0.113542 0.127083
26 0.826042 0.375694 0.055208 0.133333
2 0.713281 0.243403 0.246354 0.265972
6 0.577604 0.383681 0.051042 0.049306
0 0.470313 0.425000 0.156250 0.231944
1 0.777083 0.354167 0.168750 0.447222
13 0.900000 0.540278 0.072917 0.112500
13 0.947396 0.603472 0.065625 0.108333
12 0.950260 0.687500 0.064062 0.113889
11 0.893229 0.670139 0.083333 0.125000
10 0.846875 0.640972 0.039583 0.108333
5 0.958854 0.860069 0.048958 0.202083
4 0.944792 0.854167 0.032292 0.215278
3 0.859896 0.813889 0.050000 0.186111
