34 0.009896 0.429167 0.019792 0.065278
24 0.089323 0.372222 0.071354 0.141667
22 0.153125 0.355208 0.082292 0.157639
29 0.249740 0.200694 0.139063 0.080556
16 0.376302 0.172917 0.022396 0.043056
27 0.379948 0.146875 0.177604 0.293750
28 0.527344 0.265625 0.091146 0.118750
26 0.669531 0.186458 0.129688 0.192361
19 0.633073 0.320833 0.053646 0.068056
14 0.647656 0.275000 0.070312 0.148611
30 0.280469 0.348611 0.072396 0.079167
19 0.314063 0.447569 0.061458 0.092361
14 0.290885 0.396181 0.080729 0.152083
16 0.405729 0.345486 0.014583 0.027083
16 0.430208 0.346528 0.014583 0.027778
16 0.442448 0.345833 0.016146 0.029167
16 0.540625 0.349653 0.014583 0.025694
16 0.565885 0.352431 0.020313 0.022917
32 0.570833 0.400694 0.016667 0.027778
16 0.519531 0.394444 0.018229 0.050000
16 0.403646 0.373958 0.018750 0.028472
16 0.401302 0.402083 0.019271 0.020833
0 0.466667 0.460417 0.111458 0.197222
1 0.648177 0.484375 0.180729 0.297917
21 0.489583 0.390625 0.204167 0.095139
3 0.616667 0.577431 0.102083 0.097917
11 0.740625 0.477778 0.136458 0.150000
13 0.832552 0.299306 0.096354 0.112500
13 0.903906 0.343056 0.081771 0.106944
10 0.832812 0.415625 0.129167 0.147917
12 0.919010 0.438889 0.089063 0.113889
5 0.971354 0.589236 0.041667 0.210417
4 0.932292 0.611806 0.039583 0.227778
2 0.843229 0.645833 0.031250 0.244444
