34 0.071615 0.284375 0.020313 0.079861
0 0.529427 0.497222 0.148438 0.173611
1 0.867188 0.518056 0.241667 0.380556
3 0.809635 0.396875 0.317188 0.142361
7 0.627865 0.435764 0.067187 0.015972
2 0.838021 0.747222 0.030208 0.218056
4 0.945573 0.705208 0.073438 0.211806
5 0.980469 0.702431 0.039062 0.215972
12 0.952865 0.539236 0.088021 0.107639
13 0.967969 0.439583 0.045312 0.105556
13 0.870573 0.332292 0.059896 0.050694
11 0.764844 0.439931 0.155729 0.261806
14 0.701302 0.303472 0.088021 0.131944
14 0.347656 0.319792 0.056771 0.171528
16 0.451562 0.314583 0.020833 0.023611
16 0.474740 0.316667 0.014063 0.025000
16 0.490885 0.320486 0.019271 0.021528
16 0.473438 0.341667 0.013542 0.020833
16 0.485938 0.344792 0.013542 0.018750
16 0.441406 0.368056 0.016146 0.023611
16 0.479687 0.374653 0.016667 0.021528
16 0.584375 0.338542 0.013542 0.022917
16 0.607552 0.346181 0.019271 0.021528
16 0.629687 0.350347 0.019792 0.020139
16 0.517708 0.382292 0.016667 0.020139
16 0.580990 0.437847 0.045312 0.046528
31 0.546094 0.362153 0.017188 0.046528
21 0.532552 0.375000 0.209896 0.120833
16 0.557552 0.389236 0.017188 0.021528
28 0.583333 0.262500 0.092708 0.116667
27 0.459375 0.132986 0.143750 0.265972
30 0.339323 0.280903 0.073438 0.070139
24 0.159115 0.261458 0.083854 0.113194
22 0.220052 0.258681 0.093229 0.129861
29 0.332552 0.141667 0.134896 0.054167
19 0.360417 0.374653 0.055208 0.096528
19 0.673438 0.346875 0.060417 0.090972
26 0.730469 0.215278 0.132812 0.197222
16 0.480208 0.118056 0.016667 0.019444
