34 0.081510 0.264931 0.048438 0.121528
22 0.277083 0.142708 0.122917 0.104861
13 0.181510 0.326042 0.138021 0.145139
30 0.377604 0.155556 0.075000 0.077778
17 0.408333 0.049653 0.057292 0.028472
16 0.649219 0.131944 0.017188 0.052778
30 0.633333 0.122569 0.155208 0.245139
28 0.723958 0.236806 0.093750 0.122222
19 0.544792 0.220486 0.050000 0.103472
14 0.554688 0.185764 0.050000 0.122917
19 0.707031 0.309375 0.066146 0.096528
14 0.725521 0.276042 0.072917 0.110417
26 0.840104 0.272222 0.154167 0.204167
24 0.939583 0.376042 0.078125 0.093750
16 0.675781 0.413542 0.022396 0.022917
16 0.710156 0.430903 0.019271 0.024306
31 0.718229 0.367708 0.020833 0.034028
16 0.702344 0.389931 0.015104 0.025694
16 0.715365 0.398958 0.018229 0.018750
16 0.693229 0.360417 0.016667 0.027778
16 0.678125 0.382639 0.019792 0.027778
16 0.670312 0.349306 0.020833 0.027778
16 0.641667 0.366319 0.021875 0.024306
16 0.618229 0.354861 0.018750 0.025000
16 0.591406 0.343056 0.018229 0.026389
16 0.573698 0.303819 0.017188 0.029861
16 0.572917 0.366667 0.016667 0.026389
21 0.610677 0.371875 0.219271 0.174306
29 0.597917 0.466319 0.196875 0.131250
16 0.568229 0.538542 0.059375 0.043750
7 0.581250 0.540972 0.080208 0.036111
3 0.780729 0.430208 0.343750 0.218750
11 0.775260 0.453125 0.084896 0.165972
12 0.976823 0.509722 0.046354 0.155556
10 0.926823 0.563542 0.098437 0.131250
1 0.869010 0.503819 0.222396 0.343750
5 0.959635 0.701736 0.080729 0.221528
4 0.878385 0.791667 0.107813 0.272222
0 0.509375 0.630903 0.157292 0.292361
