13 0.985156 0.940972 0.029687 0.043056
10 0.957031 0.867014 0.085938 0.129861
11 0.964323 0.771181 0.071354 0.113194
13 0.916146 0.798264 0.078125 0.127083
12 0.842969 0.767361 0.096354 0.136111
29 0.948698 0.634722 0.061979 0.075000
26 0.869792 0.590278 0.130208 0.159722
28 0.771875 0.550000 0.079167 0.112500
23 0.367708 0.431597 0.114583 0.138194
30 0.533594 0.481944 0.071354 0.088889
14 0.720573 0.534028 0.050521 0.068056
24 0.933594 0.680556 0.057813 0.091667
17 0.716406 0.410764 0.050521 0.015972
17 0.541927 0.454861 0.051562 0.031944
27 0.707292 0.412153 0.139583 0.267361
16 0.572656 0.322222 0.010937 0.019444
17 0.950260 0.982986 0.032813 0.031250
17 0.926823 0.950347 0.033854 0.046528
17 0.926562 0.972917 0.033333 0.050000
5 0.890625 0.918056 0.043750 0.165278
14 0.668750 0.489236 0.039583 0.047917
0 0.493750 0.421181 0.073958 0.103472
1 0.607031 0.462153 0.088021 0.122917
34 0.166406 0.435764 0.059896 0.118750
