13 0.497917 0.874537 0.091667 0.223148
5 0.500000 0.662500 0.160417 0.128704
12 0.600781 0.537500 0.080729 0.160185
24 0.616927 0.440278 0.085938 0.113889
10 0.467708 0.465741 0.083333 0.177778
4 0.371094 0.607407 0.154688 0.118519
2 0.358594 0.551852 0.130729 0.135185
11 0.428906 0.394907 0.081771 0.156481
29 0.339062 0.337037 0.054167 0.100000
16 0.365625 0.266204 0.011458 0.017593
16 0.347396 0.285648 0.011458 0.019444
16 0.361719 0.278241 0.008854 0.015741
16 0.375000 0.325000 0.010417 0.014815
16 0.385156 0.339352 0.010937 0.012037
16 0.369010 0.288889 0.010937 0.012963
16 0.374219 0.298611 0.009896 0.013889
16 0.392188 0.302315 0.009375 0.019444
16 0.385677 0.312037 0.007812 0.012963
16 0.399479 0.311111 0.009375 0.020370
16 0.407031 0.316667 0.008854 0.022222
16 0.391667 0.321296 0.008333 0.011111
16 0.395833 0.328241 0.007292 0.013889
21 0.372396 0.312500 0.082292 0.119444
19 0.426823 0.290741 0.025521 0.070370
19 0.382031 0.228241 0.027604 0.073148
28 0.457031 0.275926 0.018229 0.072222
14 0.421615 0.267593 0.024479 0.094444
14 0.377083 0.202778 0.025000 0.090741
16 0.438021 0.191204 0.007292 0.037963
27 0.451302 0.164352 0.091146 0.213889
26 0.497135 0.286111 0.080729 0.174074
17 0.394792 0.131019 0.020833 0.028704
30 0.346094 0.175463 0.033854 0.050926
22 0.313802 0.140741 0.055729 0.059259
34 0.212500 0.142130 0.047917 0.041667
13 0.232031 0.193981 0.064062 0.091667
1 0.303906 0.229630 0.072396 0.166667
0 0.240885 0.344907 0.061979 0.149074
3 0.312760 0.173611 0.029687 0.058333
