3 0.639323 0.539583 0.190104 0.161111
11 0.727344 0.377083 0.153646 0.259722
16 0.399479 0.313542 0.021875 0.018750
14 0.645312 0.242014 0.068750 0.147917
19 0.626042 0.297222 0.054167 0.093056
26 0.669010 0.165625 0.125521 0.195139
28 0.526302 0.233681 0.089063 0.111806
16 0.423177 0.313889 0.015104 0.025000
21 0.489583 0.358681 0.213542 0.089583
14 0.291667 0.332292 0.077083 0.160417
30 0.285677 0.298611 0.072396 0.072222
22 0.164583 0.300694 0.084375 0.144444
29 0.265365 0.163889 0.132812 0.070833
16 0.379948 0.139236 0.022396 0.049306
27 0.389062 0.129167 0.161458 0.258333
16 0.438542 0.314583 0.018750 0.023611
16 0.399219 0.338542 0.014063 0.021528
16 0.447135 0.338194 0.016146 0.018056
16 0.395833 0.368056 0.014583 0.022222
16 0.433594 0.367708 0.013021 0.022917
16 0.534635 0.315278 0.014063 0.023611
16 0.459896 0.367361 0.017708 0.018056
16 0.558594 0.318056 0.019271 0.020833
16 0.582031 0.318056 0.017188 0.019444
16 0.484896 0.339583 0.011458 0.019444
16 0.421615 0.368750 0.017188 0.016667
13 0.837240 0.285069 0.096354 0.113194
24 0.103906 0.314931 0.073438 0.127083
1 0.628385 0.583681 0.160938 0.336806
0 0.483594 0.495139 0.140104 0.176389
19 0.312500 0.387500 0.060417 0.097222
13 0.909896 0.336111 0.082292 0.109722
4 0.935156 0.604514 0.053646 0.214583
10 0.832552 0.395139 0.130729 0.156944
12 0.923438 0.430556 0.090625 0.120833
5 0.975000 0.592361 0.044792 0.212500
34 0.019792 0.356597 0.026042 0.077083
31 0.543229 0.428125 0.029167 0.050694
2 0.820833 0.643403 0.067708 0.254861
