34 0.010156 0.364583 0.020313 0.088889
24 0.103385 0.332986 0.085938 0.134028
22 0.171875 0.327431 0.092708 0.147917
29 0.282292 0.191667 0.143750 0.061111
16 0.437240 0.207292 0.020313 0.054861
27 0.419792 0.162153 0.159375 0.302083
30 0.305469 0.344792 0.075521 0.070139
19 0.337500 0.447222 0.052083 0.098611
14 0.322917 0.392361 0.063542 0.165278
28 0.551823 0.305903 0.091146 0.114583
16 0.431510 0.371181 0.016146 0.027083
16 0.455469 0.370833 0.014063 0.022222
16 0.468229 0.371875 0.015625 0.018750
16 0.425781 0.422917 0.008854 0.022222
32 0.525781 0.411111 0.025521 0.036111
33 0.533333 0.421875 0.019792 0.020139
16 0.586719 0.394097 0.019271 0.017361
16 0.607031 0.398958 0.014063 0.022917
16 0.564844 0.381944 0.005729 0.005556
21 0.510156 0.423264 0.201563 0.104861
0 0.465885 0.449653 0.140104 0.186806
1 0.610417 0.528125 0.185417 0.295139
14 0.668490 0.336111 0.077604 0.133333
19 0.646354 0.384028 0.060417 0.086111
11 0.730729 0.538889 0.145833 0.145833
3 0.604427 0.602431 0.057813 0.089583
2 0.824479 0.701042 0.035417 0.220139
4 0.911198 0.684028 0.035937 0.215278
5 0.941927 0.665972 0.038021 0.198611
26 0.689323 0.251042 0.130729 0.184028
13 0.830990 0.379861 0.086979 0.111111
13 0.892969 0.430208 0.074479 0.107639
10 0.826562 0.488542 0.118750 0.143750
12 0.901563 0.521528 0.080208 0.111111
