5 0.494792 0.902315 0.191667 0.193519
13 0.633073 0.613426 0.096354 0.176852
10 0.484635 0.497222 0.082812 0.187037
11 0.406510 0.439815 0.089063 0.164815
12 0.553646 0.656944 0.100000 0.200926
4 0.438802 0.763426 0.178646 0.113889
2 0.369010 0.594907 0.145313 0.108333
3 0.353125 0.485648 0.048958 0.160185
14 0.447135 0.291667 0.028646 0.122222
19 0.447135 0.330093 0.025521 0.080556
28 0.448437 0.267130 0.047917 0.082407
26 0.517708 0.274537 0.081250 0.175000
27 0.443229 0.138889 0.079167 0.211111
17 0.476302 0.182407 0.009896 0.040741
14 0.321615 0.162963 0.022396 0.075926
29 0.416927 0.141204 0.024479 0.034259
24 0.318750 0.125463 0.053125 0.054630
22 0.334375 0.147685 0.058333 0.069444
21 0.395573 0.299074 0.067187 0.120370
1 0.379948 0.149074 0.078646 0.151852
13 0.591927 0.488426 0.088021 0.149074
16 0.428385 0.144907 0.008854 0.012037
16 0.421094 0.312500 0.007812 0.017593
16 0.389844 0.250926 0.007812 0.016667
16 0.385417 0.244907 0.007292 0.015741
16 0.380208 0.237037 0.008333 0.018519
16 0.413542 0.300926 0.009375 0.014815
16 0.408854 0.291204 0.010417 0.015741
16 0.372917 0.241204 0.004167 0.012037
16 0.365885 0.262500 0.005729 0.010185
16 0.377083 0.255093 0.007292 0.012037
16 0.370052 0.270833 0.008854 0.013889
34 0.288542 0.096759 0.022917 0.047222
