21 0.497135 0.384375 0.193229 0.103472
0 0.400260 0.459375 0.118229 0.229861
34 0.069531 0.303472 0.017188 0.075000
22 0.209896 0.281250 0.090625 0.119444
29 0.317448 0.173611 0.126562 0.050000
16 0.420052 0.173611 0.025521 0.043056
16 0.412760 0.331597 0.019271 0.018750
16 0.434375 0.332986 0.013542 0.020139
16 0.448958 0.335069 0.016667 0.020139
16 0.421094 0.351736 0.010937 0.015972
16 0.432812 0.352431 0.012500 0.013194
16 0.445573 0.356944 0.013021 0.015278
16 0.539062 0.346875 0.012500 0.022917
16 0.561458 0.351736 0.017708 0.020139
16 0.582552 0.354514 0.016146 0.021528
16 0.525781 0.395833 0.014063 0.019444
16 0.451823 0.384375 0.017188 0.021528
31 0.515625 0.363542 0.018750 0.022917
30 0.317708 0.304167 0.062500 0.061111
14 0.355469 0.320833 0.039062 0.112500
19 0.365885 0.350347 0.042188 0.092361
14 0.630729 0.318056 0.060417 0.145833
19 0.616927 0.370139 0.050521 0.090278
27 0.435937 0.151042 0.132292 0.274306
28 0.551302 0.282986 0.086979 0.109028
26 0.690625 0.235069 0.128125 0.188194
24 0.552344 0.507292 0.128646 0.114583
10 0.708073 0.443056 0.136979 0.173611
13 0.853125 0.379167 0.089583 0.120833
13 0.920312 0.426389 0.076042 0.093056
11 0.817708 0.546528 0.100000 0.143056
5 0.957292 0.732986 0.045833 0.213194
4 0.928646 0.747222 0.023958 0.190278
2 0.753125 0.605208 0.053125 0.122917
3 0.857552 0.519444 0.284896 0.098611
7 0.689844 0.476389 0.073438 0.020833
1 0.874479 0.603472 0.251042 0.340278
