3 0.679948 0.818750 0.041146 0.088889
2 0.886979 0.874653 0.026042 0.072917
4 0.943490 0.915625 0.049479 0.168750
5 0.970833 0.912153 0.052083 0.175694
12 0.951302 0.775694 0.073438 0.108333
10 0.896094 0.734722 0.103646 0.137500
11 0.858594 0.683333 0.074479 0.181944
13 0.910417 0.622917 0.075000 0.112500
13 0.956250 0.683333 0.066667 0.109722
16 0.672396 0.565278 0.016667 0.016667
16 0.609115 0.545833 0.017188 0.019444
16 0.627344 0.572917 0.013021 0.023611
16 0.595313 0.554861 0.017708 0.018056
16 0.540885 0.560069 0.020313 0.021528
16 0.571094 0.542361 0.018229 0.019444
16 0.550260 0.531597 0.019271 0.017361
16 0.553906 0.502431 0.019271 0.018750
16 0.576823 0.515278 0.014063 0.026389
16 0.588281 0.518056 0.013021 0.023611
21 0.608854 0.582986 0.181250 0.161806
28 0.660417 0.495139 0.071875 0.120833
31 0.589323 0.330556 0.031771 0.062500
1 0.669531 0.365278 0.147396 0.206944
27 0.570833 0.304167 0.142708 0.308333
26 0.815885 0.461458 0.111979 0.156250
14 0.806771 0.511111 0.032292 0.034722
29 0.419271 0.282292 0.146875 0.079861
22 0.286979 0.387500 0.109375 0.154167
24 0.215104 0.365625 0.108333 0.143750
30 0.426823 0.454514 0.079687 0.082639
14 0.454167 0.535069 0.063542 0.143750
19 0.450781 0.580556 0.053646 0.091667
0 0.615104 0.669097 0.132292 0.161806
34 0.103906 0.346181 0.018229 0.107639
