24 0.058854 0.412153 0.069792 0.146528
22 0.124740 0.392708 0.080729 0.161806
29 0.218750 0.236458 0.139583 0.081250
30 0.254427 0.383333 0.069271 0.080556
14 0.269531 0.430208 0.090104 0.135417
19 0.297917 0.472222 0.058333 0.095833
16 0.376563 0.361806 0.019792 0.026389
16 0.401042 0.361111 0.013542 0.027778
16 0.413281 0.360764 0.017188 0.027083
16 0.372917 0.417708 0.018750 0.020139
16 0.400781 0.385764 0.020313 0.018750
16 0.400781 0.402431 0.021354 0.020139
16 0.426563 0.401736 0.017708 0.025694
16 0.461719 0.375000 0.018229 0.025000
16 0.459896 0.397569 0.018750 0.015972
16 0.507812 0.362500 0.018750 0.023611
16 0.531250 0.363889 0.019792 0.022222
16 0.553906 0.364583 0.018229 0.023611
16 0.499479 0.393056 0.015625 0.013889
32 0.522917 0.429514 0.025000 0.046528
33 0.580729 0.435764 0.029167 0.039583
21 0.464583 0.403472 0.207292 0.088889
16 0.365625 0.164583 0.012500 0.023611
27 0.354687 0.173264 0.178125 0.292361
28 0.496615 0.294444 0.086979 0.113889
26 0.630729 0.215972 0.123958 0.186111
3 0.608333 0.601389 0.144792 0.091667
19 0.600521 0.355556 0.055208 0.088889
14 0.615365 0.304861 0.061979 0.143056
13 0.787760 0.313889 0.093229 0.105556
13 0.856250 0.350000 0.079167 0.100000
10 0.792448 0.422917 0.125521 0.138889
12 0.875000 0.440972 0.082292 0.104167
11 0.721875 0.480208 0.105208 0.143750
2 0.820573 0.634028 0.032813 0.225000
4 0.890365 0.600347 0.038021 0.215972
5 0.930729 0.575000 0.046875 0.194444
1 0.660677 0.548611 0.195312 0.286111
0 0.474219 0.489583 0.109896 0.194444
