0 0.425521 0.340278 0.169792 0.219444
26 0.347656 0.203125 0.120313 0.185417
13 0.660156 0.209375 0.095312 0.086806
13 0.568750 0.207639 0.101042 0.097222
12 0.688281 0.290625 0.113021 0.110417
11 0.583594 0.346528 0.141146 0.172222
10 0.427083 0.377431 0.134375 0.145139
5 0.794531 0.430903 0.096354 0.211806
4 0.758073 0.447222 0.102604 0.213889
3 0.639583 0.494792 0.162500 0.177083
2 0.532813 0.493056 0.092708 0.126389
1 0.622917 0.559375 0.125000 0.306250
14 0.310677 0.315625 0.059896 0.149306
19 0.326823 0.368403 0.050521 0.088194
28 0.254167 0.333333 0.083333 0.106944
16 0.291667 0.379861 0.018750 0.019444
16 0.271875 0.390972 0.017708 0.019444
16 0.252604 0.401736 0.013542 0.022917
16 0.146094 0.471528 0.016146 0.022222
16 0.163542 0.460417 0.013542 0.019444
16 0.174740 0.451389 0.013021 0.022222
16 0.147917 0.494097 0.012500 0.017361
16 0.158073 0.488194 0.009896 0.020833
16 0.166927 0.479861 0.010937 0.020833
16 0.177865 0.474306 0.013021 0.018056
16 0.152604 0.518750 0.014583 0.020833
16 0.180208 0.497917 0.013542 0.020833
16 0.251823 0.452778 0.013021 0.020833
31 0.233594 0.435417 0.018229 0.022222
21 0.235417 0.464931 0.178125 0.165972
16 0.121354 0.287847 0.011458 0.021528
29 0.045312 0.390278 0.090625 0.106944
30 0.071354 0.517708 0.048958 0.061806
14 0.093750 0.496181 0.075000 0.090972
19 0.117188 0.520139 0.066667 0.081944
27 0.122396 0.301042 0.168750 0.259028
22 0.010937 0.543403 0.021875 0.124306
