0 0.546354 0.192130 0.054167 0.067593
1 0.608594 0.110648 0.126562 0.100926
3 0.443750 0.306944 0.084375 0.104630
2 0.380469 0.369444 0.065104 0.120370
4 0.304948 0.486574 0.057813 0.163889
5 0.244271 0.573611 0.089583 0.212037
10 0.445573 0.431944 0.094271 0.178704
11 0.479427 0.331019 0.081771 0.143519
12 0.362240 0.567130 0.109896 0.182407
13 0.405469 0.677315 0.115104 0.195370
13 0.492188 0.585185 0.104167 0.179630
14 0.578906 0.297222 0.035937 0.111111
16 0.621354 0.214815 0.010417 0.016667
16 0.610417 0.206481 0.006250 0.012963
16 0.593490 0.209259 0.006771 0.014815
16 0.583854 0.223148 0.008333 0.016667
16 0.615104 0.221759 0.008333 0.010185
16 0.600781 0.219444 0.006771 0.012963
16 0.590365 0.214815 0.007812 0.016667
16 0.600000 0.201852 0.007292 0.016667
16 0.613542 0.230093 0.008333 0.013889
16 0.558073 0.265741 0.008854 0.016667
21 0.583854 0.259722 0.084375 0.112037
26 0.630990 0.361111 0.092188 0.198148
27 0.724479 0.211574 0.150000 0.217593
30 0.654167 0.182407 0.034375 0.059259
22 0.686458 0.133333 0.061458 0.066667
24 0.700000 0.108796 0.057292 0.063889
34 0.707812 0.062037 0.050000 0.020370
16 0.702344 0.194444 0.010937 0.018519
17 0.747396 0.302315 0.036458 0.037963
19 0.567448 0.327778 0.027604 0.085185
19 0.604167 0.167130 0.022917 0.063889
29 0.745052 0.200000 0.029687 0.094444
31 0.660417 0.141667 0.005208 0.018519
