22 0.126562 0.325347 0.085417 0.146528
29 0.224219 0.184375 0.130729 0.078472
30 0.240625 0.319444 0.066667 0.075000
19 0.297656 0.354861 0.059896 0.100000
14 0.282552 0.321528 0.064062 0.120833
16 0.330208 0.156250 0.022917 0.048611
27 0.344531 0.136111 0.160938 0.272222
28 0.482031 0.233681 0.091146 0.113194
26 0.620052 0.155903 0.135937 0.197917
24 0.505208 0.480903 0.141667 0.132639
0 0.439063 0.682986 0.219792 0.136806
1 0.569531 0.663542 0.253646 0.288194
2 0.712500 0.593403 0.103125 0.275694
3 0.748177 0.595486 0.083854 0.270139
4 0.921094 0.591319 0.051562 0.245139
5 0.954948 0.588194 0.051562 0.227778
11 0.811458 0.449306 0.139583 0.161111
12 0.896615 0.404167 0.105729 0.122222
10 0.686458 0.372917 0.147917 0.166667
13 0.805990 0.266319 0.100521 0.114583
13 0.884375 0.308681 0.087500 0.109028
14 0.569010 0.248611 0.051562 0.163889
19 0.560417 0.310069 0.047917 0.099306
31 0.453385 0.328819 0.020313 0.025694
16 0.469010 0.356944 0.014063 0.023611
16 0.376823 0.370139 0.017188 0.022222
16 0.340625 0.371528 0.015625 0.022222
16 0.341406 0.321181 0.021354 0.022917
16 0.379167 0.339583 0.016667 0.019444
16 0.365365 0.339583 0.016146 0.020833
16 0.353646 0.341667 0.015625 0.022222
16 0.341927 0.344097 0.016146 0.020139
16 0.364583 0.318403 0.016667 0.025694
16 0.378906 0.316667 0.019271 0.026389
16 0.476823 0.304861 0.015104 0.026389
16 0.501042 0.305208 0.021875 0.024306
16 0.523958 0.303125 0.019792 0.024306
21 0.437500 0.355556 0.216667 0.106944
