10 0.632812 0.306481 0.053125 0.105556
21 0.574219 0.461111 0.065104 0.131481
27 0.445573 0.369444 0.119271 0.214815
17 0.336198 0.589352 0.034896 0.078704
22 0.401562 0.738889 0.109375 0.192593
13 0.564323 0.813426 0.097396 0.228704
30 0.443490 0.610185 0.051562 0.094444
16 0.475000 0.362037 0.010417 0.016667
16 0.555729 0.458796 0.013542 0.013889
16 0.573177 0.451389 0.009896 0.013889
16 0.576562 0.438426 0.009375 0.013889
16 0.580469 0.426852 0.008854 0.012963
16 0.571094 0.412500 0.009896 0.015741
16 0.575260 0.401389 0.010937 0.013889
16 0.602604 0.401389 0.009375 0.017593
31 0.578385 0.389815 0.010937 0.022222
16 0.584115 0.462963 0.009896 0.011111
19 0.511979 0.469444 0.027083 0.085185
14 0.512760 0.439352 0.024479 0.102778
14 0.552344 0.364815 0.022396 0.096296
19 0.548438 0.388426 0.022917 0.076852
28 0.507292 0.364352 0.047917 0.067593
26 0.537760 0.301852 0.070312 0.140741
11 0.605729 0.356481 0.063542 0.112963
12 0.609115 0.255093 0.055729 0.071296
13 0.729948 0.260648 0.054688 0.062037
2 0.672917 0.360185 0.041667 0.038889
4 0.678125 0.335185 0.027083 0.035185
3 0.670833 0.299074 0.037500 0.222222
1 0.684375 0.252315 0.067708 0.154630
7 0.669531 0.420833 0.005729 0.041667
16 0.665365 0.431481 0.010937 0.024074
0 0.694792 0.505556 0.088542 0.133333
29 0.616146 0.470370 0.039583 0.112963
16 0.585156 0.410185 0.007812 0.011111
16 0.598177 0.414352 0.007812 0.013889
16 0.590365 0.393981 0.007812 0.010185
16 0.587500 0.400000 0.006250 0.011111
