34 0.040885 0.194097 0.017188 0.084028
22 0.196094 0.170139 0.104688 0.134722
29 0.323958 0.052778 0.144792 0.051389
30 0.317969 0.202778 0.071354 0.075000
14 0.366406 0.226042 0.045312 0.131250
14 0.678385 0.253472 0.085938 0.150000
19 0.376563 0.264583 0.050000 0.101389
19 0.653385 0.309028 0.055729 0.087500
16 0.475781 0.031250 0.019271 0.018056
16 0.428385 0.243056 0.022396 0.022222
16 0.453125 0.247917 0.014583 0.026389
16 0.469792 0.251389 0.018750 0.023611
16 0.422656 0.267014 0.014063 0.020139
16 0.436458 0.269097 0.013542 0.022917
16 0.449479 0.272222 0.014583 0.019444
16 0.464323 0.275347 0.015104 0.020139
16 0.418490 0.298958 0.018229 0.025694
16 0.456771 0.306597 0.022917 0.021528
16 0.571094 0.275347 0.015104 0.025694
16 0.596615 0.282639 0.019271 0.022222
16 0.619531 0.289583 0.017188 0.025000
16 0.554427 0.329514 0.015104 0.025694
31 0.544010 0.292014 0.020313 0.027083
21 0.513542 0.310417 0.225000 0.131944
27 0.464844 0.097569 0.140104 0.195139
28 0.586198 0.204861 0.099479 0.126389
26 0.745052 0.165972 0.145313 0.197222
24 0.581250 0.454514 0.147917 0.117361
25 0.419531 0.426042 0.142187 0.100694
0 0.432812 0.448264 0.214583 0.239583
3 0.685417 0.309028 0.237500 0.186111
7 0.553125 0.404861 0.042708 0.029167
13 0.893229 0.357292 0.086458 0.132639
13 0.952604 0.433681 0.077083 0.128472
12 0.948438 0.531597 0.084375 0.131250
11 0.864062 0.556944 0.130208 0.166667
10 0.746354 0.434375 0.152083 0.135417
5 0.960156 0.731250 0.063021 0.230556
4 0.943490 0.724306 0.044271 0.247222
2 0.787500 0.661806 0.057292 0.277778
1 0.754427 0.437500 0.156771 0.413889
