3 0.433333 0.275000 0.035417 0.059259
0 0.457552 0.328241 0.064062 0.071296
1 0.383333 0.251852 0.085417 0.135185
5 0.357552 0.168981 0.069271 0.037963
10 0.335156 0.236574 0.046354 0.104630
12 0.311198 0.206019 0.040104 0.076852
13 0.267969 0.212037 0.041146 0.057407
13 0.265104 0.239815 0.041667 0.042593
11 0.393750 0.283333 0.063542 0.075926
14 0.343229 0.297222 0.040625 0.109259
14 0.480990 0.388426 0.028646 0.112037
19 0.487760 0.418981 0.026562 0.082407
19 0.355990 0.330093 0.027604 0.067593
22 0.521094 0.608796 0.096354 0.162037
24 0.568750 0.679630 0.103125 0.170370
26 0.277865 0.317593 0.083854 0.155556
27 0.329167 0.483333 0.148958 0.177778
28 0.348698 0.391667 0.055729 0.072222
30 0.461198 0.499537 0.048438 0.082407
29 0.393490 0.652778 0.092188 0.142593
34 0.687500 0.808333 0.035417 0.196296
16 0.359635 0.447222 0.023438 0.038889
16 0.423958 0.409259 0.009375 0.012963
16 0.446094 0.393056 0.007812 0.015741
16 0.439323 0.381944 0.007812 0.012037
16 0.436979 0.375463 0.008333 0.012037
16 0.430208 0.367593 0.008333 0.014815
16 0.426042 0.382870 0.008333 0.012037
16 0.434896 0.399537 0.007292 0.012037
16 0.413542 0.393981 0.008333 0.013889
16 0.416146 0.400463 0.008333 0.013889
16 0.378385 0.338426 0.010937 0.015741
16 0.384375 0.346296 0.006250 0.012963
16 0.390104 0.356019 0.006250 0.012037
21 0.414583 0.384722 0.081250 0.117593
17 0.297656 0.570833 0.016146 0.043519
16 0.404687 0.331944 0.006250 0.013889
31 0.367448 0.309259 0.009896 0.064815
