2 0.585156 0.508681 0.098437 0.278472
24 0.586979 0.149653 0.093750 0.072917
18 0.217969 0.650000 0.044271 0.050000
3 0.557552 0.519792 0.119271 0.265972
4 0.501563 0.511458 0.186458 0.247917
5 0.668490 0.476389 0.130729 0.277778
11 0.667448 0.194792 0.126562 0.120139
12 0.484375 0.312847 0.146875 0.165972
13 0.780990 0.290625 0.075521 0.139583
29 0.582292 0.092361 0.113542 0.045833
26 0.430729 0.127083 0.132292 0.211111
14 0.310937 0.195486 0.045833 0.174306
19 0.320573 0.256250 0.050521 0.104167
28 0.314583 0.181944 0.090625 0.112500
17 0.172656 0.132986 0.052604 0.067361
27 0.184115 0.143403 0.179688 0.286806
19 0.154427 0.317708 0.066146 0.100694
14 0.136198 0.285417 0.068229 0.116667
30 0.058594 0.387153 0.069271 0.096528
16 0.053125 0.205208 0.013542 0.017361
10 0.702083 0.282986 0.132292 0.147917
13 0.597656 0.280556 0.128646 0.129167
16 0.166667 0.376389 0.014583 0.027778
16 0.178385 0.370833 0.016146 0.025000
16 0.190625 0.367014 0.016667 0.024306
16 0.202604 0.358333 0.014583 0.026389
16 0.215625 0.353125 0.014583 0.027083
16 0.170052 0.421181 0.017188 0.027083
16 0.183594 0.411111 0.017188 0.022222
16 0.299479 0.318403 0.021875 0.021528
16 0.324479 0.308681 0.014583 0.025694
16 0.315104 0.339583 0.022917 0.019444
16 0.339844 0.328125 0.015104 0.020139
16 0.354948 0.325000 0.017188 0.022222
16 0.363021 0.351389 0.014583 0.023611
21 0.271875 0.382986 0.219792 0.170139
31 0.347656 0.296875 0.019271 0.031250
0 0.291406 0.674306 0.114062 0.283333
17 0.707031 0.406944 0.049479 0.051389
17 0.735677 0.435069 0.063021 0.031250
1 0.815625 0.470139 0.137500 0.175000
17 0.344271 0.497222 0.087500 0.048611
17 0.350000 0.521181 0.088542 0.050694
17 0.372135 0.537153 0.055729 0.038194
17 0.381250 0.633333 0.081250 0.051389
22 0.365104 0.572569 0.135417 0.214583
