34 0.131250 0.324653 0.020833 0.099306
22 0.310677 0.356250 0.101562 0.138889
30 0.445312 0.422222 0.072917 0.081944
29 0.433073 0.259028 0.140104 0.073611
16 0.585417 0.338542 0.015625 0.042361
16 0.586458 0.281944 0.012500 0.023611
27 0.568750 0.323958 0.130208 0.220139
28 0.664844 0.455208 0.071354 0.118750
1 0.672917 0.330556 0.192708 0.272222
26 0.808854 0.421181 0.115625 0.154861
13 0.908854 0.577778 0.073958 0.111111
13 0.955990 0.637500 0.066146 0.108333
12 0.953125 0.725694 0.072917 0.108333
11 0.903906 0.775694 0.072396 0.126389
4 0.951042 0.891319 0.034375 0.213194
5 0.964583 0.893750 0.051042 0.200000
24 0.655990 0.694097 0.117188 0.120139
31 0.648698 0.545139 0.016146 0.020833
16 0.657292 0.578819 0.013542 0.021528
16 0.666667 0.527431 0.016667 0.024306
16 0.686198 0.534722 0.018229 0.020833
16 0.545573 0.543750 0.020313 0.022222
16 0.550521 0.487847 0.019792 0.024306
16 0.572656 0.494792 0.015104 0.027083
16 0.585417 0.499306 0.017708 0.023611
16 0.547135 0.511111 0.015104 0.023611
16 0.559635 0.515278 0.014063 0.023611
16 0.570573 0.520139 0.014063 0.022222
16 0.583073 0.524306 0.016146 0.020833
21 0.614583 0.550694 0.185417 0.136111
0 0.565365 0.637500 0.155729 0.202778
19 0.501302 0.515972 0.054688 0.088889
14 0.515625 0.486806 0.058333 0.105556
