21 0.393750 0.301389 0.068750 0.119444
1 0.336719 0.232407 0.069271 0.231481
3 0.354948 0.184722 0.053646 0.152778
7 0.383073 0.267130 0.006771 0.017593
0 0.358594 0.283796 0.030729 0.099074
2 0.354167 0.599074 0.121875 0.181481
4 0.439063 0.758333 0.179167 0.079630
5 0.496875 0.909722 0.191667 0.169444
12 0.553125 0.656944 0.100000 0.199074
13 0.632812 0.613889 0.095833 0.175926
13 0.591927 0.489352 0.086979 0.149074
10 0.484635 0.497685 0.082812 0.186111
11 0.419531 0.433333 0.081771 0.166667
26 0.517708 0.274537 0.080208 0.175000
19 0.445052 0.329630 0.026562 0.081481
14 0.444010 0.295370 0.029687 0.118519
28 0.448437 0.268056 0.047917 0.084259
16 0.419010 0.312037 0.008854 0.014815
16 0.412240 0.300000 0.007812 0.014815
16 0.407031 0.289815 0.010937 0.011111
31 0.386198 0.282407 0.007812 0.020370
16 0.371875 0.256944 0.007292 0.012037
16 0.374740 0.237500 0.006771 0.012037
16 0.379427 0.245370 0.006771 0.011111
16 0.383854 0.251389 0.008333 0.012037
16 0.354687 0.251389 0.006250 0.012037
16 0.444271 0.156019 0.014583 0.030556
27 0.441406 0.141667 0.084896 0.211111
17 0.476302 0.182407 0.013021 0.040741
29 0.411979 0.129630 0.044792 0.051852
14 0.316146 0.178241 0.009375 0.034259
22 0.336979 0.140278 0.062500 0.054630
24 0.319531 0.126389 0.053646 0.054630
34 0.288542 0.097222 0.022917 0.044444
