34 0.108073 0.362153 0.016146 0.102083
24 0.209896 0.379861 0.101042 0.134722
22 0.275781 0.399653 0.105729 0.145139
29 0.403906 0.295833 0.142187 0.073611
30 0.404687 0.464931 0.077083 0.086806
31 0.560937 0.313542 0.032292 0.038194
16 0.582812 0.331250 0.018750 0.016667
27 0.546875 0.317014 0.139583 0.303472
1 0.647396 0.348264 0.171875 0.206250
28 0.637240 0.495139 0.073438 0.119444
26 0.801302 0.455903 0.107813 0.149306
13 0.904167 0.624306 0.079167 0.115278
13 0.954427 0.686111 0.071354 0.112500
10 0.892448 0.740625 0.094271 0.140972
12 0.948177 0.781597 0.078646 0.113194
5 0.968750 0.916667 0.058333 0.166667
4 0.939844 0.919444 0.052604 0.161111
2 0.883594 0.887847 0.018229 0.082639
3 0.654948 0.842708 0.091146 0.121528
14 0.416927 0.535069 0.064062 0.139583
19 0.423438 0.579514 0.046875 0.090972
16 0.527344 0.512153 0.020313 0.024306
16 0.510938 0.564583 0.017708 0.023611
16 0.549219 0.521875 0.016146 0.025694
16 0.560937 0.528472 0.018750 0.023611
16 0.543490 0.548264 0.020313 0.020139
16 0.541146 0.564583 0.019792 0.023611
16 0.564583 0.574653 0.019792 0.020139
16 0.602083 0.563542 0.019792 0.024306
16 0.596875 0.590278 0.018750 0.025000
16 0.644792 0.571181 0.016667 0.024306
16 0.629687 0.603819 0.013542 0.025694
21 0.588021 0.589931 0.194792 0.160417
0 0.583854 0.694097 0.121875 0.193750
