34 0.687500 0.808333 0.034375 0.196296
29 0.394010 0.653241 0.092188 0.141667
24 0.569010 0.680093 0.102604 0.173148
22 0.520833 0.608333 0.097917 0.162963
30 0.461198 0.500000 0.049479 0.083333
19 0.484115 0.418981 0.025521 0.082407
14 0.483333 0.386111 0.025000 0.107407
28 0.348438 0.393056 0.056250 0.076852
16 0.371875 0.347222 0.008333 0.018519
16 0.376563 0.354167 0.007292 0.013889
16 0.426042 0.380093 0.010417 0.013889
16 0.414583 0.387500 0.007292 0.012037
16 0.406771 0.402778 0.009375 0.014815
16 0.409115 0.409722 0.008854 0.015741
16 0.422656 0.397685 0.008854 0.012037
16 0.440885 0.400926 0.008854 0.018519
16 0.417187 0.420370 0.009375 0.012963
16 0.428906 0.407407 0.009896 0.011111
16 0.382812 0.362500 0.009375 0.010185
16 0.405990 0.372222 0.008854 0.009259
16 0.402344 0.367593 0.008854 0.012963
16 0.433333 0.398148 0.006250 0.011111
21 0.408333 0.392593 0.082292 0.122222
19 0.351823 0.329630 0.028646 0.070370
14 0.339583 0.301852 0.040625 0.101852
11 0.361719 0.268981 0.093229 0.113889
2 0.404167 0.218519 0.078125 0.035185
26 0.278125 0.317593 0.083333 0.159259
13 0.267969 0.211574 0.041146 0.058333
13 0.265104 0.239352 0.041667 0.043519
12 0.311979 0.205556 0.040625 0.075926
10 0.335938 0.215278 0.048958 0.062037
5 0.350260 0.170833 0.082812 0.036111
27 0.320312 0.484722 0.142708 0.173148
17 0.295312 0.582870 0.015625 0.043519
0 0.450000 0.318056 0.064583 0.078704
1 0.436719 0.275463 0.065104 0.104630
16 0.324219 0.470370 0.010937 0.042593
4 0.378646 0.190278 0.069792 0.028704
32 0.425521 0.284259 0.007292 0.007407
