34 0.013021 0.426389 0.026042 0.080556
24 0.101562 0.387153 0.075000 0.128472
22 0.165885 0.373958 0.082812 0.143750
29 0.261979 0.240278 0.132292 0.068056
30 0.290104 0.373958 0.067708 0.071528
19 0.327604 0.454514 0.052083 0.095139
14 0.304427 0.408681 0.076563 0.142361
16 0.430208 0.204514 0.023958 0.038194
27 0.391667 0.185069 0.164583 0.267361
32 0.483073 0.398611 0.031771 0.038889
33 0.559375 0.382292 0.037500 0.035417
16 0.406250 0.380208 0.019792 0.017361
16 0.405208 0.357986 0.019792 0.024306
16 0.401302 0.406250 0.019271 0.019444
16 0.427344 0.357986 0.016146 0.025694
16 0.439583 0.357986 0.013542 0.027083
16 0.425781 0.379167 0.014063 0.020833
16 0.528646 0.364236 0.017708 0.021528
16 0.549219 0.361806 0.016146 0.011111
16 0.571875 0.363889 0.015625 0.018056
21 0.483333 0.400347 0.190625 0.086806
0 0.438021 0.469444 0.094792 0.193056
1 0.618490 0.522222 0.152604 0.325000
3 0.624740 0.564236 0.184896 0.124306
28 0.520833 0.307639 0.083333 0.105556
26 0.648958 0.239236 0.116667 0.178472
19 0.615625 0.357639 0.052083 0.083333
14 0.627344 0.308333 0.052604 0.141667
11 0.709896 0.437500 0.131250 0.236111
13 0.801562 0.338542 0.090625 0.099306
13 0.869792 0.377778 0.079167 0.097222
10 0.807292 0.439236 0.118750 0.140972
12 0.887500 0.463194 0.083333 0.106944
5 0.945052 0.600000 0.050521 0.193056
4 0.903906 0.621875 0.038021 0.211806
2 0.830990 0.647569 0.033854 0.224306
