0 0.623958 0.630208 0.198958 0.193750
16 0.701302 0.593056 0.028646 0.030556
29 0.688021 0.505556 0.185417 0.159722
16 0.595573 0.304167 0.014063 0.030556
16 0.606771 0.313194 0.014583 0.026389
16 0.620833 0.320139 0.014583 0.023611
16 0.632031 0.328472 0.016146 0.022222
16 0.635938 0.366319 0.016667 0.021528
16 0.675260 0.389583 0.017188 0.022222
16 0.736979 0.365278 0.020833 0.025000
16 0.742448 0.401389 0.019271 0.022222
16 0.757812 0.380556 0.017708 0.026389
16 0.762240 0.412847 0.018229 0.025694
16 0.775781 0.426042 0.019271 0.021528
16 0.768750 0.455903 0.019792 0.020139
31 0.781510 0.392361 0.022396 0.030556
21 0.672396 0.378819 0.218750 0.207639
14 0.809375 0.278819 0.104167 0.135417
19 0.776302 0.328472 0.071354 0.094444
11 0.854427 0.545486 0.156771 0.200694
10 0.948958 0.601389 0.102083 0.180556
2 0.871875 0.748958 0.069792 0.170139
4 0.923958 0.773958 0.069792 0.104861
5 0.972917 0.780556 0.054167 0.106944
24 0.983594 0.432986 0.032813 0.096528
26 0.913542 0.312500 0.159375 0.204167
28 0.795833 0.262153 0.094792 0.128472
16 0.708333 0.088194 0.011458 0.019444
27 0.712760 0.125347 0.166146 0.250694
14 0.628385 0.175347 0.056771 0.122917
19 0.614583 0.209028 0.055208 0.105556
30 0.446875 0.120139 0.073958 0.080556
17 0.484115 0.015625 0.052604 0.031250
22 0.345313 0.094792 0.123958 0.106250
13 0.235156 0.268056 0.139063 0.151389
34 0.139844 0.192361 0.054688 0.112500
