1 0.603125 0.521181 0.171875 0.270139
0 0.463542 0.455556 0.126042 0.188889
34 0.011719 0.428819 0.023438 0.075694
24 0.091146 0.383333 0.068750 0.131944
22 0.152865 0.364931 0.080729 0.146528
29 0.245573 0.225000 0.130729 0.076389
16 0.408594 0.172222 0.026562 0.041667
27 0.371354 0.159722 0.172917 0.269444
28 0.504948 0.274306 0.083854 0.108333
30 0.274219 0.355903 0.069271 0.075694
19 0.308073 0.433681 0.057813 0.096528
14 0.279948 0.390625 0.089063 0.139583
16 0.420052 0.330556 0.013021 0.027778
16 0.408073 0.331597 0.017188 0.025694
16 0.385677 0.332639 0.019271 0.025000
16 0.406250 0.353125 0.016667 0.021528
16 0.386198 0.357639 0.020313 0.022222
16 0.380990 0.383333 0.020313 0.022222
16 0.429948 0.380556 0.017188 0.027778
16 0.441146 0.353819 0.018750 0.018750
16 0.464844 0.353125 0.014063 0.020139
16 0.479167 0.352778 0.014583 0.022222
16 0.512240 0.333681 0.019271 0.022917
16 0.535156 0.334375 0.019271 0.024306
16 0.556510 0.334028 0.015104 0.023611
33 0.529167 0.432292 0.025000 0.027083
32 0.511198 0.415972 0.030729 0.026389
3 0.657552 0.594097 0.180729 0.142361
21 0.470573 0.372569 0.202604 0.085417
19 0.603906 0.321528 0.051562 0.090278
14 0.614583 0.268403 0.050000 0.149306
26 0.638021 0.198958 0.117708 0.188194
11 0.702865 0.400347 0.143229 0.246528
13 0.803646 0.294097 0.093750 0.102083
13 0.877083 0.333333 0.082292 0.100000
12 0.896094 0.423264 0.089063 0.110417
10 0.809115 0.398264 0.124479 0.149306
5 0.957552 0.566319 0.052604 0.203472
4 0.913802 0.589236 0.039062 0.225694
2 0.835417 0.618403 0.034375 0.235417
