34 0.105208 0.572222 0.029167 0.138889
13 0.233854 0.589352 0.093750 0.113889
22 0.219010 0.360185 0.090104 0.105556
30 0.298698 0.337037 0.051562 0.059259
17 0.265885 0.162500 0.049479 0.043519
16 0.459115 0.202315 0.011979 0.017593
27 0.442708 0.154630 0.117708 0.309259
29 0.488802 0.521296 0.113021 0.048148
16 0.544010 0.456019 0.008854 0.023148
16 0.533854 0.431019 0.011458 0.017593
16 0.542708 0.430556 0.011458 0.020370
31 0.541927 0.400926 0.011979 0.020370
16 0.526302 0.403704 0.008854 0.020370
16 0.510156 0.407407 0.013021 0.018519
16 0.520573 0.431019 0.009896 0.017593
16 0.496875 0.435648 0.012500 0.017593
16 0.451823 0.412963 0.008854 0.022222
16 0.466927 0.441204 0.009896 0.023148
16 0.483854 0.437037 0.010417 0.022222
16 0.461198 0.468056 0.007812 0.023148
21 0.486458 0.438889 0.131250 0.087037
14 0.413802 0.331019 0.026562 0.047222
14 0.532552 0.334722 0.026562 0.056481
19 0.423698 0.352778 0.028646 0.050000
19 0.527344 0.351852 0.028646 0.048148
28 0.534896 0.231019 0.062500 0.115741
26 0.618750 0.233333 0.094792 0.185185
24 0.749740 0.193981 0.089063 0.128704
12 0.802344 0.322222 0.105729 0.148148
11 0.612240 0.430556 0.093229 0.116667
10 0.699740 0.440741 0.099479 0.114815
13 0.873698 0.632407 0.103646 0.155556
5 0.788542 0.518519 0.092708 0.229630
4 0.709896 0.642130 0.054167 0.232407
2 0.667969 0.628241 0.036979 0.226852
3 0.544010 0.571296 0.103646 0.092593
1 0.575521 0.603704 0.076042 0.151852
16 0.481771 0.611111 0.014583 0.025926
7 0.488802 0.613426 0.013021 0.012037
0 0.459635 0.679167 0.060937 0.165741
