27 0.097656 0.283681 0.173437 0.274306
30 0.042969 0.495139 0.059896 0.088889
19 0.086458 0.530903 0.068750 0.084028
14 0.063802 0.506597 0.082812 0.095139
16 0.146094 0.452083 0.016146 0.026389
16 0.135937 0.460417 0.018750 0.022222
16 0.116406 0.469444 0.020313 0.023611
16 0.147396 0.475347 0.014583 0.017361
16 0.135156 0.480903 0.011979 0.020139
16 0.126302 0.489583 0.011979 0.015278
16 0.116406 0.494792 0.013021 0.017361
16 0.150000 0.503819 0.014583 0.024306
16 0.120052 0.519444 0.013021 0.023611
16 0.224219 0.461458 0.014063 0.024306
31 0.208594 0.441319 0.018229 0.029861
16 0.227604 0.406597 0.014583 0.027083
16 0.247396 0.397917 0.017708 0.023611
16 0.268750 0.387153 0.018750 0.022917
21 0.208073 0.469097 0.186979 0.161806
24 0.252865 0.584375 0.118229 0.165972
19 0.305729 0.378819 0.052083 0.090972
14 0.290885 0.322222 0.059896 0.155556
28 0.231771 0.330556 0.087500 0.113889
29 0.032552 0.360764 0.065104 0.089583
16 0.081771 0.317708 0.016667 0.045139
26 0.336198 0.203125 0.125521 0.193750
10 0.398958 0.365972 0.121875 0.102778
13 0.565365 0.226042 0.103646 0.097917
13 0.658594 0.234028 0.096354 0.091667
12 0.680729 0.326389 0.113542 0.109722
7 0.553125 0.406944 0.007292 0.015278
11 0.584896 0.419097 0.152083 0.220139
0 0.527083 0.357292 0.167708 0.118750
3 0.736719 0.346181 0.199479 0.210417
1 0.772917 0.456250 0.128125 0.375000
5 0.804948 0.543056 0.038021 0.097222
2 0.514583 0.617014 0.125000 0.185417
4 0.742188 0.504167 0.092708 0.208333
