21 0.559635 0.406019 0.074479 0.125000
3 0.614062 0.238889 0.075000 0.198148
0 0.620313 0.376852 0.069792 0.148148
1 0.649479 0.233333 0.083333 0.190741
7 0.571615 0.352315 0.016146 0.041667
4 0.721615 0.249537 0.066146 0.067593
5 0.733594 0.225926 0.082812 0.072222
12 0.673698 0.212500 0.036979 0.069444
13 0.591406 0.216667 0.042188 0.074074
11 0.629687 0.307407 0.057292 0.109259
14 0.571354 0.275463 0.020833 0.121296
14 0.540625 0.434722 0.033333 0.125000
19 0.542448 0.485185 0.029687 0.092593
19 0.568229 0.313889 0.021875 0.070370
22 0.407552 0.614815 0.105729 0.135185
24 0.367969 0.707407 0.115104 0.159259
26 0.526823 0.246296 0.069271 0.142593
27 0.429427 0.343519 0.134896 0.218519
28 0.517188 0.345370 0.052083 0.087037
30 0.475521 0.502778 0.045833 0.083333
29 0.358333 0.486574 0.072917 0.132407
34 0.316146 0.906944 0.077083 0.047222
16 0.529687 0.423148 0.008333 0.016667
16 0.563802 0.414815 0.006771 0.012963
16 0.561458 0.421759 0.007292 0.015741
16 0.551302 0.403704 0.008854 0.011111
16 0.564323 0.349074 0.007812 0.014815
16 0.569531 0.338889 0.007812 0.014815
16 0.446094 0.328704 0.010937 0.014815
16 0.539323 0.398611 0.006771 0.012037
16 0.538021 0.407407 0.004167 0.009259
31 0.564323 0.377778 0.007812 0.016667
16 0.559635 0.359259 0.009896 0.016667
16 0.558073 0.436111 0.007812 0.014815
17 0.396354 0.382870 0.021875 0.034259
10 0.665885 0.225463 0.010937 0.039815
