34 0.046875 0.364931 0.042708 0.125694
13 0.145833 0.421181 0.134375 0.138194
22 0.229427 0.227431 0.118229 0.099306
30 0.327083 0.230556 0.075000 0.073611
17 0.352344 0.119444 0.056771 0.025000
16 0.563021 0.171528 0.028125 0.048611
19 0.492188 0.278472 0.042708 0.098611
14 0.500781 0.244097 0.044271 0.121528
27 0.573438 0.144444 0.140625 0.288889
28 0.671875 0.272222 0.093750 0.119444
19 0.659896 0.343750 0.061458 0.094444
14 0.682292 0.289931 0.080208 0.150694
26 0.790365 0.290278 0.148438 0.201389
24 0.897135 0.371528 0.081771 0.088889
12 0.951562 0.472917 0.086458 0.113889
10 0.874219 0.537500 0.133854 0.175000
11 0.765885 0.486111 0.148438 0.184722
31 0.671615 0.401042 0.020313 0.034028
16 0.669531 0.435417 0.019271 0.022222
16 0.657031 0.425694 0.014063 0.023611
16 0.666927 0.464583 0.018229 0.023611
16 0.632292 0.453125 0.020833 0.022917
16 0.646615 0.397222 0.017188 0.027778
16 0.632812 0.421181 0.018750 0.028472
16 0.622396 0.389931 0.020833 0.025694
16 0.597656 0.411111 0.021354 0.025000
16 0.489583 0.345486 0.019792 0.034028
16 0.525521 0.358333 0.015625 0.030556
16 0.515885 0.415278 0.015104 0.030556
16 0.481250 0.376042 0.017708 0.029861
21 0.567448 0.420139 0.218229 0.147222
29 0.616927 0.520486 0.190104 0.111806
16 0.571354 0.553472 0.046875 0.031944
0 0.503385 0.622569 0.249479 0.263194
2 0.824740 0.662500 0.050521 0.095833
5 0.939844 0.755556 0.055729 0.083333
1 0.932552 0.628472 0.134896 0.268056
3 0.875781 0.560417 0.243229 0.086111
7 0.721875 0.524306 0.091667 0.023611
