1 0.562240 0.530093 0.063021 0.193519
0 0.507812 0.511111 0.057292 0.166667
3 0.542448 0.471296 0.069271 0.109259
7 0.505990 0.414352 0.011979 0.015741
31 0.497396 0.399537 0.009375 0.023148
16 0.520573 0.378241 0.007812 0.021296
16 0.535156 0.379630 0.008854 0.014815
16 0.551042 0.380556 0.011458 0.014815
16 0.459896 0.431019 0.008333 0.015741
16 0.450000 0.431944 0.009375 0.013889
16 0.436719 0.431481 0.008854 0.022222
16 0.452344 0.403241 0.006771 0.015741
16 0.460677 0.404630 0.008854 0.014815
16 0.435677 0.377778 0.008854 0.014815
16 0.451562 0.376389 0.009375 0.017593
16 0.461719 0.377778 0.010937 0.014815
21 0.493490 0.406944 0.128646 0.071296
11 0.640104 0.479167 0.095833 0.115741
10 0.736198 0.450463 0.100521 0.121296
12 0.831250 0.473148 0.102083 0.114815
2 0.688542 0.662037 0.034375 0.214815
4 0.809375 0.638426 0.093750 0.199074
5 0.872917 0.639352 0.096875 0.225000
13 0.855729 0.351852 0.102083 0.129630
13 0.780729 0.298148 0.093750 0.118519
26 0.629687 0.201852 0.094792 0.179630
14 0.595313 0.336111 0.047917 0.070370
19 0.579167 0.361574 0.031250 0.056481
28 0.520833 0.275926 0.060417 0.112963
17 0.434375 0.092593 0.044792 0.051852
16 0.433854 0.164352 0.012500 0.019444
27 0.415885 0.150926 0.129688 0.301852
29 0.314583 0.150463 0.114583 0.065741
14 0.374219 0.428241 0.032813 0.067593
19 0.389323 0.447222 0.034896 0.050000
30 0.360677 0.341667 0.051562 0.057407
22 0.260677 0.322222 0.070312 0.148148
24 0.206510 0.324537 0.061979 0.137963
34 0.108594 0.353704 0.064062 0.109259
