34 0.010156 0.445833 0.020313 0.084722
24 0.096094 0.416667 0.077604 0.125000
22 0.158854 0.409028 0.087500 0.140278
29 0.260156 0.278472 0.132812 0.063889
16 0.426563 0.254861 0.022917 0.040278
27 0.389844 0.233681 0.163021 0.274306
30 0.282292 0.419097 0.071875 0.070139
19 0.313281 0.506597 0.054688 0.093750
14 0.288542 0.461111 0.080208 0.140278
28 0.515625 0.363542 0.086458 0.110417
31 0.520833 0.464583 0.020833 0.043056
16 0.429688 0.413194 0.013542 0.026389
16 0.418490 0.412847 0.013021 0.025694
16 0.395313 0.412500 0.019792 0.026389
16 0.415885 0.437153 0.016146 0.025694
16 0.395052 0.437153 0.020313 0.022917
16 0.389844 0.462153 0.020313 0.020139
16 0.436198 0.432292 0.009896 0.020139
16 0.543229 0.426736 0.019792 0.022917
16 0.564063 0.428472 0.015625 0.023611
16 0.522917 0.422569 0.014583 0.021528
16 0.507812 0.452778 0.011458 0.013889
21 0.476302 0.459028 0.200521 0.098611
0 0.469010 0.496528 0.122396 0.181944
26 0.648698 0.298264 0.120313 0.184028
14 0.623698 0.370486 0.054688 0.142361
19 0.611458 0.421528 0.053125 0.084722
3 0.752604 0.194097 0.162500 0.128472
11 0.678646 0.505556 0.092708 0.243056
13 0.821875 0.406250 0.055208 0.095833
13 0.872917 0.442361 0.079167 0.100000
12 0.889062 0.531597 0.085417 0.113194
10 0.832292 0.500694 0.066667 0.113889
4 0.904167 0.697222 0.038542 0.220833
5 0.944792 0.673958 0.045833 0.200694
1 0.780729 0.284722 0.120833 0.337500
