34 0.035937 0.354167 0.017708 0.081944
22 0.189062 0.361806 0.091667 0.111111
29 0.299479 0.273611 0.123958 0.054167
30 0.303385 0.404861 0.065104 0.068056
16 0.405990 0.292708 0.026562 0.038194
28 0.519271 0.410069 0.082292 0.103472
27 0.419531 0.274306 0.116146 0.259722
24 0.517969 0.624306 0.117188 0.115278
31 0.488802 0.484722 0.016146 0.025000
16 0.510417 0.469097 0.013542 0.022917
16 0.531250 0.475000 0.016667 0.020833
16 0.549740 0.478819 0.015104 0.021528
16 0.499479 0.512153 0.013542 0.024306
16 0.391146 0.487153 0.011458 0.014583
16 0.423958 0.496875 0.016667 0.018750
16 0.426302 0.470833 0.016146 0.019444
16 0.413802 0.466667 0.013021 0.016667
16 0.402865 0.465278 0.011979 0.019444
16 0.392969 0.462847 0.015104 0.018750
16 0.395573 0.444444 0.019271 0.022222
16 0.416146 0.448611 0.013542 0.023611
16 0.428646 0.451389 0.016667 0.022222
21 0.468490 0.497917 0.178646 0.108333
19 0.371875 0.561806 0.040625 0.070833
14 0.375781 0.533681 0.039062 0.102083
0 0.335677 0.584375 0.117188 0.245139
14 0.594792 0.447917 0.063542 0.127778
19 0.579167 0.494444 0.050000 0.080556
10 0.661458 0.591319 0.114583 0.131250
3 0.691146 0.700694 0.030208 0.095833
4 0.852604 0.795486 0.035417 0.213194
5 0.880469 0.797222 0.039062 0.200000
12 0.852865 0.638194 0.065104 0.097222
13 0.845313 0.550347 0.059375 0.097917
1 0.778125 0.320486 0.080208 0.242361
6 0.667969 0.348264 0.031771 0.032639
2 0.750260 0.271181 0.145313 0.138194
26 0.643750 0.374306 0.116667 0.168056
