28 0.712240 0.240972 0.083854 0.102778
27 0.633854 0.121875 0.130208 0.243750
34 0.096615 0.244097 0.049479 0.114583
13 0.209896 0.301389 0.135417 0.141667
22 0.298438 0.136806 0.116667 0.097222
30 0.398177 0.153125 0.068229 0.072917
17 0.420833 0.060069 0.055208 0.028472
16 0.629167 0.104514 0.012500 0.018750
16 0.552083 0.295486 0.013542 0.027083
16 0.564063 0.297569 0.012500 0.020139
16 0.575781 0.304861 0.011979 0.018056
16 0.587760 0.312153 0.014063 0.017361
16 0.627083 0.359722 0.014583 0.020833
16 0.662760 0.349306 0.014063 0.023611
16 0.676302 0.333333 0.018229 0.020833
16 0.696094 0.343056 0.011979 0.023611
16 0.684635 0.360417 0.016146 0.015278
16 0.703646 0.367361 0.013542 0.019444
16 0.714583 0.377431 0.015625 0.015972
16 0.713281 0.403472 0.013021 0.019444
31 0.717187 0.350000 0.016667 0.027778
21 0.621094 0.352431 0.190104 0.159028
14 0.569531 0.187847 0.050521 0.114583
19 0.557552 0.217361 0.049479 0.093056
14 0.729167 0.253819 0.082292 0.129861
19 0.703646 0.298958 0.060417 0.085417
24 0.904167 0.366319 0.069792 0.088194
12 0.954688 0.479514 0.077083 0.136806
10 0.889583 0.501042 0.105208 0.163194
11 0.794531 0.467361 0.131771 0.172222
5 0.940885 0.649306 0.069271 0.194444
13 0.980208 0.768056 0.039583 0.138889
4 0.871875 0.728125 0.079167 0.245139
2 0.836719 0.692361 0.045312 0.259722
7 0.834635 0.618403 0.053646 0.039583
3 0.710417 0.525347 0.212500 0.171528
16 0.613021 0.438194 0.029167 0.033333
0 0.567708 0.421181 0.134375 0.178472
1 0.674479 0.542014 0.105208 0.246528
26 0.819010 0.272222 0.136979 0.179167
29 0.653385 0.463889 0.159896 0.080556
