34 0.076823 0.217014 0.016146 0.088194
24 0.167448 0.209028 0.092188 0.119444
22 0.229167 0.214931 0.102083 0.127083
29 0.355469 0.105556 0.140104 0.058333
16 0.510938 0.092014 0.015625 0.021528
16 0.469010 0.284375 0.020313 0.021528
16 0.491406 0.292708 0.016146 0.024306
16 0.503906 0.296875 0.013021 0.025694
16 0.448958 0.334375 0.017708 0.021528
16 0.479427 0.331944 0.014063 0.019444
16 0.482812 0.317014 0.016667 0.015972
16 0.533594 0.325694 0.018229 0.018056
16 0.539583 0.354861 0.016667 0.020833
16 0.596354 0.340972 0.018750 0.019444
16 0.619010 0.352431 0.017188 0.021528
16 0.640365 0.364931 0.018229 0.022917
16 0.621354 0.396875 0.016667 0.021528
16 0.560156 0.446181 0.056771 0.035417
7 0.586719 0.447917 0.042188 0.016667
31 0.581510 0.363194 0.025521 0.050000
27 0.493750 0.123958 0.153125 0.247917
28 0.601823 0.276042 0.096354 0.122917
30 0.355729 0.257292 0.064583 0.078472
14 0.343229 0.304861 0.072917 0.154167
19 0.365104 0.356597 0.051042 0.095139
21 0.540365 0.362500 0.210938 0.154167
26 0.755208 0.247569 0.140625 0.190972
14 0.717187 0.334722 0.085417 0.131944
19 0.692187 0.384722 0.065625 0.084722
0 0.510417 0.486458 0.141667 0.224306
13 0.907031 0.437847 0.055729 0.121528
13 0.949740 0.510764 0.076563 0.125694
12 0.938281 0.607292 0.085938 0.127083
10 0.872917 0.558333 0.105208 0.134722
5 0.958854 0.779861 0.066667 0.215278
4 0.917969 0.781944 0.074479 0.222222
2 0.834635 0.769444 0.068229 0.222222
11 0.749479 0.577431 0.157292 0.117361
3 0.752083 0.394444 0.313542 0.144444
1 0.812240 0.514236 0.240104 0.365972
