34 0.101302 0.401736 0.040104 0.117361
17 0.387760 0.175694 0.054688 0.023611
22 0.273698 0.277083 0.109896 0.090278
13 0.187760 0.453819 0.109896 0.122917
30 0.364063 0.275694 0.068750 0.059722
29 0.449479 0.345833 0.110417 0.068056
0 0.375521 0.327431 0.102083 0.104861
14 0.525260 0.287847 0.035937 0.114583
19 0.521094 0.320139 0.040104 0.095833
16 0.589583 0.178125 0.012500 0.022917
27 0.593490 0.185069 0.129688 0.285417
24 0.920312 0.391667 0.084375 0.084722
26 0.807031 0.319097 0.141146 0.196528
28 0.691927 0.307639 0.090104 0.112500
14 0.699740 0.322569 0.070312 0.147917
19 0.680469 0.376389 0.055729 0.094444
12 0.967187 0.507639 0.065625 0.152778
10 0.898958 0.556250 0.134375 0.177778
11 0.788802 0.507639 0.146354 0.181944
31 0.692708 0.430903 0.019792 0.034028
16 0.668490 0.427431 0.016146 0.027083
16 0.644792 0.421528 0.019792 0.025000
16 0.689844 0.462500 0.022396 0.022222
16 0.678385 0.454514 0.015104 0.021528
16 0.689063 0.489931 0.016667 0.022917
16 0.654687 0.478819 0.019792 0.018750
16 0.657031 0.450347 0.019271 0.029861
16 0.620573 0.441667 0.019271 0.026389
16 0.596615 0.434028 0.016146 0.025000
16 0.570833 0.426042 0.017708 0.028472
16 0.552604 0.393403 0.014583 0.028472
16 0.513802 0.404861 0.015104 0.025000
16 0.542188 0.448611 0.013542 0.029167
21 0.593750 0.451389 0.209375 0.138889
1 0.580729 0.692014 0.176042 0.245139
3 0.759115 0.732292 0.079687 0.282639
2 0.845833 0.779167 0.064583 0.288889
4 0.895833 0.812153 0.088542 0.285417
5 0.968750 0.703472 0.062500 0.227778
