1 0.659375 0.488889 0.170833 0.315278
21 0.442708 0.415278 0.204167 0.105556
24 0.051823 0.471181 0.063021 0.146528
22 0.114844 0.445139 0.075521 0.162500
29 0.192969 0.281597 0.131771 0.090972
16 0.324740 0.194097 0.017188 0.015972
27 0.319792 0.202083 0.184375 0.277778
28 0.466406 0.301042 0.083854 0.111806
26 0.594792 0.206944 0.116667 0.186111
16 0.351302 0.382292 0.018229 0.024306
16 0.373437 0.378472 0.012500 0.025000
16 0.385937 0.375694 0.012500 0.023611
16 0.373958 0.403472 0.015625 0.015278
16 0.375000 0.420139 0.015625 0.018056
16 0.397396 0.414236 0.015625 0.018750
16 0.349219 0.437153 0.018229 0.017361
16 0.479948 0.363889 0.019271 0.012500
16 0.502865 0.364583 0.018229 0.019444
16 0.525521 0.363194 0.018750 0.019444
32 0.509635 0.420486 0.020313 0.039583
0 0.449479 0.463194 0.143750 0.197222
30 0.237240 0.417708 0.068229 0.079861
14 0.248438 0.462500 0.096875 0.125000
19 0.280469 0.501389 0.060937 0.090278
14 0.582812 0.294097 0.050000 0.147917
19 0.571615 0.347917 0.048438 0.086111
33 0.589063 0.370139 0.019792 0.030556
13 0.762240 0.279514 0.094271 0.096528
13 0.837500 0.305556 0.080208 0.091667
12 0.862500 0.394792 0.083333 0.099306
10 0.773438 0.388194 0.127083 0.131944
5 0.927865 0.522917 0.056771 0.193056
4 0.883333 0.553819 0.039583 0.215972
2 0.811458 0.596875 0.035417 0.225694
3 0.780469 0.576389 0.065104 0.233333
11 0.680990 0.482986 0.151562 0.193750
