2 0.753125 0.532639 0.052083 0.298611
24 0.811458 0.180556 0.087500 0.088889
18 0.393490 0.517014 0.090104 0.027083
1 0.623437 0.607292 0.144792 0.225694
3 0.723437 0.532292 0.066667 0.295139
4 0.673438 0.507292 0.127083 0.307639
5 0.837500 0.526736 0.097917 0.292361
11 0.879427 0.252083 0.120313 0.120833
12 0.698698 0.296528 0.144271 0.141667
13 0.962500 0.394792 0.070833 0.143750
29 0.813021 0.127778 0.106250 0.075000
26 0.684635 0.101389 0.143229 0.201389
14 0.562760 0.117708 0.063021 0.174306
19 0.547135 0.179861 0.052604 0.100000
28 0.552083 0.108333 0.091667 0.112500
17 0.417448 0.014236 0.046354 0.028472
27 0.437500 0.080556 0.139583 0.161111
19 0.375521 0.170486 0.050000 0.106250
14 0.366667 0.138194 0.047917 0.131944
30 0.258333 0.201736 0.078125 0.078472
23 0.102865 0.282292 0.094271 0.147917
16 0.278385 0.033681 0.011979 0.018750
10 0.897656 0.359375 0.125521 0.168750
13 0.805729 0.309375 0.117708 0.135417
16 0.379167 0.233333 0.014583 0.027778
16 0.392448 0.232639 0.015104 0.026389
16 0.405990 0.232292 0.015104 0.025694
16 0.419271 0.228472 0.014583 0.025000
16 0.433333 0.229514 0.014583 0.027083
16 0.375781 0.275694 0.016146 0.026389
16 0.390885 0.273958 0.017188 0.020139
16 0.523958 0.230208 0.021875 0.021528
16 0.549479 0.231597 0.014583 0.025694
16 0.536458 0.257639 0.022917 0.018056
16 0.562240 0.255208 0.015104 0.020139
16 0.576302 0.259722 0.021354 0.019444
16 0.581250 0.289931 0.014583 0.021528
21 0.477604 0.278472 0.229167 0.098611
31 0.575260 0.228819 0.018229 0.031250
17 0.521354 0.428819 0.090625 0.024306
17 0.520573 0.454861 0.091146 0.022222
17 0.529167 0.481250 0.075000 0.022222
17 0.519531 0.507292 0.080729 0.021528
17 0.519531 0.534375 0.085938 0.021528
17 0.519792 0.576389 0.083333 0.020833
18 0.519531 0.518403 0.079687 0.034028
22 0.517969 0.507639 0.102604 0.195833
0 0.424219 0.610417 0.138021 0.306944
