22 0.111979 0.335069 0.097917 0.086806
13 0.100521 0.418750 0.108333 0.127778
30 0.196615 0.313194 0.064062 0.063889
29 0.259115 0.348611 0.146354 0.069444
16 0.366406 0.333681 0.014063 0.025694
16 0.377344 0.332639 0.014063 0.023611
16 0.386979 0.332986 0.014583 0.024306
16 0.398958 0.331250 0.012500 0.025000
16 0.409896 0.330556 0.013542 0.023611
16 0.366146 0.370486 0.013542 0.018750
16 0.388021 0.376042 0.013542 0.021528
16 0.452865 0.326736 0.015104 0.024306
16 0.484896 0.326389 0.018750 0.022222
16 0.508854 0.324306 0.016667 0.023611
31 0.530208 0.321528 0.015625 0.033333
16 0.520312 0.341319 0.013542 0.018750
16 0.533333 0.343056 0.014583 0.016667
16 0.535677 0.365278 0.017188 0.015278
21 0.450260 0.368403 0.193229 0.090972
19 0.396354 0.282292 0.040625 0.086806
19 0.474740 0.287153 0.040104 0.082639
14 0.388281 0.233681 0.038021 0.153472
14 0.474219 0.237153 0.036979 0.150694
28 0.494271 0.218750 0.075000 0.094444
27 0.387500 0.148958 0.127083 0.259028
26 0.598958 0.203472 0.113542 0.183333
12 0.798958 0.302083 0.091667 0.126389
10 0.649219 0.371181 0.139063 0.159028
11 0.752604 0.395486 0.123958 0.149306
13 0.931510 0.536806 0.092188 0.140278
5 0.833073 0.460417 0.060937 0.197222
25 0.553385 0.468403 0.104688 0.113194
24 0.550521 0.496181 0.121875 0.109028
0 0.466927 0.479861 0.173437 0.204167
1 0.650521 0.634028 0.102083 0.262500
2 0.686458 0.580208 0.104167 0.249306
3 0.719792 0.560417 0.055208 0.245833
4 0.762760 0.582639 0.051562 0.262500
17 0.200521 0.214931 0.050000 0.038194
