3 0.670833 0.864583 0.053125 0.102778
4 0.925260 0.948611 0.049479 0.102778
5 0.959896 0.947569 0.040625 0.104861
12 0.939844 0.843750 0.076563 0.109722
10 0.899740 0.796181 0.084896 0.134028
13 0.952604 0.750694 0.066667 0.112500
13 0.909896 0.683681 0.073958 0.114583
26 0.840885 0.505903 0.085938 0.147917
28 0.672917 0.525000 0.081250 0.120833
16 0.677083 0.600347 0.016667 0.017361
16 0.630729 0.600694 0.013542 0.025000
16 0.613802 0.572222 0.014063 0.019444
16 0.599740 0.580556 0.017188 0.018056
16 0.575781 0.565625 0.020313 0.018750
16 0.544792 0.578819 0.019792 0.025694
16 0.555469 0.552431 0.019271 0.018750
16 0.595313 0.542361 0.012500 0.025000
16 0.583854 0.538194 0.013542 0.026389
16 0.560937 0.522222 0.021875 0.019444
21 0.612760 0.611111 0.183854 0.181944
0 0.615104 0.699306 0.150000 0.163889
31 0.622656 0.364583 0.020313 0.070833
16 0.610677 0.320486 0.013021 0.017361
1 0.692187 0.352083 0.161458 0.194444
27 0.591406 0.320833 0.138021 0.316667
29 0.440885 0.279514 0.147396 0.092361
22 0.299479 0.372569 0.116667 0.160417
24 0.229427 0.341667 0.114062 0.147222
34 0.118750 0.307292 0.013542 0.110417
30 0.435937 0.456250 0.083333 0.086111
14 0.458854 0.545833 0.062500 0.141667
19 0.451562 0.590278 0.056250 0.090278
