21 0.397135 0.413542 0.204687 0.121528
24 0.030729 0.505903 0.058333 0.146528
22 0.085156 0.474653 0.073438 0.163194
29 0.153125 0.303472 0.122917 0.100000
16 0.273438 0.200694 0.012500 0.023611
28 0.417448 0.294444 0.085938 0.112500
27 0.268229 0.213889 0.191667 0.272222
26 0.540625 0.185069 0.120833 0.188194
14 0.531510 0.276042 0.040104 0.153472
19 0.524219 0.333333 0.043229 0.086111
13 0.730208 0.240625 0.100000 0.095139
13 0.811458 0.261111 0.085417 0.091667
30 0.197917 0.438194 0.067708 0.087500
14 0.201563 0.483681 0.108333 0.113194
19 0.237240 0.516319 0.065104 0.086806
16 0.302344 0.390278 0.016146 0.025000
16 0.323958 0.383333 0.012500 0.023611
16 0.336198 0.379514 0.011979 0.021528
16 0.324740 0.409375 0.015104 0.017361
16 0.326562 0.426389 0.013542 0.018056
16 0.301302 0.446875 0.017188 0.017361
16 0.349740 0.417708 0.018229 0.015972
16 0.453125 0.357292 0.019792 0.018750
16 0.476823 0.352083 0.019271 0.019444
31 0.449219 0.402431 0.014063 0.014583
0 0.409375 0.439931 0.118750 0.181250
10 0.741406 0.354514 0.132812 0.132639
12 0.838021 0.353819 0.092708 0.100694
5 0.914583 0.480903 0.063542 0.199306
4 0.865885 0.516667 0.046354 0.223611
2 0.786198 0.568056 0.042188 0.236111
11 0.641146 0.457292 0.157292 0.200694
3 0.579427 0.558681 0.202604 0.082639
1 0.602083 0.645486 0.207292 0.261806
