13 0.245312 0.562963 0.104167 0.142593
12 0.461198 0.606944 0.107813 0.180556
5 0.367708 0.527315 0.087500 0.195370
4 0.380208 0.378241 0.080208 0.117593
24 0.569010 0.625463 0.074479 0.167593
2 0.404427 0.337037 0.083854 0.068519
10 0.465885 0.400926 0.089063 0.175926
11 0.520052 0.337500 0.078646 0.154630
31 0.561719 0.275926 0.007812 0.024074
16 0.537760 0.265278 0.009896 0.017593
16 0.550260 0.268981 0.007812 0.013889
16 0.552083 0.259722 0.006250 0.012037
16 0.545833 0.246296 0.009375 0.014815
16 0.558333 0.250463 0.009375 0.012037
16 0.566667 0.262963 0.006250 0.011111
16 0.571354 0.250000 0.007292 0.012963
16 0.563542 0.232870 0.008333 0.012037
16 0.569271 0.221759 0.009375 0.012037
16 0.564583 0.202315 0.010417 0.013889
16 0.575260 0.211111 0.007812 0.011111
16 0.588281 0.205093 0.008854 0.010185
21 0.566406 0.246296 0.066146 0.124074
29 0.531771 0.222222 0.046875 0.092593
14 0.597135 0.228241 0.022396 0.047222
14 0.632031 0.175463 0.026562 0.095370
19 0.626042 0.202315 0.027083 0.078704
30 0.664323 0.144907 0.032813 0.056481
22 0.673958 0.100463 0.050000 0.071296
13 0.591667 0.067130 0.045833 0.080556
34 0.629427 0.026852 0.048438 0.016667
26 0.614844 0.336111 0.093229 0.192593
28 0.660156 0.326389 0.023438 0.086111
16 0.671354 0.224074 0.018750 0.040741
27 0.707812 0.222685 0.148958 0.206481
1 0.478125 0.081481 0.070833 0.133333
0 0.490885 0.151389 0.063021 0.073148
16 0.504167 0.152315 0.009375 0.025000
7 0.500781 0.148148 0.004687 0.018519
3 0.494010 0.080556 0.038021 0.120370
16 0.671094 0.224074 0.019271 0.040741
