17 0.366667 0.035417 0.058333 0.026389
30 0.344792 0.133681 0.072917 0.065972
22 0.241406 0.125000 0.122396 0.093056
13 0.212500 0.206597 0.131250 0.128472
29 0.410677 0.205903 0.167187 0.095139
16 0.586198 0.105208 0.019271 0.049306
27 0.586979 0.105903 0.145833 0.211806
16 0.534115 0.252431 0.015104 0.029861
16 0.545833 0.257639 0.013542 0.027778
16 0.556250 0.262153 0.016667 0.027083
16 0.568490 0.267708 0.015104 0.027083
16 0.579427 0.271181 0.017188 0.027083
16 0.550260 0.312500 0.013021 0.020833
16 0.624219 0.291319 0.016146 0.025694
16 0.655208 0.308333 0.018750 0.025000
16 0.676302 0.316667 0.017188 0.023611
31 0.696875 0.323611 0.020833 0.030556
16 0.685937 0.342708 0.014583 0.021528
16 0.697396 0.351389 0.014583 0.016667
16 0.695573 0.376389 0.017188 0.019444
21 0.601302 0.328472 0.195312 0.156944
19 0.569531 0.213889 0.054688 0.093056
19 0.649740 0.264236 0.059896 0.088194
14 0.585677 0.161111 0.065104 0.158333
14 0.669271 0.211806 0.069792 0.148611
28 0.675521 0.202431 0.085417 0.109028
26 0.783854 0.235069 0.140625 0.185417
12 0.923698 0.436458 0.084896 0.139583
10 0.791927 0.429514 0.134896 0.142361
11 0.891406 0.503125 0.072396 0.140972
13 0.968229 0.722569 0.063542 0.139583
5 0.915625 0.607639 0.071875 0.197222
16 0.553906 0.518750 0.060937 0.034722
7 0.579948 0.528819 0.070312 0.014583
24 0.665104 0.484722 0.125000 0.154167
3 0.758854 0.515625 0.310417 0.128472
1 0.832031 0.589583 0.197396 0.288889
0 0.494271 0.589931 0.161458 0.265972
