6 0.562760 0.465972 0.009896 0.011111
2 0.646354 0.354167 0.171875 0.226389
1 0.680208 0.365625 0.093750 0.242361
10 0.562760 0.437153 0.130729 0.199306
0 0.506510 0.387847 0.136979 0.097917
12 0.742188 0.382292 0.070833 0.114583
13 0.766667 0.538194 0.055208 0.201389
13 0.870052 0.608681 0.096354 0.139583
11 0.675781 0.474306 0.125521 0.133333
3 0.632812 0.619097 0.039583 0.186806
26 0.516927 0.280556 0.114062 0.158333
28 0.421354 0.307986 0.071875 0.092361
14 0.391406 0.324653 0.035937 0.129861
19 0.394531 0.366667 0.029687 0.045833
16 0.312760 0.258681 0.011979 0.007639
19 0.321615 0.380208 0.043229 0.084028
14 0.311198 0.330208 0.044271 0.143750
27 0.319792 0.241319 0.122917 0.256250
29 0.191406 0.439236 0.136979 0.063194
30 0.135937 0.401042 0.062500 0.061806
22 0.057552 0.420486 0.092188 0.085417
13 0.047396 0.503819 0.094792 0.117361
17 0.145052 0.298264 0.046354 0.035417
16 0.287240 0.472569 0.017188 0.027083
16 0.305990 0.474306 0.013021 0.019444
16 0.289844 0.428819 0.015104 0.024306
16 0.300260 0.427778 0.014063 0.022222
16 0.309635 0.428125 0.013021 0.024306
16 0.320573 0.426389 0.011979 0.025000
16 0.331771 0.424653 0.012500 0.024306
16 0.369792 0.417361 0.009375 0.013889
21 0.323698 0.464583 0.094271 0.086111
