24 0.066927 0.434375 0.074479 0.145139
22 0.134635 0.419444 0.082812 0.161111
29 0.232292 0.264583 0.141667 0.076389
16 0.359375 0.234028 0.029167 0.044444
27 0.366927 0.215278 0.169271 0.300000
28 0.511719 0.336111 0.088021 0.115278
26 0.643750 0.260069 0.125000 0.184028
33 0.647656 0.336111 0.018229 0.022222
14 0.628906 0.348611 0.067187 0.137500
19 0.610938 0.398611 0.056250 0.086111
31 0.508854 0.453472 0.021875 0.015278
16 0.434896 0.427431 0.015625 0.028472
16 0.420833 0.429514 0.016667 0.027083
16 0.398958 0.430208 0.014583 0.027083
16 0.398958 0.459028 0.015625 0.029167
16 0.529948 0.422917 0.015104 0.026389
16 0.467969 0.485764 0.007812 0.020139
16 0.401302 0.489583 0.015104 0.027778
16 0.552865 0.421181 0.018229 0.017361
16 0.573438 0.421528 0.015625 0.025000
0 0.463281 0.513889 0.121354 0.198611
21 0.487500 0.469444 0.209375 0.100000
3 0.640625 0.639236 0.184375 0.103472
1 0.726562 0.426389 0.169792 0.286111
11 0.692708 0.535417 0.119792 0.150000
13 0.793490 0.357292 0.090104 0.102083
13 0.860417 0.393056 0.076042 0.095833
12 0.878646 0.481944 0.080208 0.101389
10 0.812500 0.463542 0.095833 0.127083
4 0.892188 0.618750 0.036458 0.169444
5 0.931510 0.614236 0.045312 0.192361
30 0.269792 0.417361 0.071875 0.079167
19 0.313542 0.518403 0.057292 0.095139
14 0.293490 0.467708 0.074479 0.153472
16 0.516406 0.480556 0.011979 0.018056
