13 0.932813 0.771181 0.068750 0.139583
10 0.872135 0.750694 0.117188 0.144444
11 0.863542 0.639236 0.110417 0.120139
13 0.811979 0.701389 0.057292 0.119444
12 0.642188 0.690278 0.042708 0.130556
29 0.812760 0.497917 0.096354 0.069444
26 0.693750 0.483333 0.138542 0.181944
28 0.571094 0.476389 0.086979 0.118056
23 0.129427 0.511458 0.105729 0.143750
30 0.285417 0.498264 0.075000 0.078472
14 0.395833 0.474306 0.038542 0.086111
24 0.807031 0.555903 0.080729 0.090972
17 0.582812 0.432639 0.039583 0.027778
17 0.464062 0.355208 0.058333 0.039583
27 0.466927 0.343403 0.129688 0.271528
19 0.392969 0.513194 0.036979 0.079167
16 0.328385 0.316667 0.011979 0.020833
16 0.529427 0.615278 0.019271 0.020833
16 0.551042 0.617014 0.015625 0.024306
16 0.536458 0.646181 0.019792 0.018750
16 0.560677 0.648264 0.015104 0.027083
16 0.573698 0.652778 0.019271 0.019444
16 0.573438 0.681597 0.013542 0.027083
31 0.575781 0.619444 0.018229 0.029167
21 0.532552 0.655556 0.101562 0.104167
0 0.529948 0.415625 0.102604 0.136806
1 0.638021 0.451042 0.104167 0.153472
17 0.885938 0.923264 0.041667 0.060417
17 0.878385 0.879514 0.043229 0.047917
17 0.846094 0.852083 0.029687 0.052778
17 0.851042 0.872222 0.028125 0.050000
18 0.591667 0.845139 0.017708 0.105556
4 0.635938 0.861806 0.067708 0.226389
17 0.529427 0.794097 0.073438 0.036806
22 0.512760 0.862153 0.120313 0.196528
