0 0.494010 0.442708 0.103646 0.188194
27 0.459635 0.157986 0.120313 0.264583
21 0.480469 0.400347 0.199479 0.093750
34 0.005990 0.430208 0.010937 0.065972
13 0.097656 0.482986 0.121354 0.122917
22 0.157031 0.296528 0.104688 0.087500
30 0.247656 0.284722 0.067187 0.058333
17 0.260156 0.182986 0.051562 0.029861
16 0.447396 0.160764 0.011458 0.017361
14 0.396094 0.265625 0.033854 0.117361
19 0.401042 0.296181 0.038542 0.085417
14 0.565885 0.265625 0.054688 0.145139
19 0.552344 0.318403 0.045312 0.085417
26 0.669792 0.250000 0.121875 0.183333
24 0.783073 0.300000 0.083854 0.066667
12 0.845573 0.375000 0.075521 0.105556
4 0.805729 0.600000 0.039583 0.119444
2 0.746615 0.624306 0.047396 0.209722
10 0.780469 0.442014 0.109896 0.159028
11 0.666146 0.422222 0.140625 0.144444
7 0.659375 0.498958 0.070833 0.032639
1 0.904687 0.494792 0.176042 0.282639
29 0.554688 0.486111 0.109375 0.056944
16 0.400260 0.349653 0.016146 0.031250
16 0.394271 0.375000 0.012500 0.020833
16 0.406771 0.375347 0.012500 0.021528
16 0.419531 0.378472 0.013021 0.018056
16 0.433594 0.353125 0.013021 0.022917
16 0.546615 0.363889 0.013021 0.022222
16 0.557292 0.386111 0.013542 0.020833
16 0.571094 0.389583 0.014063 0.015278
16 0.571875 0.414931 0.012500 0.021528
16 0.536979 0.413194 0.016667 0.015278
31 0.569792 0.363194 0.014583 0.029167
28 0.559375 0.254861 0.081250 0.100000
3 0.830469 0.423611 0.293229 0.162500
13 0.956771 0.651389 0.086458 0.143056
