34 0.316667 0.906481 0.076042 0.046296
24 0.367708 0.705556 0.115625 0.157407
22 0.407552 0.614352 0.106771 0.136111
30 0.475521 0.501389 0.044792 0.082407
29 0.358073 0.485648 0.073438 0.132407
17 0.390625 0.381481 0.027083 0.035185
16 0.428385 0.334722 0.015104 0.036111
27 0.422396 0.337963 0.133333 0.200000
28 0.516667 0.344444 0.050000 0.085185
26 0.527344 0.244444 0.068229 0.142593
19 0.539583 0.483796 0.029167 0.091667
16 0.560677 0.337500 0.010937 0.015741
16 0.555208 0.346296 0.009375 0.016667
16 0.549740 0.355093 0.007812 0.017593
16 0.514062 0.412037 0.009375 0.016667
16 0.519792 0.399074 0.007292 0.018519
16 0.523698 0.393981 0.005729 0.012037
16 0.539323 0.391204 0.005729 0.012037
16 0.528125 0.417130 0.011458 0.012037
16 0.550781 0.403704 0.009896 0.012963
16 0.566146 0.345833 0.007292 0.008333
16 0.571615 0.347222 0.006771 0.011111
21 0.541146 0.398611 0.069792 0.117593
14 0.537760 0.447222 0.034896 0.118519
19 0.564323 0.309259 0.021354 0.070370
14 0.564583 0.275463 0.026042 0.119444
32 0.598177 0.340278 0.005729 0.034259
0 0.602083 0.386574 0.065625 0.126852
1 0.650781 0.344907 0.101562 0.087963
11 0.621875 0.263426 0.081250 0.113889
10 0.641406 0.235185 0.058854 0.083333
13 0.628906 0.188426 0.049479 0.058333
13 0.595052 0.212500 0.051562 0.067593
12 0.669010 0.214815 0.046354 0.075926
5 0.732812 0.223611 0.086458 0.067593
4 0.728646 0.250463 0.086458 0.069444
2 0.720052 0.299074 0.086979 0.068519
3 0.645312 0.387963 0.038542 0.042593
