0 0.521875 0.522917 0.135417 0.180556
34 0.018490 0.228819 0.021354 0.097917
24 0.128646 0.227778 0.104167 0.130556
29 0.327083 0.135417 0.144792 0.069444
22 0.199219 0.238542 0.105729 0.136806
30 0.335156 0.288194 0.075521 0.080556
16 0.485938 0.186111 0.022917 0.050000
27 0.472135 0.146181 0.139063 0.292361
14 0.356250 0.338542 0.063542 0.160417
19 0.359375 0.391667 0.046875 0.102778
28 0.575000 0.319097 0.089583 0.117361
16 0.567448 0.478819 0.043229 0.035417
31 0.593229 0.440278 0.018750 0.023611
16 0.616406 0.404514 0.018229 0.021528
16 0.596875 0.393056 0.018750 0.023611
16 0.576562 0.381944 0.017708 0.025000
16 0.533854 0.369444 0.017708 0.016667
16 0.563021 0.412847 0.016667 0.021528
16 0.459375 0.326736 0.020833 0.024306
16 0.480990 0.335069 0.015104 0.025694
16 0.492708 0.341319 0.018750 0.024306
16 0.477344 0.357292 0.019271 0.015972
16 0.474479 0.372222 0.020833 0.018056
16 0.446094 0.373958 0.019271 0.022917
16 0.497917 0.381597 0.019792 0.020139
21 0.522396 0.403472 0.191667 0.151389
1 0.648438 0.680903 0.128125 0.317361
3 0.640104 0.672569 0.145833 0.164583
19 0.657813 0.417708 0.062500 0.077083
14 0.684115 0.374306 0.086979 0.113889
26 0.707031 0.295833 0.129688 0.172222
11 0.717708 0.583333 0.133333 0.138889
13 0.819792 0.452778 0.073958 0.109722
13 0.869010 0.513889 0.065104 0.106944
10 0.806771 0.550347 0.104167 0.139583
12 0.867969 0.596875 0.073438 0.110417
5 0.892969 0.743403 0.044271 0.188194
4 0.863802 0.749653 0.045312 0.199306
2 0.793490 0.753125 0.054688 0.203472
