26 0.676302 0.218056 0.122396 0.187500
27 0.417969 0.212153 0.129688 0.178472
3 0.624740 0.562847 0.138021 0.131250
11 0.733333 0.425000 0.144792 0.250000
16 0.416927 0.355208 0.020313 0.017361
14 0.662500 0.273958 0.055208 0.096528
28 0.538021 0.281944 0.087500 0.109722
16 0.440104 0.356597 0.014583 0.024306
21 0.503385 0.401736 0.207813 0.092361
14 0.310937 0.370833 0.068750 0.159722
30 0.301302 0.335764 0.070312 0.068750
22 0.179167 0.330208 0.086458 0.139583
29 0.281510 0.200694 0.132812 0.065278
16 0.454688 0.358333 0.018750 0.022222
16 0.415885 0.379514 0.014063 0.021528
16 0.464323 0.382639 0.016146 0.018056
16 0.412760 0.408681 0.013021 0.021528
16 0.450260 0.408681 0.013021 0.022917
16 0.547917 0.360417 0.013542 0.023611
16 0.475000 0.411806 0.017708 0.018056
16 0.571094 0.362500 0.019271 0.019444
16 0.592708 0.364931 0.014583 0.020139
16 0.500521 0.383333 0.011458 0.019444
16 0.437760 0.410417 0.017188 0.016667
13 0.835677 0.335417 0.092188 0.109722
24 0.117448 0.341319 0.076563 0.124306
1 0.680729 0.469097 0.170833 0.327083
0 0.515625 0.488194 0.120833 0.197222
19 0.329948 0.426042 0.056771 0.095139
13 0.905729 0.382639 0.080208 0.105556
4 0.930990 0.643056 0.049479 0.209722
10 0.833073 0.442014 0.123438 0.150694
12 0.918750 0.475000 0.087500 0.116667
5 0.968750 0.629514 0.041667 0.206250
34 0.030208 0.376042 0.025000 0.079861
16 0.542448 0.418403 0.025521 0.024306
2 0.821615 0.681944 0.066146 0.245833
32 0.600521 0.361111 0.025000 0.025000
