3 0.669531 0.367593 0.044271 0.055556
0 0.610938 0.412037 0.065625 0.122222
5 0.708333 0.208333 0.037500 0.033333
12 0.668229 0.201389 0.045833 0.047222
13 0.596354 0.200926 0.047917 0.042593
11 0.637240 0.332870 0.053646 0.073148
14 0.569271 0.296296 0.015625 0.081481
14 0.539583 0.442593 0.034375 0.127778
19 0.540885 0.488889 0.029687 0.090741
19 0.566927 0.313889 0.023438 0.066667
22 0.407031 0.614815 0.106771 0.135185
24 0.367448 0.706944 0.114062 0.158333
26 0.526823 0.245370 0.068229 0.140741
27 0.426042 0.343056 0.136458 0.210185
28 0.517448 0.346296 0.049479 0.085185
30 0.475260 0.502315 0.045312 0.084259
29 0.358333 0.487037 0.072917 0.133333
34 0.316146 0.906944 0.077083 0.047222
16 0.523698 0.417130 0.009896 0.015741
16 0.564844 0.401852 0.006771 0.014815
16 0.558854 0.412500 0.007292 0.015741
16 0.547656 0.402778 0.008854 0.011111
16 0.564323 0.349074 0.007812 0.014815
16 0.570312 0.340278 0.008333 0.015741
16 0.447656 0.358796 0.010937 0.043519
16 0.535156 0.396759 0.006771 0.013889
16 0.559635 0.359259 0.009896 0.016667
21 0.555990 0.399074 0.079687 0.114815
16 0.555469 0.419444 0.007812 0.014815
17 0.396094 0.387037 0.018229 0.025926
31 0.506510 0.262037 0.014063 0.055556
13 0.628385 0.189815 0.048438 0.059259
1 0.559635 0.229167 0.133854 0.108333
