34 0.108333 0.353704 0.064583 0.109259
24 0.206510 0.324074 0.063021 0.138889
22 0.260417 0.321759 0.070833 0.147222
30 0.357292 0.341667 0.045833 0.057407
29 0.315365 0.150463 0.116146 0.067593
17 0.433594 0.086574 0.043229 0.045370
16 0.420312 0.183796 0.010417 0.025000
31 0.452083 0.245833 0.014583 0.021296
28 0.525521 0.275463 0.052083 0.113889
26 0.630208 0.200926 0.095833 0.181481
27 0.416406 0.145833 0.138021 0.291667
14 0.373698 0.427315 0.045312 0.067593
19 0.386458 0.446296 0.034375 0.050000
16 0.440104 0.362500 0.009375 0.023148
16 0.454688 0.364352 0.010417 0.023148
16 0.462500 0.364815 0.011458 0.020370
16 0.439583 0.388426 0.013542 0.021296
16 0.436979 0.414815 0.013542 0.016667
16 0.453385 0.417593 0.011979 0.020370
16 0.460156 0.418519 0.008854 0.024074
16 0.460156 0.393056 0.011979 0.019444
16 0.475000 0.419907 0.010417 0.021296
16 0.481771 0.374537 0.006250 0.017593
16 0.539323 0.377778 0.009896 0.016667
16 0.552083 0.380556 0.009375 0.024074
16 0.550521 0.420370 0.005208 0.016667
21 0.494271 0.399074 0.131250 0.087037
1 0.500000 0.345370 0.112500 0.279630
0 0.480208 0.517593 0.058333 0.137037
3 0.643490 0.601852 0.076563 0.042593
2 0.707552 0.648611 0.054688 0.206481
4 0.816927 0.643519 0.073438 0.224074
5 0.872135 0.638889 0.085938 0.229630
19 0.582292 0.357870 0.033333 0.056481
14 0.594792 0.330556 0.042708 0.085185
13 0.780990 0.297685 0.094271 0.119444
13 0.856250 0.351852 0.102083 0.131481
10 0.734375 0.450926 0.106250 0.122222
12 0.831510 0.472685 0.102604 0.113889
11 0.635938 0.502315 0.097917 0.126852
