34 0.029167 0.350000 0.021875 0.087500
24 0.113021 0.322222 0.077083 0.126389
22 0.174219 0.317361 0.091146 0.144444
29 0.284635 0.179167 0.138021 0.061111
16 0.429688 0.134028 0.014583 0.020833
16 0.414323 0.340625 0.019271 0.024306
16 0.437240 0.343750 0.015104 0.023611
16 0.450000 0.344792 0.013542 0.024306
16 0.431771 0.371181 0.017708 0.017361
16 0.429688 0.387847 0.016667 0.017361
16 0.452865 0.390278 0.016146 0.019444
16 0.399740 0.396875 0.018229 0.021528
16 0.548177 0.370139 0.019271 0.022222
16 0.572656 0.377083 0.019271 0.022222
16 0.597656 0.383333 0.019271 0.019444
31 0.555729 0.431250 0.014583 0.023611
27 0.418490 0.146875 0.172396 0.293750
28 0.548177 0.294444 0.094271 0.120833
26 0.702865 0.234722 0.136979 0.198611
30 0.298177 0.338542 0.070312 0.072917
14 0.290104 0.392361 0.090625 0.137500
19 0.319531 0.436458 0.058854 0.090972
16 0.504948 0.384722 0.014063 0.009722
21 0.496615 0.405208 0.216146 0.129861
0 0.505990 0.463542 0.110937 0.165972
14 0.670312 0.329514 0.076042 0.135417
19 0.648698 0.385764 0.059896 0.086806
7 0.573958 0.419444 0.037500 0.018056
3 0.694792 0.351389 0.219792 0.150000
13 0.866667 0.383333 0.089583 0.123611
13 0.932292 0.442361 0.080208 0.119444
12 0.933333 0.545486 0.088542 0.121528
10 0.847917 0.505903 0.125000 0.156250
11 0.731250 0.560764 0.163542 0.159028
5 0.970313 0.710764 0.052083 0.221528
4 0.931771 0.727083 0.055208 0.237500
2 0.838542 0.743056 0.067708 0.240278
1 0.739062 0.476736 0.181250 0.374306
17 0.417448 0.125694 0.009896 0.009722
