5 0.244792 0.573148 0.091667 0.207407
4 0.305990 0.485648 0.059896 0.165741
2 0.373437 0.381019 0.066667 0.123148
12 0.361458 0.566204 0.110417 0.184259
13 0.405990 0.675000 0.115104 0.194444
13 0.492188 0.584259 0.103125 0.181481
10 0.445312 0.432870 0.095833 0.180556
11 0.501823 0.342593 0.116146 0.164815
3 0.490885 0.278241 0.097396 0.054630
32 0.551823 0.192593 0.011979 0.031481
0 0.556510 0.181481 0.052604 0.070370
1 0.499740 0.226852 0.107813 0.070370
19 0.605990 0.163426 0.024479 0.075000
14 0.615625 0.122685 0.032292 0.121296
34 0.708073 0.060185 0.048438 0.020370
24 0.699740 0.106944 0.057813 0.062037
22 0.686979 0.130093 0.061458 0.069444
30 0.654167 0.180556 0.034375 0.059259
16 0.722917 0.229167 0.009375 0.047222
29 0.746615 0.199537 0.027604 0.097222
17 0.754948 0.297222 0.029687 0.035185
27 0.729427 0.214815 0.149479 0.227778
16 0.607812 0.203241 0.008333 0.017593
16 0.618750 0.209722 0.007292 0.019444
16 0.630469 0.215741 0.007812 0.018519
16 0.625260 0.223148 0.008854 0.009259
16 0.623177 0.230093 0.010937 0.013889
16 0.608073 0.225463 0.008854 0.010185
16 0.613542 0.213889 0.007292 0.014815
16 0.597135 0.219444 0.008854 0.016667
16 0.590104 0.280556 0.006250 0.011111
16 0.565104 0.278704 0.007292 0.012963
21 0.594271 0.264352 0.080208 0.119444
19 0.572396 0.330093 0.027083 0.086111
14 0.584375 0.298148 0.039583 0.120370
26 0.631510 0.359722 0.092188 0.200926
