34 0.051562 0.221181 0.019792 0.081250
22 0.204687 0.195139 0.101042 0.133333
29 0.326562 0.078819 0.140625 0.053472
30 0.326823 0.222222 0.073438 0.070833
19 0.381510 0.291667 0.051562 0.105556
14 0.372917 0.253819 0.046875 0.129861
16 0.444010 0.080556 0.029687 0.045833
27 0.460938 0.105208 0.143750 0.210417
28 0.584635 0.214583 0.097396 0.122222
31 0.544792 0.302431 0.020833 0.029861
16 0.471615 0.264236 0.021354 0.025694
16 0.457292 0.261111 0.016667 0.026389
16 0.432292 0.257639 0.021875 0.025000
16 0.427604 0.279861 0.015625 0.020833
16 0.441146 0.281597 0.014583 0.022917
16 0.453385 0.283681 0.016146 0.020139
16 0.467969 0.285764 0.016146 0.021528
16 0.425260 0.312847 0.022396 0.025694
16 0.464844 0.320486 0.021354 0.022917
16 0.556771 0.338542 0.015625 0.024306
16 0.570312 0.284375 0.016667 0.028472
16 0.596094 0.292014 0.020313 0.027083
16 0.619010 0.296181 0.018229 0.025694
21 0.516406 0.318403 0.220312 0.121528
25 0.388802 0.439236 0.108854 0.118750
0 0.435677 0.452778 0.198437 0.216667
7 0.546354 0.407292 0.044792 0.025694
24 0.571094 0.453819 0.144271 0.118750
3 0.677604 0.319444 0.238542 0.175000
1 0.743750 0.440278 0.160417 0.390278
10 0.742708 0.437847 0.152083 0.142361
11 0.865885 0.564583 0.131771 0.158333
4 0.953125 0.710764 0.038542 0.249306
5 0.970833 0.717014 0.058333 0.232639
12 0.951562 0.518056 0.089583 0.131944
13 0.953385 0.420486 0.079687 0.125694
13 0.890885 0.349306 0.091146 0.131944
14 0.675781 0.260069 0.080729 0.154861
19 0.655469 0.311458 0.059896 0.088194
26 0.738021 0.163889 0.142708 0.183333
