34 0.025260 0.382292 0.050521 0.128472
13 0.147656 0.460417 0.143229 0.154167
22 0.234635 0.276389 0.121354 0.111111
17 0.357031 0.192014 0.054688 0.031250
30 0.336719 0.297222 0.069271 0.077778
19 0.498177 0.367361 0.051562 0.091667
19 0.639844 0.438194 0.059896 0.081944
14 0.510156 0.337500 0.052604 0.105556
14 0.663281 0.396528 0.079687 0.126389
28 0.644792 0.370833 0.079167 0.097222
16 0.561719 0.277778 0.025521 0.043056
27 0.565104 0.249653 0.137500 0.268750
7 0.691667 0.374306 0.044792 0.033333
3 0.804688 0.282986 0.190625 0.164583
26 0.740625 0.394792 0.120833 0.175694
1 0.854427 0.306944 0.130729 0.193056
11 0.720313 0.564931 0.107292 0.154861
12 0.895833 0.562500 0.038542 0.086111
29 0.595052 0.629167 0.140104 0.081944
0 0.475521 0.637500 0.165625 0.180556
16 0.497135 0.429514 0.020313 0.032639
16 0.491927 0.455903 0.015104 0.025694
16 0.529427 0.443403 0.016146 0.027083
16 0.571875 0.484722 0.013542 0.023611
16 0.592448 0.493056 0.016146 0.019444
16 0.611979 0.477431 0.018750 0.022917
16 0.621354 0.505903 0.015625 0.022917
16 0.622396 0.530903 0.016667 0.018750
16 0.640885 0.510417 0.015104 0.022222
16 0.652344 0.516319 0.016146 0.015972
31 0.652083 0.488542 0.018750 0.028472
16 0.631510 0.484722 0.015104 0.023611
16 0.651563 0.542708 0.013542 0.020139
21 0.561458 0.497917 0.184375 0.143056
13 0.936458 0.825694 0.072917 0.130556
