34 0.770833 0.636111 0.023958 0.112963
17 0.435937 0.705093 0.048958 0.054630
22 0.575521 0.625926 0.106250 0.161111
30 0.501563 0.554630 0.053125 0.088889
16 0.346094 0.401389 0.008854 0.021296
27 0.324479 0.451389 0.156250 0.186111
28 0.323437 0.398148 0.052083 0.074074
31 0.392448 0.336111 0.008854 0.024074
16 0.410677 0.321759 0.009896 0.015741
16 0.402344 0.329630 0.009896 0.016667
16 0.406250 0.330093 0.006250 0.013889
16 0.396875 0.341204 0.004167 0.006481
16 0.400521 0.343981 0.006250 0.010185
16 0.408594 0.350926 0.009896 0.012963
16 0.414583 0.337963 0.009375 0.009259
16 0.422135 0.332870 0.010937 0.017593
16 0.425000 0.347222 0.009375 0.011111
16 0.441406 0.365278 0.009896 0.010185
16 0.454948 0.362963 0.007812 0.018519
16 0.432552 0.356019 0.007812 0.010185
16 0.440104 0.381481 0.007292 0.011111
21 0.434375 0.376389 0.093750 0.106481
19 0.430208 0.431019 0.029167 0.082407
14 0.425000 0.402315 0.027083 0.102778
14 0.370833 0.335185 0.027083 0.096296
19 0.376042 0.362963 0.027083 0.077778
29 0.461719 0.343981 0.063021 0.078704
11 0.374219 0.297685 0.072396 0.106481
26 0.300260 0.303704 0.082812 0.137037
24 0.233854 0.312037 0.061458 0.066667
12 0.271094 0.246759 0.044271 0.084259
9 0.340365 0.216204 0.086979 0.043519
10 0.345052 0.245370 0.054688 0.098148
13 0.350000 0.166667 0.041667 0.061111
2 0.410938 0.247685 0.056250 0.043519
4 0.403125 0.231019 0.069792 0.041667
3 0.447656 0.168056 0.072396 0.165741
7 0.486979 0.259259 0.011458 0.025926
1 0.437240 0.133796 0.052604 0.115741
16 0.487760 0.269444 0.010937 0.024074
0 0.519531 0.290278 0.066146 0.063889
13 0.646615 0.475926 0.090104 0.133333
