34 0.086719 0.342361 0.015104 0.109722
24 0.194010 0.369792 0.109896 0.145139
22 0.263281 0.396528 0.115104 0.156944
29 0.400521 0.296528 0.146875 0.084722
30 0.397917 0.477083 0.081250 0.095833
14 0.414844 0.555556 0.065104 0.141667
19 0.415104 0.600694 0.052083 0.091667
31 0.585938 0.341319 0.017708 0.032639
16 0.547396 0.347917 0.032292 0.036111
27 0.550260 0.328819 0.139063 0.314583
1 0.653906 0.375694 0.186979 0.197222
28 0.642969 0.524306 0.092188 0.125000
26 0.803906 0.485764 0.095312 0.138194
13 0.888802 0.662153 0.074479 0.113194
13 0.935156 0.725000 0.069271 0.111111
10 0.892969 0.775347 0.061979 0.135417
12 0.926042 0.818403 0.077083 0.109028
5 0.945833 0.934375 0.053125 0.131250
4 0.917969 0.937153 0.047396 0.125694
3 0.687240 0.898958 0.057813 0.142361
16 0.660417 0.610069 0.016667 0.022917
16 0.642448 0.599653 0.019271 0.020139
16 0.594010 0.602778 0.022396 0.020833
16 0.605469 0.607292 0.019271 0.031250
16 0.573177 0.590972 0.019271 0.019444
16 0.556510 0.547569 0.017188 0.028472
16 0.545833 0.543750 0.018750 0.023611
16 0.524219 0.530556 0.021354 0.025000
16 0.540104 0.573264 0.021875 0.024306
16 0.556250 0.612153 0.018750 0.024306
16 0.507292 0.585069 0.019792 0.022917
16 0.517708 0.559028 0.020833 0.022222
21 0.583073 0.613542 0.196354 0.172917
0 0.579688 0.722222 0.139583 0.170833
