34 0.065365 0.277083 0.019271 0.087500
0 0.568229 0.505903 0.125000 0.272917
1 0.744271 0.468750 0.161458 0.393056
3 0.685677 0.330208 0.202604 0.143750
7 0.573958 0.388889 0.033333 0.013889
2 0.830990 0.781944 0.035937 0.262500
4 0.940885 0.762153 0.075521 0.210417
5 0.976302 0.759028 0.047396 0.213889
12 0.951562 0.587153 0.085417 0.125694
10 0.879427 0.535417 0.111979 0.161111
13 0.952344 0.490278 0.075521 0.120833
11 0.792448 0.549653 0.098437 0.167361
14 0.353125 0.340278 0.050000 0.170833
16 0.461719 0.347917 0.022396 0.023611
16 0.485156 0.351736 0.014063 0.027083
16 0.501823 0.357292 0.019271 0.024306
16 0.483333 0.379167 0.013542 0.020833
16 0.495833 0.382986 0.013542 0.018750
16 0.450260 0.404861 0.016146 0.023611
16 0.475781 0.409028 0.016146 0.019444
16 0.496615 0.139931 0.017188 0.022917
16 0.490104 0.410764 0.013542 0.020139
16 0.567448 0.429167 0.017188 0.022222
31 0.559896 0.392361 0.018750 0.044444
21 0.541927 0.416667 0.215104 0.136111
16 0.515885 0.421875 0.017188 0.021528
28 0.596875 0.299653 0.095833 0.122917
27 0.476042 0.147222 0.141667 0.294444
30 0.345313 0.297917 0.077083 0.073611
24 0.157292 0.264236 0.090625 0.117361
22 0.220573 0.265972 0.100521 0.130556
29 0.342187 0.153125 0.140625 0.052083
19 0.365625 0.402778 0.053125 0.097222
19 0.669792 0.419444 0.033333 0.040278
13 0.890885 0.423611 0.088021 0.123611
16 0.595313 0.377083 0.011458 0.011111
16 0.620573 0.395486 0.017188 0.021528
16 0.643229 0.399306 0.017708 0.022222
26 0.745833 0.242708 0.137500 0.161806
