21 0.534375 0.397917 0.166667 0.108333
34 0.015365 0.434722 0.030729 0.133333
13 0.134896 0.469444 0.132292 0.131944
22 0.196875 0.268750 0.114583 0.090278
30 0.297396 0.260764 0.070833 0.065972
17 0.305990 0.153819 0.055729 0.027083
14 0.471615 0.255208 0.039062 0.120139
19 0.463802 0.286111 0.040104 0.091667
16 0.529948 0.185069 0.017188 0.050694
27 0.524479 0.148611 0.122917 0.277778
28 0.622917 0.255556 0.083333 0.100000
14 0.640365 0.271528 0.068229 0.144444
19 0.621354 0.318750 0.054167 0.080556
26 0.734896 0.262153 0.129167 0.182639
24 0.829427 0.315972 0.077604 0.069444
12 0.894010 0.412500 0.081771 0.133333
10 0.842448 0.462500 0.103646 0.152778
5 0.906250 0.579167 0.054167 0.200000
13 0.971875 0.672569 0.056250 0.134028
4 0.857031 0.635417 0.045312 0.150000
2 0.804427 0.582292 0.035937 0.090972
11 0.748958 0.460069 0.116667 0.149306
16 0.469010 0.368403 0.013021 0.027083
16 0.481771 0.370486 0.012500 0.021528
16 0.494531 0.371528 0.013021 0.019444
16 0.506771 0.373264 0.012500 0.020139
16 0.520833 0.375694 0.015625 0.019444
16 0.542969 0.380903 0.014063 0.020139
16 0.586458 0.409375 0.029167 0.035417
1 0.664844 0.445486 0.164062 0.209028
29 0.594010 0.506944 0.150521 0.083333
0 0.492188 0.577778 0.103125 0.268056
