17 0.294792 0.625000 0.048958 0.029630
16 0.343229 0.441667 0.014583 0.046296
27 0.326823 0.452778 0.153646 0.183333
28 0.326823 0.398148 0.051562 0.077778
30 0.363542 0.372685 0.039583 0.060185
26 0.300521 0.302315 0.082292 0.156481
31 0.392969 0.325463 0.008854 0.025000
16 0.446875 0.391204 0.008333 0.012037
16 0.412500 0.313889 0.009375 0.018519
16 0.403385 0.321759 0.010937 0.015741
16 0.406771 0.322222 0.008333 0.014815
16 0.399740 0.332870 0.008854 0.012037
16 0.405469 0.341204 0.007812 0.015741
21 0.434115 0.367593 0.080729 0.109259
19 0.436719 0.413889 0.027604 0.075926
14 0.433333 0.396296 0.021875 0.068519
2 0.434375 0.318981 0.077083 0.134259
6 0.389844 0.241204 0.021354 0.036111
0 0.464583 0.309722 0.098958 0.126852
1 0.442708 0.304167 0.055208 0.173148
10 0.368229 0.293056 0.067708 0.117593
14 0.383854 0.343056 0.028125 0.095370
19 0.388802 0.371759 0.027604 0.076852
11 0.333594 0.271759 0.044271 0.102778
5 0.394792 0.230556 0.082292 0.031481
3 0.418490 0.274537 0.045312 0.045370
4 0.410938 0.257407 0.053125 0.033333
34 0.359375 0.215278 0.033333 0.041667
34 0.569010 0.393981 0.065104 0.030556
29 0.213281 0.312500 0.041146 0.075000
12 0.254167 0.215741 0.047917 0.079630
13 0.295312 0.187963 0.054167 0.068519
13 0.279948 0.227778 0.048438 0.051852
22 0.620833 0.718519 0.109375 0.138889
