22 0.141927 0.398611 0.109896 0.144444
16 0.538281 0.269097 0.030729 0.052083
17 0.480729 0.212500 0.046875 0.033333
27 0.545312 0.242014 0.157292 0.320139
28 0.667969 0.342014 0.093229 0.111806
26 0.773177 0.294444 0.167187 0.215278
14 0.536198 0.394792 0.048438 0.138194
14 0.663281 0.395833 0.067187 0.173611
19 0.527083 0.430556 0.047917 0.111111
19 0.648438 0.452431 0.062500 0.109028
30 0.695573 0.430903 0.065104 0.078472
16 0.526042 0.486111 0.019792 0.025000
16 0.539844 0.487500 0.017188 0.025000
16 0.554688 0.491667 0.017708 0.026389
16 0.568490 0.494792 0.015104 0.029861
16 0.584375 0.496528 0.016667 0.030556
16 0.609896 0.502778 0.016667 0.030556
16 0.515625 0.552083 0.016667 0.030556
16 0.590885 0.570139 0.018229 0.031944
16 0.677083 0.520139 0.022917 0.023611
16 0.702604 0.528472 0.017708 0.030556
31 0.729948 0.528125 0.021354 0.036806
16 0.715365 0.558333 0.018229 0.030556
16 0.729688 0.564583 0.016667 0.023611
16 0.730990 0.600694 0.018229 0.026389
21 0.615365 0.560764 0.240104 0.143750
34 0.305729 0.538889 0.135417 0.119444
0 0.295052 0.596528 0.142187 0.141667
24 0.678385 0.857639 0.163021 0.154167
3 0.843750 0.783333 0.075000 0.309722
4 0.894792 0.796181 0.068750 0.320139
5 0.934896 0.738889 0.087500 0.280556
10 0.825260 0.519792 0.163021 0.165972
11 0.911719 0.528472 0.119271 0.154167
13 0.962760 0.477778 0.074479 0.112500
29 0.895052 0.339583 0.095312 0.066667
