22 0.513542 0.574653 0.187500 0.186806
12 0.886719 0.230208 0.147396 0.213194
16 0.828385 0.248611 0.032813 0.038889
16 0.819271 0.199653 0.025000 0.042361
16 0.804167 0.195486 0.023958 0.042361
16 0.777083 0.149306 0.033333 0.038889
16 0.749219 0.142014 0.026562 0.038194
16 0.731510 0.140972 0.023438 0.029167
16 0.521875 0.105556 0.035417 0.043056
16 0.544271 0.127431 0.027083 0.042361
31 0.809115 0.152778 0.038021 0.051389
21 0.659115 0.201042 0.341146 0.186806
5 0.594792 0.244792 0.461458 0.489583
18 0.407292 0.072569 0.116667 0.039583
18 0.411979 0.206944 0.019792 0.047222
9 0.540885 0.511111 0.197396 0.056944
17 0.509635 0.498611 0.153646 0.031944
17 0.516406 0.568403 0.179688 0.040972
17 0.516667 0.620139 0.154167 0.043056
0 0.284635 0.510069 0.364063 0.581250
24 0.055729 0.089236 0.111458 0.178472
13 0.901563 0.572222 0.140625 0.263889
