13 0.615885 0.774074 0.096354 0.216667
13 0.586198 0.545833 0.096354 0.163889
12 0.666667 0.651389 0.115625 0.199074
34 0.467187 0.690278 0.056250 0.149074
11 0.441667 0.416204 0.081250 0.160185
10 0.492188 0.479630 0.086458 0.181481
5 0.387760 0.622685 0.159896 0.130556
4 0.369531 0.542130 0.151562 0.063889
2 0.357552 0.524074 0.133854 0.103704
3 0.342708 0.480556 0.123958 0.100000
26 0.520052 0.270370 0.090104 0.175926
30 0.446094 0.316204 0.025521 0.049074
28 0.469010 0.271296 0.042188 0.092593
27 0.442188 0.153241 0.076042 0.128704
16 0.430990 0.166667 0.008854 0.016667
17 0.474740 0.160185 0.032813 0.012963
19 0.377865 0.226389 0.018229 0.036111
14 0.375521 0.208796 0.022917 0.071296
22 0.307552 0.108796 0.054688 0.030556
0 0.391406 0.135185 0.085938 0.075926
1 0.453125 0.200926 0.062500 0.077778
