0 0.432031 0.624306 0.192188 0.254167
16 0.502083 0.562500 0.019792 0.031944
16 0.450000 0.501736 0.006250 0.003472
16 0.460417 0.501736 0.006250 0.003472
16 0.495312 0.502431 0.008333 0.010417
16 0.570833 0.598264 0.022917 0.028472
16 0.609896 0.511458 0.019792 0.034028
16 0.623177 0.512153 0.017188 0.034028
16 0.651823 0.516319 0.011979 0.020139
21 0.591406 0.570139 0.195312 0.122222
1 0.780729 0.680208 0.279167 0.315972
3 0.703125 0.647917 0.145833 0.397222
7 0.779167 0.883333 0.022917 0.081944
29 0.553125 0.744097 0.262500 0.090972
2 0.850260 0.775000 0.051562 0.347222
4 0.886458 0.764236 0.072917 0.343750
5 0.970052 0.659375 0.054688 0.067361
34 0.976823 0.632639 0.046354 0.109722
12 0.979688 0.399653 0.040625 0.106250
13 0.935937 0.404167 0.109375 0.108333
10 0.908594 0.469792 0.131771 0.161806
11 0.781771 0.494097 0.183333 0.174306
26 0.691667 0.220486 0.164583 0.242361
30 0.591927 0.397917 0.084896 0.081944
28 0.565104 0.297569 0.102083 0.118750
14 0.535156 0.340625 0.055729 0.203472
19 0.528906 0.414583 0.051562 0.112500
17 0.357552 0.186111 0.052604 0.040278
14 0.383594 0.395833 0.057813 0.140278
19 0.397396 0.437500 0.061458 0.116667
24 0.126823 0.431250 0.107813 0.141667
22 0.034635 0.463542 0.069271 0.161806
34 0.166146 0.793750 0.018750 0.145833
27 0.431510 0.283681 0.163021 0.229861
