27 0.377604 0.298264 0.173958 0.246528
0 0.366146 0.575694 0.248958 0.279167
22 0.015625 0.492014 0.031250 0.115972
24 0.085156 0.477083 0.104688 0.155556
19 0.335677 0.448958 0.052604 0.067361
19 0.496354 0.448264 0.055208 0.111806
14 0.319792 0.414236 0.061458 0.093750
14 0.491146 0.370486 0.061458 0.211806
17 0.309375 0.192014 0.055208 0.052083
28 0.524740 0.302431 0.109896 0.131250
30 0.559635 0.409375 0.086979 0.090972
26 0.660677 0.208681 0.182812 0.264583
12 0.976823 0.381250 0.046354 0.111111
13 0.930729 0.390278 0.117708 0.111111
10 0.903385 0.475347 0.145313 0.171528
11 0.764323 0.515625 0.199479 0.222917
5 0.927083 0.783333 0.139583 0.304167
4 0.875260 0.789931 0.081771 0.359028
2 0.832031 0.802083 0.065104 0.361111
29 0.515625 0.779514 0.273958 0.099306
21 0.530469 0.606597 0.295312 0.153472
16 0.528385 0.642014 0.019271 0.038194
16 0.571875 0.543056 0.021875 0.034722
16 0.589323 0.544444 0.025521 0.036111
16 0.623177 0.539236 0.021354 0.035417
16 0.660156 0.576736 0.021354 0.035417
16 0.643490 0.577431 0.019271 0.036806
16 0.669531 0.623611 0.026562 0.025000
31 0.655729 0.530903 0.022917 0.036806
16 0.450260 0.532986 0.026562 0.081250
16 0.433333 0.651736 0.023958 0.036806
