22 0.017448 0.328472 0.034896 0.115278
24 0.093490 0.295833 0.113021 0.165278
34 0.282552 0.567708 0.134896 0.165972
27 0.409115 0.106250 0.177604 0.212500
16 0.416667 0.010417 0.017708 0.020833
17 0.331771 0.020139 0.056250 0.040278
19 0.382292 0.243056 0.069792 0.140278
19 0.530990 0.220486 0.056771 0.140972
14 0.364844 0.195833 0.066146 0.170833
14 0.541146 0.137500 0.059375 0.243056
28 0.559375 0.104167 0.113542 0.120833
30 0.598437 0.206944 0.089583 0.094444
16 0.449479 0.310417 0.021875 0.038889
16 0.468750 0.330556 0.018750 0.040278
16 0.488542 0.329861 0.022917 0.037500
16 0.507552 0.328819 0.021354 0.038194
16 0.525781 0.328819 0.020313 0.038194
16 0.621615 0.395486 0.026562 0.036806
16 0.629427 0.310417 0.022396 0.038889
16 0.647135 0.312500 0.024479 0.037500
16 0.679688 0.315625 0.026042 0.035417
16 0.725000 0.400000 0.025000 0.033333
16 0.699479 0.355208 0.020833 0.039583
16 0.716146 0.356944 0.025000 0.036111
31 0.709896 0.313194 0.026042 0.044444
26 0.712500 0.079861 0.157292 0.159722
3 0.801302 0.656944 0.075521 0.398611
2 0.871094 0.616319 0.065104 0.374306
4 0.912240 0.608333 0.075521 0.361111
5 0.948958 0.617708 0.102083 0.284028
34 0.987240 0.456944 0.025521 0.062500
11 0.803385 0.317361 0.199479 0.205556
10 0.934896 0.299653 0.130208 0.179861
13 0.953125 0.247222 0.093750 0.122222
29 0.570833 0.569097 0.256250 0.093750
0 0.353125 0.629167 0.271875 0.327778
1 0.596875 0.761806 0.232292 0.463889
21 0.579427 0.372917 0.301563 0.130556
