14 0.083594 0.493056 0.097396 0.143056
19 0.114323 0.547569 0.065104 0.095139
16 0.127083 0.328472 0.013542 0.027778
14 0.216146 0.426736 0.047917 0.071528
27 0.144792 0.328125 0.203125 0.338194
28 0.286198 0.352431 0.095312 0.114583
26 0.384896 0.229861 0.179167 0.187500
29 0.598958 0.203819 0.128125 0.063194
12 0.797656 0.293750 0.106771 0.111111
13 0.864844 0.386458 0.108854 0.153472
13 0.718750 0.320486 0.127083 0.121528
11 0.593490 0.426389 0.136979 0.208333
10 0.469010 0.468056 0.175521 0.263889
31 0.342187 0.531597 0.023958 0.035417
16 0.314844 0.545486 0.016146 0.028472
16 0.348958 0.571528 0.017708 0.030556
16 0.331250 0.576042 0.017708 0.028472
16 0.355469 0.607986 0.018229 0.031250
21 0.344792 0.596875 0.077083 0.134028
24 0.390365 0.885069 0.201563 0.215972
3 0.553385 0.779514 0.126562 0.352083
4 0.616667 0.778125 0.075000 0.400694
5 0.684375 0.703819 0.107292 0.285417
2 0.635156 0.528819 0.191146 0.443750
34 0.820573 0.564236 0.082812 0.111806
1 0.734375 0.568750 0.283333 0.425000
0 0.341927 0.427431 0.268229 0.259028
