34 0.247656 0.264352 0.060937 0.047222
22 0.307812 0.117130 0.056250 0.049074
16 0.297656 0.119444 0.011979 0.022222
0 0.260417 0.096759 0.095833 0.110185
1 0.311458 0.181019 0.053125 0.136111
24 0.348958 0.157870 0.044792 0.062037
19 0.382031 0.244444 0.026562 0.074074
19 0.414323 0.277315 0.021354 0.078704
14 0.376042 0.213426 0.023958 0.082407
14 0.411198 0.253704 0.024479 0.098148
16 0.428906 0.170370 0.009896 0.012963
27 0.448698 0.167593 0.095312 0.214815
28 0.467708 0.274074 0.043750 0.087037
30 0.439323 0.310185 0.038021 0.062963
26 0.515625 0.270370 0.075000 0.175926
11 0.441927 0.416204 0.081771 0.160185
10 0.492188 0.478704 0.086458 0.181481
13 0.586458 0.545833 0.094792 0.163889
12 0.666406 0.650926 0.115104 0.198148
13 0.615365 0.773611 0.095312 0.215741
34 0.467448 0.690741 0.055729 0.148148
5 0.389844 0.622685 0.155729 0.130556
4 0.369271 0.542130 0.153125 0.063889
2 0.357292 0.523148 0.134375 0.103704
3 0.335938 0.481019 0.115625 0.115741
31 0.407813 0.352778 0.009375 0.024074
21 0.379427 0.344444 0.065104 0.127778
16 0.357812 0.330093 0.007292 0.015741
16 0.391667 0.358333 0.008333 0.012963
16 0.396615 0.362500 0.007812 0.013889
16 0.402344 0.343519 0.007812 0.016667
16 0.395313 0.332407 0.008333 0.014815
16 0.391667 0.326852 0.009375 0.016667
16 0.373437 0.295370 0.010417 0.014815
16 0.370573 0.290741 0.009896 0.012963
16 0.367188 0.285185 0.009375 0.012963
16 0.364063 0.280556 0.009375 0.011111
16 0.360417 0.276389 0.008333 0.013889
