22 0.017188 0.345833 0.033333 0.105556
16 0.369792 0.128819 0.027083 0.054861
14 0.347135 0.267361 0.050521 0.152778
14 0.527865 0.270486 0.053646 0.157639
19 0.363281 0.311806 0.060937 0.116667
19 0.510677 0.313889 0.052604 0.106944
30 0.566406 0.280903 0.067187 0.079861
17 0.325260 0.087847 0.052604 0.042361
27 0.383333 0.136111 0.188542 0.270833
28 0.531510 0.186806 0.102604 0.112500
26 0.647656 0.123611 0.188021 0.240278
29 0.799479 0.174306 0.106250 0.066667
12 0.958594 0.318403 0.078646 0.110417
13 0.976823 0.402778 0.046354 0.097222
13 0.895573 0.314583 0.105729 0.116667
11 0.833594 0.349306 0.113021 0.122222
10 0.718229 0.371181 0.183333 0.189583
31 0.595573 0.361806 0.021354 0.038889
16 0.598958 0.400694 0.018750 0.026389
16 0.580990 0.397569 0.018229 0.028472
16 0.604427 0.438889 0.018229 0.033333
16 0.563802 0.367361 0.017188 0.031944
16 0.532813 0.367014 0.026042 0.025694
16 0.451562 0.365972 0.017708 0.033333
16 0.420833 0.367361 0.016667 0.033333
16 0.404167 0.368403 0.016667 0.031250
16 0.387500 0.368750 0.016667 0.030556
16 0.371094 0.369097 0.016146 0.031250
16 0.355469 0.372917 0.022396 0.031944
16 0.350260 0.450694 0.019271 0.029167
16 0.437240 0.444792 0.019271 0.031250
21 0.476042 0.427083 0.278125 0.120833
25 0.450781 0.575694 0.184896 0.186111
24 0.569271 0.750347 0.186458 0.186806
6 0.546094 0.727431 0.060937 0.042361
2 0.751042 0.548958 0.382292 0.367361
1 0.846354 0.632639 0.307292 0.476389
0 0.388802 0.797917 0.242188 0.279167
34 0.144010 0.688889 0.022396 0.236111
3 0.747656 0.750694 0.031771 0.175000
