22 0.339583 0.836574 0.095833 0.226852
24 0.406250 0.662963 0.083333 0.146296
34 0.622656 0.684722 0.095312 0.065741
17 0.372135 0.437500 0.009896 0.050926
27 0.455208 0.368981 0.122917 0.215741
16 0.473177 0.390278 0.010937 0.039815
28 0.510156 0.369907 0.048438 0.076852
30 0.555990 0.392130 0.017188 0.054630
19 0.527344 0.458333 0.026562 0.083333
19 0.543229 0.405556 0.019792 0.077778
14 0.530208 0.431019 0.023958 0.102778
14 0.544010 0.376852 0.021354 0.092593
26 0.524219 0.283796 0.055729 0.147222
13 0.669010 0.227778 0.046354 0.040741
13 0.610417 0.255556 0.037500 0.062963
12 0.626302 0.213889 0.043229 0.037037
11 0.607031 0.342130 0.053646 0.095370
5 0.717448 0.352778 0.058854 0.068519
1 0.665885 0.262037 0.079687 0.075926
0 0.639583 0.302778 0.080208 0.153704
31 0.601042 0.373611 0.009375 0.019444
16 0.596875 0.384722 0.008333 0.012037
16 0.624479 0.387037 0.008333 0.018519
16 0.612500 0.380093 0.010417 0.012037
16 0.610156 0.385185 0.009896 0.012963
16 0.610417 0.425926 0.006250 0.012963
16 0.592969 0.393056 0.010937 0.010185
16 0.590885 0.398611 0.010937 0.010185
16 0.577865 0.431019 0.011979 0.012037
16 0.576042 0.436111 0.011458 0.009259
16 0.573698 0.441204 0.010937 0.010185
16 0.572135 0.446296 0.010937 0.011111
16 0.569792 0.455093 0.011458 0.012037
21 0.595052 0.441667 0.065104 0.122222
