13 0.671875 0.236111 0.051042 0.053704
12 0.626563 0.221759 0.041667 0.052778
13 0.615365 0.254167 0.045312 0.060185
11 0.615104 0.293519 0.052083 0.064815
10 0.605990 0.331944 0.055729 0.086111
26 0.540365 0.284722 0.063021 0.132407
28 0.504167 0.366667 0.034375 0.070370
16 0.454948 0.380093 0.016146 0.036111
27 0.449219 0.370370 0.125521 0.209259
14 0.533333 0.444907 0.019792 0.102778
19 0.530990 0.467593 0.025521 0.083333
2 0.567969 0.398611 0.057813 0.163889
6 0.598437 0.304630 0.011458 0.037037
1 0.596615 0.393056 0.113021 0.112037
0 0.548698 0.376852 0.073438 0.100000
34 0.638802 0.652315 0.070312 0.104630
17 0.372135 0.438426 0.011979 0.049074
22 0.339844 0.837037 0.095312 0.225926
24 0.686198 0.433333 0.046354 0.040741
4 0.723958 0.404167 0.047917 0.045370
3 0.710938 0.409722 0.056250 0.030556
