0 0.359896 0.595139 0.204167 0.230556
22 0.038542 0.473611 0.077083 0.154167
34 0.202344 0.644444 0.039062 0.195833
16 0.442969 0.560417 0.031771 0.088889
16 0.529948 0.481944 0.026562 0.027778
16 0.559115 0.482986 0.018229 0.032639
31 0.589063 0.479514 0.020833 0.042361
16 0.573438 0.515625 0.017708 0.032639
16 0.589583 0.516319 0.017708 0.025694
16 0.592969 0.553472 0.020313 0.027778
16 0.454948 0.478125 0.017188 0.032639
16 0.427344 0.476042 0.017188 0.028472
16 0.412240 0.474653 0.016146 0.025694
16 0.397656 0.474306 0.016146 0.023611
16 0.383594 0.474306 0.016146 0.025000
16 0.368750 0.477431 0.019792 0.025694
21 0.481250 0.531597 0.251042 0.114583
24 0.546615 0.833681 0.184896 0.185417
14 0.360677 0.381944 0.058854 0.134722
14 0.492708 0.351736 0.062500 0.182639
19 0.374740 0.414931 0.060937 0.111806
19 0.498698 0.417014 0.050521 0.109028
30 0.549219 0.377778 0.077604 0.077778
28 0.526302 0.290625 0.086979 0.107639
16 0.372396 0.249653 0.021875 0.046528
17 0.334115 0.207986 0.048438 0.045139
27 0.383594 0.222569 0.179688 0.324306
26 0.623958 0.219444 0.175000 0.230556
29 0.785417 0.239931 0.109375 0.056250
12 0.950781 0.359722 0.086979 0.104167
13 0.975260 0.452431 0.049479 0.129861
13 0.883854 0.367361 0.111458 0.108333
11 0.809896 0.446875 0.135417 0.171528
10 0.697396 0.450000 0.172917 0.181944
34 0.944531 0.589583 0.077604 0.134722
5 0.850781 0.649653 0.089063 0.297917
4 0.805469 0.729514 0.067187 0.356250
2 0.679688 0.727778 0.073958 0.362500
7 0.730729 0.671181 0.119792 0.040972
3 0.889844 0.615972 0.220312 0.118056
1 0.963281 0.694097 0.073438 0.392361
