22 0.339583 0.837037 0.095833 0.225926
24 0.406510 0.661574 0.083854 0.145370
17 0.371615 0.437037 0.010937 0.051852
27 0.466406 0.380556 0.095312 0.194444
28 0.509896 0.369444 0.047917 0.075926
30 0.547656 0.390741 0.032813 0.050000
19 0.547917 0.403704 0.021875 0.079630
14 0.549479 0.375926 0.021875 0.092593
14 0.530208 0.406481 0.022917 0.053704
26 0.524219 0.283333 0.055729 0.148148
12 0.626302 0.212500 0.042188 0.034259
11 0.610677 0.350463 0.063021 0.067593
3 0.671094 0.389815 0.068229 0.059259
2 0.685937 0.371759 0.079167 0.060185
4 0.689844 0.360185 0.072396 0.066667
29 0.648698 0.434722 0.026562 0.045370
21 0.597656 0.426389 0.061979 0.093519
16 0.570573 0.455556 0.010937 0.012963
16 0.572396 0.446759 0.012500 0.010185
16 0.574219 0.442593 0.010937 0.011111
16 0.576823 0.436574 0.010937 0.012037
16 0.578385 0.431019 0.010937 0.012037
16 0.610938 0.425000 0.008333 0.012963
16 0.624740 0.387963 0.007812 0.016667
16 0.610938 0.383796 0.008333 0.010185
16 0.611979 0.380556 0.007292 0.009259
16 0.591146 0.398611 0.010417 0.012037
16 0.593229 0.393519 0.010417 0.011111
16 0.595833 0.383796 0.009375 0.013889
31 0.600521 0.375463 0.009375 0.021296
34 0.622135 0.684722 0.095312 0.065741
1 0.528646 0.301389 0.105208 0.110185
0 0.468490 0.389815 0.082812 0.120370
