22 0.053906 0.637153 0.104688 0.167361
24 0.167448 0.631944 0.111979 0.136111
16 0.458073 0.475000 0.021354 0.020833
16 0.501042 0.467361 0.017708 0.027778
28 0.609375 0.555556 0.102083 0.106944
17 0.398958 0.378472 0.052083 0.048611
27 0.475781 0.486806 0.173437 0.313889
14 0.439583 0.672222 0.051042 0.098611
14 0.594792 0.652431 0.061458 0.109028
19 0.450000 0.711806 0.054167 0.073611
19 0.580469 0.685069 0.058854 0.089583
30 0.638802 0.648264 0.078646 0.084028
26 0.746875 0.439236 0.155208 0.199306
13 0.954427 0.618403 0.091146 0.106250
10 0.940885 0.700000 0.109896 0.125000
3 0.792448 0.930903 0.041146 0.138194
16 0.494010 0.809028 0.017188 0.034722
16 0.509896 0.804167 0.016667 0.031944
16 0.526042 0.804167 0.014583 0.033333
16 0.542188 0.802778 0.015625 0.033333
16 0.557813 0.800694 0.016667 0.033333
16 0.648438 0.789236 0.019792 0.029861
16 0.663021 0.787847 0.021875 0.025694
16 0.692187 0.785069 0.018750 0.031250
16 0.720313 0.776042 0.019792 0.027083
16 0.708594 0.819444 0.017188 0.029167
16 0.722656 0.817708 0.017188 0.031250
16 0.729688 0.859028 0.021875 0.020833
16 0.610938 0.882639 0.026042 0.023611
21 0.602604 0.839931 0.257292 0.136806
29 0.607552 0.976389 0.209896 0.045833
0 0.359375 0.541319 0.159375 0.302083
1 0.669531 0.527778 0.243229 0.227778
