13 0.301563 0.686111 0.117708 0.140741
13 0.450260 0.590278 0.100521 0.180556
12 0.388802 0.740741 0.121354 0.225926
34 0.350260 0.493981 0.084896 0.030556
5 0.372656 0.399537 0.057813 0.167593
10 0.461979 0.430093 0.089583 0.171296
11 0.508594 0.362037 0.080729 0.159259
30 0.587240 0.316204 0.030729 0.073148
26 0.638542 0.354630 0.090625 0.207407
27 0.696875 0.227778 0.088542 0.194444
16 0.680469 0.200463 0.007812 0.017593
17 0.770052 0.274537 0.025521 0.054630
14 0.619531 0.168981 0.021354 0.065741
19 0.591927 0.273148 0.024479 0.050000
22 0.696354 0.076389 0.058333 0.065741
0 0.666406 0.119907 0.088021 0.069444
1 0.625781 0.236111 0.114062 0.116667
19 0.615885 0.192593 0.020313 0.022222
