27 0.451302 0.470139 0.172396 0.381944
11 0.981250 0.733681 0.037500 0.122917
0 0.350000 0.554861 0.188542 0.283333
26 0.732031 0.460764 0.154688 0.225694
10 0.934375 0.615625 0.121875 0.154861
30 0.663021 0.680903 0.084375 0.077083
14 0.181510 0.501736 0.068229 0.109028
19 0.198958 0.531944 0.063542 0.094444
14 0.602083 0.627778 0.055208 0.111111
19 0.584635 0.659028 0.058854 0.093056
28 0.592448 0.558333 0.102604 0.130556
24 0.151562 0.655903 0.113542 0.139583
13 0.755469 0.955556 0.080729 0.087500
16 0.743229 0.820139 0.020833 0.022222
16 0.596354 0.772569 0.016667 0.031250
16 0.583333 0.795833 0.017708 0.027778
16 0.568490 0.798958 0.018229 0.028472
16 0.552865 0.803819 0.016146 0.028472
16 0.736458 0.781944 0.017708 0.027778
16 0.593490 0.854861 0.016146 0.033333
16 0.521615 0.785764 0.021354 0.028472
16 0.665625 0.761111 0.018750 0.027778
16 0.678646 0.757986 0.019792 0.025694
16 0.704427 0.752778 0.020313 0.023611
16 0.722656 0.783333 0.013021 0.026389
16 0.536979 0.802431 0.017708 0.032639
31 0.726042 0.746528 0.018750 0.029167
21 0.623437 0.812847 0.246875 0.145139
17 0.473698 0.463194 0.075521 0.059722
16 0.280990 0.498958 0.024479 0.046528
29 0.870313 0.522917 0.104167 0.048611
22 0.514583 0.978819 0.109375 0.043750
1 0.620573 0.458681 0.265104 0.235417
