22 0.696615 0.076852 0.057813 0.066667
16 0.691927 0.205556 0.011979 0.014815
27 0.708333 0.220833 0.142708 0.208333
17 0.769531 0.270833 0.026562 0.043519
14 0.615104 0.176389 0.019792 0.104630
19 0.611719 0.206944 0.016146 0.063889
14 0.599219 0.213889 0.023438 0.053704
0 0.608073 0.080093 0.060937 0.152778
1 0.568750 0.147685 0.104167 0.078704
16 0.572917 0.189352 0.007292 0.013889
16 0.555729 0.218981 0.009375 0.015741
16 0.557031 0.265278 0.006771 0.010185
16 0.562240 0.256481 0.007812 0.011111
16 0.578385 0.228704 0.006771 0.011111
16 0.583333 0.218981 0.007292 0.010185
16 0.585156 0.212500 0.006771 0.008333
16 0.588021 0.207407 0.006250 0.009259
21 0.561719 0.245370 0.053646 0.105556
24 0.471354 0.245833 0.065625 0.084259
3 0.442969 0.311574 0.089063 0.076852
4 0.425781 0.325000 0.067187 0.111111
5 0.405469 0.385185 0.068229 0.150000
34 0.350000 0.493981 0.083333 0.026852
13 0.301302 0.686111 0.116146 0.138889
12 0.388802 0.740741 0.120313 0.224074
13 0.450260 0.590741 0.099479 0.179630
11 0.490625 0.428241 0.092708 0.171296
10 0.523698 0.318981 0.072396 0.143519
26 0.609635 0.330556 0.079687 0.200000
28 0.650000 0.329630 0.035417 0.090741
29 0.588802 0.678241 0.073438 0.204630
