5 0.966146 0.680208 0.067708 0.195139
4 0.953125 0.610069 0.086458 0.400694
3 0.807292 0.655208 0.084375 0.418750
2 0.905208 0.620833 0.073958 0.411111
16 0.455729 0.573611 0.044792 0.038889
29 0.583854 0.566319 0.259375 0.118750
34 0.227865 0.719792 0.053646 0.218750
0 0.354167 0.678819 0.243750 0.378472
1 0.597135 0.875694 0.275521 0.250000
16 0.727083 0.399306 0.029167 0.030556
16 0.718229 0.354514 0.025000 0.035417
16 0.702083 0.354861 0.019792 0.037500
16 0.642969 0.316319 0.028646 0.036806
16 0.625781 0.316667 0.021354 0.037500
16 0.615625 0.404167 0.025000 0.036111
16 0.517969 0.326042 0.022396 0.038194
16 0.499740 0.329167 0.023438 0.038889
16 0.482292 0.330556 0.020833 0.040278
16 0.464323 0.332639 0.022396 0.037500
16 0.445312 0.335417 0.023958 0.033333
16 0.678125 0.315278 0.027083 0.036111
31 0.711979 0.309722 0.028125 0.043056
21 0.584375 0.386806 0.309375 0.151389
14 0.529687 0.153472 0.065625 0.240278
14 0.371354 0.231944 0.076042 0.158333
19 0.542969 0.233681 0.058854 0.140972
19 0.396354 0.275694 0.081250 0.134722
30 0.607031 0.211111 0.094271 0.094444
28 0.580208 0.111806 0.091667 0.126389
26 0.700521 0.076042 0.163542 0.152083
11 0.828646 0.311111 0.216667 0.230556
10 0.947396 0.273264 0.105208 0.196528
13 0.970573 0.171528 0.058854 0.052778
22 0.049479 0.397222 0.089583 0.162500
16 0.436979 0.063889 0.043750 0.058333
17 0.352865 0.054514 0.053646 0.060417
27 0.411719 0.121528 0.199479 0.243056
24 0.145313 0.338194 0.101042 0.158333
