11 0.893229 0.459722 0.170833 0.183333
29 0.675000 0.647917 0.245833 0.091667
5 0.977865 0.767708 0.044271 0.106250
4 0.971875 0.667708 0.056250 0.192361
3 0.855208 0.751389 0.066667 0.344444
2 0.938021 0.657292 0.058333 0.175694
16 0.626302 0.641319 0.022396 0.040972
34 0.352604 0.580208 0.119792 0.185417
0 0.265104 0.623264 0.203125 0.218750
16 0.817187 0.489931 0.020833 0.029861
16 0.820833 0.528125 0.025000 0.029861
16 0.804688 0.489236 0.020833 0.036806
16 0.763021 0.442014 0.020833 0.035417
16 0.747917 0.440972 0.020833 0.036111
16 0.737760 0.514583 0.022396 0.033333
16 0.662240 0.423958 0.020313 0.038194
16 0.646354 0.422569 0.021875 0.034028
16 0.629687 0.437500 0.020833 0.037500
16 0.611719 0.433333 0.022396 0.037500
16 0.597396 0.411806 0.023958 0.033333
16 0.787500 0.447917 0.026042 0.036111
31 0.813021 0.452083 0.027083 0.043056
21 0.696094 0.485069 0.254688 0.150694
14 0.696615 0.276736 0.070312 0.204861
14 0.549219 0.302083 0.057813 0.159722
19 0.675260 0.344792 0.073438 0.122917
19 0.539062 0.343750 0.056250 0.123611
30 0.727083 0.339236 0.081250 0.093750
28 0.697135 0.242361 0.105729 0.125000
26 0.828385 0.186111 0.179688 0.237500
10 0.972656 0.457292 0.054688 0.167361
24 0.246354 0.308333 0.122917 0.138889
22 0.124479 0.333681 0.114583 0.163194
16 0.557552 0.123958 0.019271 0.028472
17 0.490104 0.101736 0.057292 0.039583
27 0.568229 0.156597 0.163542 0.313194
1 0.929948 0.859375 0.140104 0.278472
