22 0.105469 0.458681 0.106771 0.142361
16 0.503125 0.321181 0.012500 0.022917
27 0.504427 0.322917 0.145313 0.313889
28 0.621094 0.423958 0.090104 0.107639
26 0.744792 0.406250 0.146875 0.205556
29 0.848437 0.412847 0.087500 0.057639
12 0.973177 0.544444 0.053646 0.097222
13 0.926042 0.546181 0.091667 0.102083
11 0.854688 0.585069 0.113542 0.140972
34 0.961458 0.755556 0.057292 0.127778
5 0.891146 0.768750 0.060417 0.201389
4 0.840365 0.743750 0.054688 0.081944
10 0.763802 0.586458 0.154688 0.150694
14 0.609115 0.475347 0.055729 0.102083
14 0.473958 0.462153 0.038542 0.057639
19 0.597917 0.517708 0.048958 0.096528
30 0.644792 0.510069 0.061458 0.071528
31 0.674219 0.581944 0.018229 0.030556
16 0.675781 0.617361 0.015104 0.022222
16 0.662240 0.613194 0.014063 0.025000
16 0.648438 0.585069 0.013542 0.027083
16 0.624219 0.580556 0.021354 0.019444
16 0.473698 0.629167 0.016146 0.022222
21 0.567448 0.621181 0.225521 0.092361
24 0.663542 0.873958 0.140625 0.138194
6 0.711979 0.516319 0.085417 0.028472
2 0.551042 0.548958 0.268750 0.077083
0 0.385417 0.450000 0.206250 0.206944
1 0.551823 0.601042 0.232813 0.282639
34 0.327604 0.791319 0.028125 0.064583
13 0.987760 0.634722 0.024479 0.087500
17 0.442448 0.288542 0.044271 0.034028
