22 0.159115 0.334722 0.097396 0.163889
24 0.260937 0.318981 0.090625 0.126852
27 0.452604 0.194907 0.104167 0.249074
28 0.522396 0.246296 0.042708 0.096296
30 0.541927 0.328241 0.043229 0.063889
17 0.397135 0.048611 0.036979 0.063889
19 0.441667 0.372222 0.028125 0.048148
19 0.508073 0.362963 0.028646 0.044444
14 0.434896 0.352778 0.025000 0.044444
14 0.510677 0.344907 0.025521 0.056481
26 0.619010 0.179630 0.110937 0.187037
12 0.882812 0.334722 0.096875 0.106481
13 0.799479 0.349074 0.089583 0.111111
13 0.897135 0.467593 0.095312 0.153704
10 0.725781 0.420833 0.092188 0.108333
11 0.659635 0.427778 0.048438 0.112963
34 0.780990 0.569907 0.035937 0.134259
5 0.723437 0.633333 0.110417 0.175926
4 0.690625 0.564815 0.046875 0.122222
29 0.527865 0.561574 0.069271 0.041667
21 0.517448 0.463426 0.128646 0.073148
31 0.574479 0.434722 0.010417 0.021296
16 0.462760 0.439815 0.008854 0.024074
16 0.469792 0.437500 0.009375 0.021296
16 0.477083 0.436574 0.008333 0.023148
16 0.484896 0.436574 0.008333 0.023148
16 0.492188 0.436111 0.009375 0.022222
16 0.536458 0.435648 0.009375 0.021296
16 0.543750 0.435185 0.010417 0.020370
16 0.560417 0.435648 0.010417 0.023148
16 0.574219 0.464352 0.009896 0.017593
16 0.566667 0.462963 0.009375 0.020370
16 0.573958 0.487037 0.010417 0.020370
16 0.516406 0.490741 0.010937 0.014815
0 0.390104 0.256481 0.080208 0.248148
1 0.549740 0.250926 0.116146 0.218519
