0 0.344271 0.562847 0.212500 0.381250
22 0.032292 0.472222 0.064583 0.147222
16 0.393229 0.308333 0.027083 0.047222
17 0.346094 0.251736 0.047396 0.038194
27 0.403125 0.275694 0.169792 0.318056
28 0.534635 0.369097 0.097396 0.111806
30 0.561198 0.460069 0.071354 0.078472
14 0.418229 0.471528 0.081250 0.252778
14 0.521354 0.435417 0.055208 0.176389
19 0.510677 0.495139 0.054688 0.106944
16 0.439844 0.550000 0.016146 0.033333
16 0.467969 0.551389 0.016146 0.030556
16 0.426563 0.553819 0.013542 0.025694
16 0.448437 0.624653 0.019792 0.031250
16 0.540625 0.562153 0.025000 0.024306
16 0.568490 0.568750 0.018229 0.033333
31 0.597396 0.563889 0.019792 0.033333
16 0.581510 0.597917 0.017188 0.029167
16 0.595573 0.604514 0.018229 0.024306
16 0.599740 0.640625 0.018229 0.028472
21 0.486979 0.609028 0.242708 0.125000
26 0.641406 0.310069 0.170313 0.221528
29 0.778646 0.340278 0.098958 0.056944
12 0.915625 0.447917 0.055208 0.061111
13 0.863281 0.469097 0.097396 0.097917
11 0.796615 0.540625 0.121354 0.156250
10 0.702083 0.546875 0.166667 0.170139
6 0.668490 0.572569 0.140104 0.054861
2 0.854948 0.515972 0.289062 0.147222
1 0.951562 0.614236 0.096875 0.479861
34 0.905729 0.669097 0.053125 0.102083
5 0.830990 0.743403 0.084896 0.285417
4 0.789583 0.813889 0.061458 0.331944
3 0.736719 0.809375 0.063021 0.318750
24 0.554688 0.887500 0.170833 0.159722
