13 0.301302 0.685648 0.117188 0.141667
13 0.450260 0.590278 0.100521 0.180556
12 0.388802 0.740278 0.121354 0.225000
10 0.461719 0.429630 0.089063 0.172222
11 0.508854 0.362500 0.080208 0.158333
5 0.372656 0.399074 0.057813 0.166667
34 0.350260 0.494444 0.084896 0.029630
3 0.441927 0.297685 0.089063 0.075000
29 0.508333 0.229630 0.050000 0.092593
30 0.587760 0.313889 0.029687 0.072222
26 0.638542 0.354167 0.091667 0.206481
27 0.701562 0.224074 0.146875 0.203704
17 0.769531 0.274074 0.026562 0.055556
16 0.676042 0.198611 0.010417 0.017593
14 0.604948 0.232870 0.027604 0.097222
14 0.618229 0.186574 0.021875 0.100926
19 0.600781 0.252778 0.021354 0.064815
19 0.615885 0.211111 0.019271 0.079630
24 0.680729 0.132407 0.040625 0.066667
22 0.696094 0.075926 0.057813 0.064815
0 0.555729 0.014815 0.039583 0.029630
1 0.509896 0.070370 0.103125 0.127778
34 0.555729 0.121296 0.050000 0.027778
21 0.543750 0.255556 0.076042 0.109259
16 0.510938 0.279167 0.008333 0.013889
16 0.535156 0.234722 0.006771 0.013889
16 0.522917 0.285185 0.005208 0.011111
16 0.539844 0.281019 0.005729 0.012037
16 0.544792 0.269444 0.005208 0.009259
16 0.548958 0.262963 0.006250 0.009259
16 0.523177 0.277315 0.004687 0.008333
16 0.526823 0.278241 0.004687 0.008333
16 0.547135 0.267593 0.004687 0.009259
16 0.567187 0.229630 0.006250 0.009259
16 0.569792 0.223148 0.005208 0.009259
16 0.571875 0.217130 0.005208 0.008333
31 0.533854 0.291667 0.008333 0.020370
