24 0.311719 0.427778 0.070312 0.107407
16 0.364844 0.257870 0.007812 0.012037
16 0.368490 0.268519 0.006771 0.012963
16 0.372656 0.274537 0.007812 0.012037
16 0.379427 0.284259 0.010937 0.011111
16 0.393490 0.310648 0.007812 0.015741
16 0.398958 0.320370 0.010417 0.009259
16 0.389844 0.333796 0.006771 0.015741
16 0.383333 0.350463 0.011458 0.012037
21 0.369010 0.321296 0.059896 0.122222
14 0.369531 0.216667 0.025521 0.096296
14 0.408854 0.257407 0.022917 0.090741
19 0.376563 0.249074 0.021875 0.061111
19 0.412760 0.282870 0.021354 0.067593
0 0.332552 0.138889 0.094271 0.103704
1 0.349219 0.228241 0.071354 0.091667
16 0.440104 0.162037 0.008333 0.014815
27 0.450260 0.163889 0.085938 0.212963
30 0.439583 0.307407 0.039583 0.053704
28 0.456771 0.279167 0.017708 0.078704
26 0.496094 0.278241 0.078646 0.187963
10 0.431250 0.375463 0.078125 0.154630
11 0.487760 0.456481 0.092188 0.168519
29 0.651563 0.429630 0.087500 0.122222
13 0.586198 0.546296 0.094271 0.161111
12 0.666406 0.650926 0.114062 0.196296
13 0.615625 0.774074 0.094792 0.212963
34 0.467187 0.690741 0.055208 0.146296
3 0.346875 0.486574 0.119792 0.115741
4 0.351042 0.514352 0.144792 0.076852
5 0.398698 0.568519 0.150521 0.085185
