22 0.159115 0.334722 0.097396 0.162037
16 0.441927 0.178704 0.009896 0.024074
27 0.441667 0.154630 0.121875 0.309259
28 0.535156 0.237500 0.061979 0.112037
26 0.610156 0.236111 0.119271 0.175926
14 0.510677 0.345833 0.023438 0.054630
14 0.429948 0.379167 0.019271 0.058333
19 0.507812 0.364815 0.027083 0.040741
30 0.542708 0.331481 0.042708 0.055556
16 0.470573 0.408333 0.008854 0.012963
16 0.485156 0.409259 0.009896 0.014815
16 0.484635 0.468519 0.008854 0.014815
16 0.522656 0.413426 0.013021 0.010185
16 0.537500 0.412963 0.009375 0.011111
31 0.553125 0.410648 0.009375 0.012037
16 0.543490 0.442593 0.008854 0.016667
16 0.552604 0.443981 0.009375 0.017593
16 0.551823 0.468981 0.008854 0.021296
21 0.495573 0.443056 0.128646 0.073148
2 0.471615 0.428704 0.133854 0.029630
0 0.383594 0.418056 0.102604 0.178704
1 0.470052 0.460185 0.101562 0.229630
29 0.771094 0.146759 0.113021 0.052778
12 0.882812 0.335648 0.096875 0.104630
13 0.897135 0.467593 0.096354 0.151852
13 0.798958 0.349074 0.089583 0.109259
34 0.781250 0.570370 0.035417 0.131481
5 0.688542 0.588889 0.106250 0.218519
4 0.648438 0.609259 0.061458 0.203704
3 0.619010 0.597222 0.036979 0.196296
11 0.691146 0.403241 0.096875 0.113889
10 0.614583 0.414815 0.087500 0.105556
6 0.554688 0.421759 0.048958 0.015741
24 0.541146 0.622222 0.075000 0.090741
