0 0.293229 0.447917 0.550000 0.581944
19 0.373177 0.046181 0.082812 0.092361
34 0.125260 0.296181 0.210938 0.161806
1 0.878906 0.328125 0.242188 0.656250
3 0.656250 0.226042 0.275000 0.452083
7 0.532813 0.440625 0.032292 0.050694
16 0.536198 0.449306 0.059896 0.072222
16 0.443490 0.100347 0.029687 0.063194
16 0.471354 0.099653 0.028125 0.063194
16 0.500521 0.098611 0.029167 0.058333
16 0.528646 0.101389 0.031250 0.061111
16 0.550521 0.097917 0.018750 0.062500
16 0.760677 0.135764 0.032813 0.050694
16 0.810937 0.195486 0.027083 0.047917
16 0.793490 0.190972 0.022396 0.044444
16 0.822396 0.256944 0.034375 0.043056
31 0.795052 0.145833 0.023438 0.044444
21 0.618490 0.214236 0.410938 0.184028
29 0.600521 0.448958 0.403125 0.147917
