13 0.698177 0.734375 0.123438 0.131250
27 0.357552 0.281597 0.128646 0.275694
10 0.708073 0.405556 0.103646 0.122222
4 0.624219 0.678819 0.051562 0.267361
3 0.761979 0.667708 0.029167 0.154861
29 0.130729 0.447222 0.116667 0.155556
14 0.603906 0.437500 0.070312 0.129167
14 0.344531 0.419792 0.036979 0.117361
19 0.583854 0.478472 0.055208 0.087500
19 0.347656 0.452431 0.041146 0.092361
28 0.468490 0.375347 0.078646 0.100694
26 0.584115 0.358333 0.135937 0.181944
13 0.885156 0.549306 0.057813 0.093056
24 0.768750 0.472917 0.026042 0.066667
16 0.297917 0.271181 0.012500 0.017361
17 0.355469 0.276736 0.058854 0.027083
5 0.742188 0.268403 0.253125 0.220139
30 0.255469 0.457639 0.068229 0.077778
12 0.651302 0.501736 0.106771 0.132639
9 0.617708 0.351389 0.046875 0.076389
1 0.802344 0.328819 0.142187 0.331250
17 0.479687 0.585764 0.067708 0.014583
17 0.477865 0.605903 0.075521 0.014583
17 0.478646 0.625694 0.077083 0.016667
17 0.480729 0.647222 0.072917 0.015278
17 0.483854 0.678472 0.081250 0.018056
17 0.483594 0.701389 0.073438 0.019444
22 0.481771 0.652083 0.095833 0.154167
0 0.389323 0.650347 0.155729 0.196528
16 0.380990 0.450347 0.013021 0.020139
16 0.392708 0.450694 0.014583 0.019444
16 0.403125 0.453125 0.012500 0.021528
16 0.413802 0.453819 0.014063 0.021528
16 0.424479 0.453819 0.015625 0.018750
16 0.477083 0.448958 0.015625 0.021528
16 0.519792 0.452083 0.012500 0.020833
16 0.510938 0.472222 0.013542 0.019444
16 0.529687 0.473264 0.013542 0.018750
16 0.542188 0.474653 0.013542 0.018750
16 0.403125 0.488542 0.012500 0.020139
16 0.435417 0.490278 0.013542 0.022222
16 0.544531 0.501042 0.015104 0.018750
31 0.539062 0.452778 0.015625 0.025000
21 0.458854 0.485764 0.188542 0.090972
18 0.406771 0.750000 0.023958 0.045833
