23 0.515625 0.763889 0.121875 0.212963
13 0.265365 0.742593 0.129688 0.211111
11 0.362760 0.595833 0.125521 0.215741
24 0.411198 0.694444 0.111979 0.192593
10 0.527865 0.538426 0.101562 0.204630
2 0.361979 0.421296 0.038542 0.151852
3 0.379688 0.422685 0.043750 0.121296
4 0.452083 0.316667 0.096875 0.074074
1 0.408073 0.385185 0.123438 0.181481
13 0.434896 0.434259 0.092708 0.146296
12 0.503125 0.389352 0.087500 0.145370
18 0.547135 0.222222 0.029687 0.025926
17 0.499740 0.220370 0.021354 0.035185
17 0.509375 0.226389 0.022917 0.037963
17 0.516146 0.230556 0.022917 0.038889
17 0.523177 0.235648 0.022396 0.037963
17 0.530469 0.239815 0.022396 0.040741
17 0.537240 0.244907 0.021354 0.037963
22 0.518229 0.243056 0.070833 0.080556
19 0.543229 0.337963 0.021875 0.083333
14 0.545833 0.305556 0.026042 0.107407
16 0.555208 0.306019 0.006250 0.013889
16 0.558854 0.300463 0.006250 0.013889
16 0.564323 0.286111 0.004687 0.012963
16 0.576042 0.242593 0.011458 0.018519
16 0.585417 0.225926 0.011458 0.018519
16 0.590625 0.224074 0.009375 0.018519
16 0.597396 0.227315 0.007292 0.015741
16 0.600521 0.232407 0.009375 0.012963
16 0.604688 0.227315 0.008333 0.013889
16 0.606510 0.222222 0.008854 0.014815
16 0.598437 0.237963 0.009375 0.011111
16 0.595052 0.241667 0.008854 0.011111
21 0.579167 0.282870 0.071875 0.128704
26 0.604688 0.336574 0.082292 0.199074
28 0.648438 0.318519 0.039583 0.094444
19 0.616927 0.207870 0.021354 0.076852
14 0.619792 0.181944 0.026042 0.097222
30 0.636979 0.182407 0.029167 0.057407
17 0.705208 0.202315 0.012500 0.047222
27 0.714063 0.213426 0.152083 0.206481
29 0.667708 0.126852 0.059375 0.079630
34 0.621875 0.066204 0.054167 0.019444
0 0.439844 0.174074 0.041146 0.062963
5 0.432552 0.105556 0.056771 0.114815
