24 0.536719 0.953472 0.145313 0.094444
2 0.739062 0.890625 0.067708 0.135417
3 0.810417 0.904514 0.111458 0.192361
4 0.849740 0.865972 0.070312 0.247222
5 0.906250 0.780556 0.121875 0.204167
10 0.684115 0.769792 0.143229 0.153472
11 0.766406 0.710069 0.132812 0.132639
12 0.861979 0.650347 0.102083 0.097917
13 0.946354 0.634722 0.085417 0.084722
13 0.802344 0.532639 0.083854 0.095833
29 0.754167 0.615625 0.116667 0.047917
26 0.599740 0.557986 0.135937 0.182639
28 0.505990 0.602778 0.067187 0.098611
19 0.542188 0.673264 0.032292 0.060417
14 0.542188 0.632292 0.033333 0.121528
27 0.405208 0.588889 0.112500 0.165278
0 0.357552 0.599306 0.116146 0.177778
16 0.470573 0.712500 0.030729 0.044444
16 0.421615 0.763542 0.016146 0.020139
16 0.432552 0.761111 0.017188 0.022222
16 0.443750 0.756250 0.014583 0.025000
16 0.455729 0.753819 0.014583 0.025694
16 0.466927 0.752431 0.014063 0.024306
16 0.428125 0.817014 0.018750 0.020139
16 0.583594 0.720139 0.017188 0.029167
16 0.591146 0.740972 0.015625 0.016667
16 0.580729 0.745486 0.010417 0.018750
21 0.509375 0.780208 0.197917 0.125694
1 0.551302 0.770139 0.183854 0.233333
14 0.391667 0.709375 0.043750 0.095139
19 0.401823 0.735764 0.046354 0.081250
30 0.321354 0.738889 0.017708 0.048611
22 0.197135 0.719792 0.080729 0.128472
34 0.083854 0.888194 0.016667 0.143056
