4 0.482552 0.844444 0.171354 0.196296
13 0.656510 0.835185 0.124479 0.227778
5 0.459375 0.742130 0.148958 0.250926
2 0.392969 0.635648 0.153646 0.082407
12 0.562500 0.624074 0.093750 0.188889
24 0.633854 0.633796 0.093750 0.169444
13 0.660417 0.521759 0.097917 0.154630
10 0.521094 0.464815 0.081771 0.175926
11 0.404687 0.484259 0.094792 0.177778
26 0.496875 0.286574 0.090625 0.180556
17 0.490104 0.192130 0.022917 0.032407
16 0.435677 0.185185 0.009896 0.040741
31 0.408854 0.354167 0.009375 0.025000
16 0.387760 0.324537 0.008854 0.019444
16 0.402083 0.344444 0.012500 0.012963
16 0.398958 0.364352 0.008333 0.015741
16 0.394792 0.359722 0.007292 0.013889
16 0.387500 0.347222 0.009375 0.014815
16 0.358594 0.331944 0.009896 0.013889
16 0.354167 0.284722 0.011458 0.019444
16 0.363021 0.284722 0.010417 0.017593
16 0.364323 0.285648 0.006771 0.017593
16 0.366927 0.288889 0.008854 0.018519
16 0.371615 0.297685 0.011979 0.013889
21 0.376042 0.346296 0.086458 0.120370
16 0.315365 0.325926 0.015104 0.033333
7 0.362240 0.381481 0.021354 0.011111
3 0.326302 0.391667 0.053646 0.031481
29 0.335417 0.369444 0.056250 0.103704
1 0.296875 0.388426 0.107292 0.093519
0 0.295312 0.295370 0.080208 0.096296
34 0.247396 0.174074 0.051042 0.046296
22 0.335677 0.166667 0.064062 0.074074
30 0.353906 0.214815 0.036979 0.055556
19 0.382812 0.242593 0.026042 0.074074
14 0.376823 0.218056 0.024479 0.091667
27 0.449219 0.157407 0.090104 0.212963
19 0.450781 0.369444 0.026562 0.081481
14 0.447917 0.328704 0.029167 0.120370
28 0.453125 0.275463 0.028125 0.084259
