6 0.540625 0.622569 0.010417 0.014583
2 0.567969 0.514583 0.071354 0.218056
10 0.505469 0.609028 0.119271 0.163889
11 0.607552 0.578125 0.109896 0.129861
29 0.630208 0.492708 0.056250 0.042361
13 0.654948 0.421875 0.080729 0.088194
13 0.798958 0.515972 0.084375 0.080556
12 0.705990 0.525347 0.097396 0.092361
5 0.748698 0.643750 0.125521 0.195833
4 0.673958 0.656250 0.043750 0.100000
1 0.586458 0.555556 0.112500 0.212500
16 0.415885 0.611458 0.014063 0.022917
16 0.427083 0.606944 0.013542 0.022222
16 0.432552 0.627778 0.011979 0.020833
21 0.405469 0.632986 0.081771 0.086806
0 0.439323 0.559028 0.153646 0.097222
14 0.405208 0.506944 0.031250 0.051389
26 0.436198 0.438889 0.103646 0.168056
28 0.360156 0.487153 0.068229 0.089583
27 0.266406 0.481250 0.109896 0.151389
19 0.260937 0.584375 0.047917 0.078472
14 0.248958 0.556597 0.048958 0.092361
16 0.272135 0.625000 0.013021 0.011111
30 0.169792 0.618403 0.058333 0.070139
22 0.083594 0.618403 0.074479 0.124306
24 0.382031 0.778472 0.123438 0.134722
