21 0.513802 0.486806 0.183854 0.086111
0 0.413542 0.652431 0.138542 0.210417
34 0.086458 0.493056 0.030208 0.127778
22 0.219531 0.356597 0.089063 0.109028
30 0.316146 0.381250 0.058333 0.062500
27 0.433854 0.229167 0.112500 0.244444
28 0.533854 0.324653 0.071875 0.090972
26 0.634635 0.315278 0.120313 0.173611
19 0.414583 0.377431 0.036458 0.085417
19 0.633594 0.428819 0.050521 0.081250
14 0.415365 0.348264 0.031771 0.102083
14 0.654948 0.388889 0.067187 0.119444
10 0.764062 0.440972 0.106250 0.140278
11 0.703906 0.593750 0.126562 0.150000
12 0.848437 0.509722 0.087500 0.118056
13 0.816406 0.386111 0.080729 0.077778
13 0.927083 0.544444 0.073958 0.097222
4 0.899219 0.673264 0.041146 0.206250
5 0.869010 0.642708 0.061979 0.215972
2 0.807292 0.669097 0.042708 0.185417
3 0.771615 0.640278 0.035937 0.159722
29 0.527083 0.611806 0.139583 0.058333
16 0.463802 0.604514 0.008854 0.015972
1 0.580729 0.538889 0.158333 0.170833
16 0.436979 0.457986 0.011458 0.022917
16 0.449219 0.458333 0.014063 0.023611
16 0.460938 0.459722 0.012500 0.023611
16 0.472396 0.459722 0.012500 0.023611
16 0.484115 0.461111 0.014063 0.023611
16 0.534896 0.450000 0.014583 0.016667
16 0.577604 0.456250 0.011458 0.019444
16 0.601042 0.478819 0.012500 0.021528
16 0.588802 0.477431 0.011979 0.013194
31 0.597396 0.455556 0.014583 0.022222
16 0.419531 0.247222 0.023438 0.038889
24 0.846094 0.453819 0.068229 0.064583
