11 0.833333 0.586111 0.103125 0.111111
24 0.809635 0.520486 0.070312 0.064583
23 0.769271 0.446528 0.066667 0.075000
10 0.724219 0.460764 0.097396 0.114583
26 0.601562 0.397569 0.122917 0.121528
13 0.901823 0.589931 0.067187 0.090972
12 0.665365 0.551042 0.098437 0.090972
28 0.489583 0.444097 0.058333 0.092361
17 0.484375 0.448611 0.064583 0.027778
16 0.416927 0.511458 0.011979 0.015972
16 0.426302 0.511806 0.013021 0.018056
16 0.436979 0.514236 0.012500 0.020139
16 0.446875 0.514583 0.012500 0.018056
16 0.456771 0.514236 0.013542 0.017361
16 0.504167 0.510069 0.014583 0.020139
16 0.542969 0.511806 0.013021 0.016667
16 0.564583 0.532292 0.012500 0.014583
16 0.553906 0.531944 0.011979 0.013889
16 0.535417 0.529167 0.012500 0.015278
16 0.466146 0.548611 0.012500 0.019444
16 0.565885 0.553819 0.013021 0.017361
21 0.487760 0.543403 0.172396 0.079861
5 0.609375 0.694792 0.095833 0.247917
4 0.643229 0.711806 0.057292 0.245833
17 0.498958 0.653819 0.069792 0.015972
17 0.501823 0.681250 0.071354 0.015278
17 0.503646 0.700347 0.071875 0.015972
17 0.505469 0.720833 0.074479 0.018056
17 0.507552 0.739931 0.075521 0.018750
22 0.504948 0.715972 0.090104 0.148611
34 0.066927 0.648611 0.025521 0.133333
29 0.194531 0.505903 0.105729 0.134028
30 0.294792 0.503125 0.037500 0.034028
16 0.343750 0.350000 0.011458 0.015278
17 0.394010 0.355903 0.051562 0.025694
27 0.395313 0.342708 0.115625 0.204861
0 0.404687 0.474306 0.171875 0.194444
1 0.583073 0.494792 0.213021 0.210417
13 0.703385 0.794444 0.084896 0.120833
