22 0.497135 0.647569 0.093229 0.168750
1 0.621875 0.338889 0.186458 0.279167
34 0.006510 0.550694 0.013021 0.123611
29 0.139844 0.389931 0.120313 0.159028
30 0.265625 0.402083 0.068750 0.075000
19 0.361198 0.399653 0.041146 0.090972
14 0.357552 0.363889 0.038021 0.111111
27 0.375000 0.219792 0.132292 0.281250
17 0.373437 0.214931 0.062500 0.027083
16 0.315104 0.208333 0.011458 0.016667
28 0.491667 0.321875 0.081250 0.103472
10 0.743229 0.366667 0.108333 0.130556
11 0.849740 0.521875 0.104688 0.122917
13 0.918229 0.532639 0.058333 0.098611
24 0.825521 0.443403 0.068750 0.070139
23 0.786458 0.357986 0.067708 0.089583
3 0.802865 0.587500 0.029687 0.037500
2 0.821875 0.616667 0.034375 0.066667
13 0.687240 0.748264 0.042188 0.122917
4 0.645573 0.651389 0.051562 0.281944
12 0.677865 0.470139 0.108854 0.091667
19 0.602083 0.446875 0.043750 0.067361
5 0.558333 0.388889 0.163542 0.326389
9 0.518490 0.553125 0.082812 0.040972
17 0.496094 0.578125 0.071354 0.017361
17 0.497917 0.610069 0.081250 0.018750
17 0.498437 0.634028 0.082292 0.018056
17 0.498698 0.657292 0.083854 0.015972
17 0.500000 0.680903 0.085417 0.015972
17 0.499479 0.705903 0.076042 0.015972
0 0.401302 0.626389 0.157812 0.240278
21 0.475260 0.433681 0.195312 0.092361
16 0.396094 0.400347 0.015104 0.025694
16 0.409375 0.401389 0.014583 0.025000
16 0.419271 0.402778 0.014583 0.026389
16 0.432031 0.403819 0.015104 0.025694
16 0.442708 0.405903 0.014583 0.022917
16 0.498177 0.400694 0.016146 0.025000
16 0.541406 0.408333 0.010937 0.020833
16 0.532552 0.429861 0.015104 0.020833
16 0.417448 0.441319 0.015104 0.024306
16 0.452865 0.445139 0.014063 0.023611
