2 0.482552 0.821528 0.100521 0.261111
5 0.676823 0.655556 0.138021 0.215278
12 0.634375 0.523264 0.103125 0.099306
13 0.740104 0.512153 0.091667 0.085417
13 0.591927 0.407986 0.074479 0.086806
7 0.492708 0.581944 0.005208 0.009722
3 0.530729 0.476736 0.079167 0.206250
10 0.420833 0.640625 0.092708 0.164583
11 0.521615 0.563194 0.145313 0.184722
0 0.458854 0.510764 0.133333 0.095139
1 0.559115 0.524306 0.132812 0.256944
26 0.346875 0.436806 0.138542 0.181944
19 0.282031 0.557639 0.044271 0.083333
14 0.271354 0.510417 0.047917 0.134722
28 0.266146 0.487500 0.073958 0.091667
16 0.167448 0.687153 0.015104 0.018750
16 0.208073 0.678125 0.011979 0.021528
16 0.246615 0.626389 0.011979 0.023611
16 0.206771 0.628472 0.015625 0.023611
16 0.197396 0.631944 0.012500 0.026389
16 0.187500 0.634028 0.013542 0.023611
16 0.178385 0.638889 0.016146 0.023611
16 0.168229 0.641667 0.015625 0.020833
21 0.216146 0.663194 0.106250 0.109722
19 0.157031 0.607292 0.054688 0.082639
14 0.138802 0.565278 0.067187 0.129167
27 0.171094 0.482986 0.113021 0.157639
17 0.192708 0.411111 0.014583 0.025000
22 0.016406 0.624653 0.032813 0.117361
30 0.073438 0.628472 0.059375 0.073611
