21 0.328385 0.597917 0.164062 0.123611
27 0.249219 0.437153 0.110937 0.154861
22 0.070833 0.588889 0.072917 0.129167
29 0.589063 0.440972 0.120833 0.047222
30 0.158073 0.582639 0.059896 0.073611
28 0.347917 0.440972 0.071875 0.094444
26 0.424740 0.393750 0.124479 0.176389
12 0.695312 0.471181 0.096875 0.093750
13 0.786979 0.462847 0.086458 0.081250
11 0.588802 0.521875 0.122396 0.129861
10 0.495312 0.590972 0.119792 0.159722
13 0.643229 0.369097 0.081250 0.088194
4 0.678906 0.664931 0.075521 0.227083
5 0.739583 0.589583 0.126042 0.193056
2 0.602083 0.654167 0.070833 0.277778
1 0.620052 0.683681 0.143229 0.221528
24 0.361198 0.751389 0.123438 0.141667
16 0.254427 0.586458 0.013021 0.021528
16 0.263542 0.585069 0.012500 0.021528
16 0.272656 0.580556 0.011979 0.023611
16 0.283594 0.575347 0.009896 0.022917
16 0.294792 0.575694 0.012500 0.026389
16 0.256771 0.635417 0.013542 0.023611
16 0.333333 0.571528 0.013542 0.022222
16 0.364063 0.552431 0.016667 0.022917
16 0.383073 0.546181 0.013021 0.021528
31 0.401042 0.537153 0.015625 0.021528
14 0.234115 0.516319 0.050521 0.089583
19 0.244531 0.544444 0.049479 0.080556
14 0.393490 0.467361 0.032813 0.095833
19 0.400000 0.499306 0.036458 0.076389
0 0.411979 0.580208 0.158333 0.163194
