27 0.547917 0.238542 0.145833 0.335417
34 0.114323 0.487847 0.023438 0.070139
30 0.408073 0.427083 0.077604 0.081944
17 0.522396 0.234375 0.076042 0.047917
0 0.427344 0.234028 0.180729 0.187500
1 0.621354 0.283681 0.179167 0.238194
14 0.529687 0.425347 0.047917 0.122917
19 0.517188 0.454167 0.053125 0.098611
16 0.559635 0.465278 0.017188 0.023611
16 0.572396 0.468403 0.015625 0.021528
16 0.584896 0.475694 0.016667 0.027778
16 0.598437 0.480208 0.016667 0.024306
16 0.611458 0.481597 0.016667 0.027083
16 0.579167 0.522222 0.016667 0.030556
16 0.618229 0.537153 0.016667 0.032639
16 0.671354 0.490278 0.016667 0.027778
21 0.621875 0.522569 0.184375 0.153472
26 0.812500 0.396181 0.156250 0.185417
23 0.962240 0.484028 0.061979 0.118056
10 0.924740 0.494792 0.111979 0.150694
24 0.978906 0.596181 0.042188 0.088194
11 0.975521 0.700000 0.048958 0.131944
5 0.722656 0.782639 0.054688 0.277778
22 0.623958 0.762847 0.110417 0.192361
12 0.876042 0.586111 0.060417 0.102778
2 0.951302 0.798264 0.027604 0.065972
14 0.846875 0.500347 0.054167 0.061806
17 0.636198 0.691667 0.083854 0.029167
17 0.633594 0.730208 0.084896 0.027083
17 0.631250 0.756597 0.086458 0.025694
17 0.629427 0.782292 0.085938 0.024306
17 0.627083 0.808333 0.087500 0.025000
