34 0.061458 0.463542 0.026042 0.138194
22 0.190365 0.298264 0.093229 0.124306
16 0.428385 0.169444 0.020313 0.044444
27 0.416406 0.138194 0.126562 0.272222
28 0.528906 0.235764 0.079687 0.100694
30 0.291146 0.316319 0.065625 0.075694
19 0.397656 0.303472 0.041146 0.093056
14 0.391927 0.271528 0.039062 0.112500
26 0.647396 0.222222 0.150000 0.194444
19 0.642969 0.348611 0.054688 0.088889
14 0.665625 0.304861 0.073958 0.136111
24 0.874219 0.377083 0.071354 0.073611
13 0.842708 0.298958 0.087500 0.084028
10 0.786458 0.361111 0.118750 0.154167
12 0.876563 0.438889 0.094792 0.130556
13 0.958073 0.479861 0.078646 0.106944
4 0.924479 0.620486 0.037500 0.225694
5 0.894010 0.588889 0.063021 0.238889
2 0.827865 0.636111 0.060937 0.236111
11 0.724219 0.510764 0.146354 0.161806
7 0.738542 0.482639 0.062500 0.045833
3 0.607292 0.568750 0.225000 0.155556
1 0.604688 0.611458 0.167708 0.264583
16 0.454948 0.506944 0.015104 0.061111
29 0.505729 0.519444 0.190625 0.058333
0 0.394271 0.509028 0.164583 0.162500
16 0.599740 0.382292 0.017188 0.027083
16 0.603385 0.407986 0.015104 0.020139
16 0.590104 0.409375 0.016667 0.025694
16 0.576562 0.384375 0.014583 0.025694
16 0.604688 0.437153 0.016667 0.020139
16 0.567969 0.406597 0.015104 0.021528
16 0.529167 0.380556 0.016667 0.026389
16 0.471875 0.377083 0.013542 0.027778
16 0.459115 0.377431 0.016146 0.025694
16 0.446615 0.376736 0.014063 0.028472
16 0.435156 0.376389 0.014063 0.027778
16 0.422917 0.388194 0.013542 0.027778
16 0.508594 0.433681 0.015104 0.024306
21 0.510156 0.422917 0.206771 0.091667
