16 0.534115 0.421759 0.010937 0.015741
16 0.495573 0.476852 0.008854 0.016667
34 0.198698 0.531481 0.028646 0.142593
22 0.277083 0.343519 0.064583 0.142593
30 0.365365 0.370833 0.050521 0.060185
17 0.451823 0.072222 0.020313 0.083333
27 0.444271 0.211574 0.095833 0.187963
14 0.440885 0.341204 0.029687 0.073148
19 0.450000 0.372685 0.028125 0.047222
28 0.530208 0.244444 0.058333 0.112963
26 0.618490 0.234259 0.122396 0.175926
14 0.570573 0.346296 0.032813 0.072222
19 0.560677 0.373611 0.027604 0.049074
13 0.831510 0.233333 0.097396 0.122222
12 0.819010 0.435185 0.101562 0.124074
29 0.737240 0.339352 0.109896 0.067593
13 0.930208 0.467593 0.103125 0.116667
5 0.804427 0.600000 0.059896 0.238889
10 0.623177 0.481944 0.086979 0.104630
2 0.709115 0.434259 0.122396 0.244444
6 0.646354 0.301852 0.025000 0.053704
1 0.702083 0.510648 0.115625 0.234259
24 0.513281 0.639815 0.074479 0.085185
25 0.510677 0.557407 0.071354 0.083333
0 0.450781 0.662500 0.094271 0.143519
16 0.448958 0.422685 0.009375 0.019444
16 0.456510 0.423148 0.008854 0.018519
16 0.465104 0.421759 0.008333 0.021296
16 0.473177 0.421296 0.007812 0.020370
16 0.480990 0.422685 0.008854 0.017593
16 0.450521 0.477778 0.008333 0.022222
16 0.509896 0.432407 0.008333 0.020370
16 0.547917 0.418981 0.010417 0.017593
16 0.554948 0.443981 0.008854 0.017593
16 0.563542 0.443519 0.008333 0.020370
16 0.563802 0.472222 0.008854 0.022222
31 0.562760 0.418981 0.009896 0.021296
21 0.505990 0.449074 0.128646 0.074074
11 0.709115 0.442593 0.099479 0.107407
