34 0.499219 0.884722 0.120313 0.062037
22 0.434375 0.643056 0.105208 0.139815
30 0.495573 0.544444 0.038021 0.079630
14 0.529427 0.428704 0.021354 0.100000
17 0.408073 0.400000 0.034896 0.014815
16 0.473698 0.377315 0.017188 0.034259
27 0.441927 0.374537 0.126562 0.217593
28 0.509635 0.375926 0.046354 0.081481
26 0.544531 0.296296 0.059896 0.146296
31 0.600781 0.373611 0.010937 0.021296
16 0.624479 0.385185 0.008333 0.018519
16 0.611979 0.380093 0.011458 0.015741
16 0.610677 0.382407 0.009896 0.012963
16 0.607031 0.390741 0.009896 0.009259
16 0.590625 0.403704 0.011458 0.011111
16 0.613281 0.422685 0.010937 0.010185
16 0.580469 0.429167 0.010937 0.010185
16 0.579427 0.436111 0.010937 0.009259
16 0.576562 0.442130 0.010417 0.010185
16 0.574479 0.448148 0.010417 0.011111
16 0.578385 0.456481 0.009896 0.011111
16 0.617708 0.388426 0.009375 0.010185
16 0.597396 0.383796 0.009375 0.013889
21 0.596875 0.439352 0.062500 0.123148
14 0.590625 0.306019 0.020833 0.115741
19 0.586979 0.345370 0.022917 0.068519
12 0.652604 0.260648 0.047917 0.075000
13 0.675521 0.225000 0.045833 0.064815
13 0.584375 0.234259 0.037500 0.062963
24 0.626823 0.234722 0.025521 0.019444
10 0.616146 0.282407 0.048958 0.101852
4 0.723437 0.273148 0.090625 0.053704
5 0.707031 0.281019 0.091146 0.071296
2 0.707031 0.325926 0.044271 0.051852
7 0.681250 0.291204 0.005208 0.043519
3 0.686458 0.391667 0.027083 0.172222
11 0.660156 0.347222 0.065104 0.105556
1 0.695312 0.394444 0.118750 0.112963
0 0.639844 0.480093 0.065104 0.104630
29 0.645573 0.429630 0.022396 0.040741
19 0.526302 0.459722 0.026562 0.078704
