19 0.373437 0.482986 0.029167 0.031250
19 0.238281 0.542708 0.049479 0.077083
27 0.239583 0.444097 0.107292 0.150694
22 0.069010 0.595486 0.070312 0.124306
29 0.566927 0.439931 0.120313 0.054861
30 0.149740 0.586458 0.057813 0.071528
28 0.330208 0.446875 0.069792 0.088194
26 0.406510 0.394792 0.127604 0.168750
12 0.675521 0.462500 0.097917 0.087500
13 0.624479 0.366667 0.083333 0.087500
11 0.569271 0.516667 0.112500 0.131944
10 0.470313 0.573958 0.116667 0.127083
13 0.772656 0.452778 0.086979 0.081944
3 0.660156 0.536806 0.130729 0.240278
4 0.649740 0.640972 0.063021 0.198611
5 0.757292 0.632639 0.056250 0.108333
2 0.539844 0.713542 0.114062 0.217361
1 0.690885 0.586806 0.124479 0.275000
24 0.346094 0.764583 0.127604 0.138889
16 0.236198 0.585764 0.013021 0.018750
16 0.245833 0.580903 0.011458 0.015972
14 0.223177 0.496875 0.057813 0.120139
14 0.367969 0.446181 0.040104 0.102083
25 0.335938 0.700000 0.104167 0.118056
0 0.453385 0.519792 0.154688 0.157639
