34 0.079167 0.484375 0.032292 0.129861
22 0.217708 0.352083 0.091667 0.111111
30 0.315104 0.383681 0.059375 0.059028
16 0.445052 0.235069 0.015104 0.015972
27 0.437240 0.239931 0.110937 0.247917
19 0.414062 0.384028 0.037500 0.087500
14 0.418490 0.355903 0.033854 0.104861
28 0.533073 0.338194 0.073438 0.090278
26 0.629427 0.329861 0.131771 0.173611
19 0.633333 0.447917 0.051042 0.079167
14 0.653906 0.409375 0.068229 0.118750
13 0.808073 0.411806 0.078646 0.077778
10 0.763021 0.470833 0.104167 0.138889
24 0.837760 0.479861 0.060937 0.063889
12 0.837500 0.534722 0.084375 0.118056
13 0.912760 0.571528 0.072396 0.095833
16 0.595833 0.521528 0.015625 0.015278
16 0.593750 0.475694 0.014583 0.029167
16 0.595573 0.498264 0.014063 0.018750
16 0.584375 0.496528 0.015625 0.018056
16 0.573438 0.474653 0.014583 0.024306
16 0.554167 0.471875 0.016667 0.021528
16 0.532552 0.466667 0.016146 0.023611
16 0.481771 0.458681 0.016667 0.022917
16 0.471615 0.456250 0.016146 0.023611
16 0.460156 0.453819 0.013021 0.025694
16 0.438021 0.459722 0.019792 0.018056
16 0.449740 0.462500 0.013021 0.018056
16 0.512240 0.510069 0.013021 0.020139
21 0.510156 0.500347 0.185938 0.103472
29 0.510938 0.582639 0.170833 0.063889
11 0.694531 0.616667 0.134896 0.145833
3 0.762240 0.660069 0.028646 0.161806
2 0.789062 0.676042 0.040625 0.146528
4 0.818229 0.681250 0.038542 0.176389
5 0.851042 0.665625 0.067708 0.217361
16 0.519792 0.705903 0.030208 0.022917
1 0.633073 0.719097 0.274479 0.218750
0 0.432552 0.730556 0.203646 0.213889
