6 0.486198 0.630903 0.048438 0.032639
2 0.604688 0.695833 0.217708 0.137500
24 0.513542 0.662153 0.131250 0.118750
25 0.507812 0.592361 0.122917 0.109722
0 0.395573 0.677778 0.175521 0.231944
1 0.656771 0.757986 0.155208 0.265972
3 0.763281 0.718056 0.052604 0.250000
4 0.819531 0.695486 0.045312 0.253472
5 0.878646 0.643403 0.086458 0.227083
13 0.941146 0.532292 0.076042 0.097917
12 0.861719 0.502083 0.093229 0.120833
11 0.767969 0.513889 0.119271 0.147222
10 0.678125 0.532639 0.141667 0.147222
13 0.825000 0.374306 0.083333 0.081944
29 0.766667 0.427083 0.112500 0.075000
16 0.590885 0.451736 0.016146 0.024306
16 0.582031 0.477083 0.017188 0.016667
16 0.594531 0.477083 0.013021 0.019444
16 0.598698 0.506250 0.013021 0.019444
16 0.569010 0.455556 0.014063 0.023611
16 0.548698 0.456250 0.017188 0.022222
16 0.514583 0.465278 0.012500 0.026389
16 0.469271 0.452431 0.016667 0.024306
16 0.457292 0.451389 0.014583 0.026389
16 0.445312 0.451042 0.012500 0.028472
16 0.433073 0.451389 0.015104 0.026389
16 0.421094 0.451736 0.015104 0.025694
16 0.470052 0.503819 0.015104 0.024306
16 0.422135 0.503125 0.013021 0.027083
21 0.505729 0.492708 0.198958 0.084028
19 0.408854 0.411458 0.040625 0.090972
19 0.548958 0.402778 0.046875 0.087500
14 0.403646 0.360417 0.038542 0.148611
14 0.560156 0.354167 0.049479 0.141667
28 0.525521 0.325000 0.071875 0.097222
27 0.421615 0.282639 0.118229 0.165278
26 0.632552 0.304514 0.142187 0.188194
34 0.063802 0.540625 0.026562 0.140972
22 0.195573 0.381250 0.093229 0.123611
30 0.296875 0.404861 0.066667 0.066667
