13 0.232031 0.256944 0.060937 0.078704
13 0.286979 0.178704 0.039583 0.066667
12 0.305990 0.200000 0.042188 0.044444
10 0.312760 0.249537 0.055729 0.095370
5 0.361719 0.202315 0.078646 0.052778
2 0.396875 0.219907 0.080208 0.028704
17 0.280990 0.554630 0.040104 0.046296
26 0.301302 0.308333 0.077604 0.155556
14 0.346354 0.272685 0.034375 0.108333
19 0.358333 0.310648 0.025000 0.065741
11 0.395313 0.252778 0.063542 0.098148
3 0.451562 0.241667 0.077083 0.096296
7 0.406510 0.185185 0.021354 0.027778
1 0.460417 0.237500 0.048958 0.128704
29 0.453385 0.320370 0.049479 0.072222
0 0.492708 0.315741 0.067708 0.077778
16 0.407813 0.295833 0.009375 0.012037
16 0.397917 0.303241 0.006250 0.012037
16 0.402344 0.306019 0.006771 0.012037
16 0.395052 0.315741 0.008854 0.011111
16 0.408854 0.312037 0.008333 0.011111
16 0.410156 0.331019 0.006771 0.012037
16 0.448958 0.360185 0.007292 0.011111
16 0.439063 0.362037 0.006250 0.011111
16 0.435417 0.357870 0.006250 0.010185
16 0.433073 0.352778 0.007812 0.009259
16 0.435156 0.322685 0.008854 0.012037
31 0.389062 0.308333 0.007292 0.016667
21 0.428646 0.349074 0.086458 0.098148
14 0.420312 0.386111 0.023958 0.098148
19 0.426823 0.412963 0.026562 0.077778
30 0.470833 0.480556 0.047917 0.074074
28 0.332292 0.398148 0.055208 0.074074
16 0.349219 0.410648 0.008854 0.021296
27 0.326302 0.462037 0.157812 0.185185
22 0.519792 0.575463 0.093750 0.147222
34 0.660677 0.562500 0.033854 0.102778
