34 0.012240 0.793403 0.016146 0.136806
22 0.121354 0.624653 0.080208 0.125694
30 0.215365 0.634722 0.061979 0.070833
27 0.320052 0.495139 0.113021 0.158333
14 0.306250 0.579167 0.046875 0.094444
19 0.313542 0.604514 0.041667 0.072917
28 0.420052 0.509375 0.068229 0.089583
26 0.510677 0.470139 0.134896 0.179167
19 0.437240 0.586806 0.038021 0.076389
14 0.444010 0.550000 0.034896 0.106944
0 0.408854 0.572222 0.113542 0.166667
16 0.487760 0.625000 0.016146 0.027778
16 0.481771 0.650694 0.018750 0.023611
16 0.494792 0.650347 0.013542 0.028472
16 0.468750 0.629167 0.012500 0.023611
16 0.449479 0.635069 0.017708 0.020139
16 0.417969 0.653819 0.015104 0.020139
16 0.500521 0.670486 0.012500 0.021528
21 0.434375 0.678472 0.157292 0.108333
24 0.447656 0.850694 0.138021 0.143056
25 0.432812 0.776042 0.127083 0.129861
6 0.542969 0.717708 0.072396 0.024306
2 0.709115 0.654514 0.285938 0.140972
3 0.677344 0.767014 0.040104 0.127083
1 0.781510 0.717361 0.188021 0.265278
5 0.841667 0.757292 0.059375 0.100694
10 0.577865 0.664236 0.131771 0.154861
11 0.671875 0.625694 0.113542 0.127778
12 0.771354 0.570139 0.098958 0.086111
13 0.858854 0.570486 0.083333 0.082639
13 0.718750 0.464583 0.083333 0.090278
23 0.664844 0.536458 0.116146 0.046528
