27 0.336198 0.207986 0.129688 0.254861
11 0.814844 0.426389 0.111979 0.120833
10 0.695312 0.293750 0.105208 0.122222
4 0.605469 0.560069 0.059896 0.260417
3 0.762500 0.543056 0.044792 0.141667
2 0.780729 0.585417 0.055208 0.201389
29 0.133333 0.386458 0.104167 0.149306
14 0.577604 0.324653 0.058333 0.138194
14 0.320833 0.332292 0.041667 0.117361
19 0.559635 0.365972 0.048438 0.090278
19 0.329427 0.362847 0.044271 0.092361
28 0.447917 0.282639 0.075000 0.093056
26 0.555469 0.256250 0.135937 0.181944
13 0.888021 0.435069 0.071875 0.097917
24 0.787240 0.359722 0.075521 0.068056
22 0.755208 0.290278 0.052083 0.069444
16 0.284375 0.209028 0.011458 0.015278
17 0.332292 0.203125 0.056250 0.031250
5 0.786198 0.644792 0.310937 0.170139
34 0.014323 0.557986 0.020313 0.136806
30 0.245312 0.380208 0.062500 0.075694
12 0.632552 0.387847 0.108854 0.131250
13 0.680990 0.620833 0.115104 0.133333
9 0.623958 0.638889 0.076042 0.129167
1 0.844531 0.722222 0.184896 0.255556
17 0.454948 0.489236 0.070312 0.014583
18 0.449479 0.492014 0.061458 0.039583
17 0.457292 0.508681 0.070833 0.017361
17 0.454427 0.527778 0.071354 0.016667
17 0.456250 0.558333 0.079167 0.016667
17 0.457813 0.578472 0.081250 0.018056
17 0.457552 0.600347 0.073438 0.017361
22 0.457292 0.555556 0.089583 0.154167
0 0.373698 0.544444 0.134896 0.168056
16 0.359635 0.358681 0.013021 0.020139
16 0.369271 0.357639 0.014583 0.019444
16 0.381250 0.357986 0.012500 0.021528
16 0.391927 0.358681 0.014063 0.021528
16 0.402604 0.356597 0.015625 0.017361
16 0.453385 0.347569 0.015104 0.021528
16 0.495312 0.347917 0.012500 0.020833
16 0.485938 0.365972 0.013542 0.019444
16 0.506250 0.366319 0.013542 0.018750
16 0.518750 0.366319 0.013542 0.018750
16 0.379688 0.389236 0.012500 0.020139
16 0.410938 0.387500 0.013542 0.022222
16 0.520052 0.388542 0.015104 0.018750
31 0.514583 0.346528 0.014583 0.025000
21 0.438802 0.387153 0.185938 0.077083
