16 0.374219 0.276389 0.006771 0.010185
34 0.247396 0.174537 0.050000 0.047222
29 0.335417 0.167593 0.078125 0.044444
30 0.358333 0.218981 0.030208 0.054630
5 0.220833 0.357870 0.053125 0.141667
0 0.211979 0.421759 0.066667 0.097222
17 0.443490 0.153704 0.032813 0.020370
14 0.376302 0.218519 0.022396 0.092593
19 0.380990 0.239352 0.020313 0.065741
27 0.450000 0.155556 0.087500 0.211111
16 0.390365 0.256481 0.009896 0.011111
16 0.393490 0.259722 0.005729 0.010185
16 0.394531 0.266667 0.007812 0.011111
16 0.397396 0.269907 0.007292 0.010185
16 0.401823 0.275000 0.006771 0.011111
16 0.386979 0.292130 0.007292 0.010185
16 0.421354 0.297222 0.007292 0.014815
16 0.434115 0.320370 0.006771 0.012963
16 0.420312 0.321296 0.007292 0.011111
16 0.427083 0.331481 0.007292 0.011111
16 0.430469 0.340278 0.007812 0.013889
21 0.405469 0.317593 0.071354 0.124074
28 0.453646 0.272685 0.026042 0.084259
14 0.447656 0.321296 0.027604 0.100000
19 0.447396 0.351389 0.018750 0.045370
26 0.502083 0.290741 0.088542 0.177778
17 0.363802 0.338889 0.019271 0.040741
17 0.355990 0.345833 0.019271 0.041667
17 0.347396 0.350926 0.018750 0.040741
17 0.338802 0.356481 0.019271 0.044444
17 0.329948 0.362963 0.019271 0.042593
17 0.317448 0.374074 0.018229 0.040741
18 0.340104 0.325926 0.034375 0.029630
22 0.342708 0.368056 0.077083 0.093519
4 0.366146 0.475000 0.123958 0.127778
12 0.467969 0.411111 0.068229 0.105556
13 0.484896 0.515741 0.076042 0.161111
10 0.583594 0.440278 0.086979 0.171296
23 0.681510 0.526389 0.093229 0.137963
24 0.631510 0.634259 0.096354 0.168519
13 0.652865 0.837963 0.120313 0.218519
11 0.566406 0.673611 0.114062 0.225000
2 0.423438 0.659722 0.123958 0.073148
3 0.424740 0.614352 0.108854 0.060185
1 0.466927 0.505093 0.123438 0.132407
