0 0.358854 0.730556 0.118750 0.206944
34 0.056771 0.522222 0.021875 0.123611
22 0.170573 0.366667 0.082812 0.116667
30 0.262240 0.374306 0.059896 0.069444
19 0.355990 0.353125 0.042188 0.086806
14 0.347135 0.323958 0.039062 0.102083
14 0.596354 0.325000 0.055208 0.130556
19 0.579167 0.367708 0.043750 0.085417
27 0.367969 0.204167 0.121354 0.244444
28 0.474219 0.280556 0.071354 0.090278
26 0.579688 0.254861 0.104167 0.177778
10 0.721615 0.362500 0.109896 0.137500
13 0.780208 0.300347 0.085417 0.079861
13 0.909115 0.449653 0.081771 0.099306
12 0.819271 0.423611 0.096875 0.118056
24 0.816667 0.365972 0.075000 0.059722
11 0.641146 0.517361 0.141667 0.148611
3 0.848437 0.708681 0.303125 0.204861
2 0.778646 0.612500 0.044792 0.231944
4 0.883333 0.574653 0.048958 0.188194
5 0.848698 0.557986 0.076563 0.227083
29 0.456250 0.569444 0.181250 0.062500
16 0.392188 0.673264 0.018750 0.045139
1 0.874479 0.773611 0.251042 0.251389
16 0.377344 0.428819 0.013021 0.021528
16 0.389583 0.426736 0.013542 0.022917
16 0.401042 0.427778 0.012500 0.019444
16 0.412240 0.425000 0.013021 0.023611
16 0.401302 0.464931 0.011979 0.020139
16 0.458854 0.457986 0.011458 0.021528
16 0.548438 0.452431 0.013542 0.021528
16 0.545052 0.429167 0.013021 0.020833
16 0.532292 0.428819 0.012500 0.018750
16 0.512500 0.430556 0.013542 0.019444
16 0.520312 0.406944 0.011458 0.023611
16 0.475781 0.409722 0.015104 0.023611
31 0.540365 0.404514 0.015104 0.027083
21 0.462760 0.450000 0.191146 0.088889
16 0.355990 0.205903 0.011979 0.017361
7 0.667708 0.596528 0.068750 0.047222
