34 0.621875 0.067130 0.053125 0.017593
22 0.669010 0.129167 0.063021 0.069444
30 0.636198 0.174537 0.028646 0.056481
27 0.683594 0.241204 0.085938 0.150926
14 0.621615 0.174074 0.035937 0.112963
19 0.612500 0.203241 0.020833 0.056481
17 0.747917 0.314352 0.045833 0.034259
2 0.526563 0.069907 0.070833 0.139815
6 0.570833 0.158796 0.032292 0.065741
1 0.468490 0.073148 0.085938 0.146296
24 0.477604 0.204630 0.059375 0.074074
25 0.508854 0.225000 0.062500 0.057407
16 0.565625 0.191667 0.010417 0.014815
16 0.587760 0.199537 0.009896 0.010185
16 0.584375 0.204630 0.009375 0.007407
16 0.581250 0.216667 0.007292 0.011111
16 0.582552 0.210648 0.006771 0.006481
16 0.576302 0.220370 0.006771 0.009259
16 0.549740 0.219907 0.007812 0.013889
16 0.552604 0.273611 0.008333 0.015741
16 0.557552 0.259259 0.006771 0.012963
16 0.538021 0.270370 0.009375 0.011111
16 0.534635 0.278704 0.010937 0.009259
31 0.545833 0.285185 0.008333 0.020370
21 0.559375 0.256481 0.066667 0.124074
10 0.490625 0.305093 0.075000 0.143519
14 0.573698 0.272222 0.027604 0.111111
19 0.564583 0.303241 0.021875 0.082407
26 0.614583 0.325463 0.082292 0.197222
28 0.651042 0.322222 0.032292 0.083333
11 0.458073 0.419907 0.097396 0.169444
4 0.365104 0.406481 0.086458 0.118519
5 0.325000 0.477315 0.135417 0.087963
12 0.388021 0.570833 0.107292 0.180556
29 0.495312 0.520833 0.089583 0.141667
13 0.492708 0.705556 0.095833 0.201852
13 0.267708 0.748611 0.128125 0.212037
0 0.496875 0.150463 0.052083 0.078704
3 0.389062 0.364815 0.075000 0.087037
