22 0.283594 0.593750 0.106771 0.188889
26 0.354687 0.223264 0.133333 0.197917
30 0.055990 0.438889 0.065104 0.090278
19 0.130208 0.399653 0.058333 0.093750
14 0.115885 0.370139 0.064062 0.112500
27 0.133854 0.226042 0.152083 0.277083
17 0.125000 0.219792 0.057292 0.046528
28 0.256771 0.278125 0.082292 0.102083
19 0.378385 0.343403 0.039062 0.096528
14 0.382552 0.293403 0.046354 0.153472
10 0.534375 0.229514 0.108333 0.117361
12 0.463542 0.348958 0.114583 0.124306
11 0.676562 0.346875 0.121875 0.117361
24 0.646354 0.285069 0.083333 0.065972
23 0.595833 0.209722 0.079167 0.070833
13 0.760156 0.343750 0.081771 0.094444
13 0.539062 0.561806 0.141667 0.263889
5 0.598437 0.513194 0.158333 0.290278
4 0.446615 0.546181 0.085938 0.281250
18 0.192708 0.544792 0.020833 0.088194
18 0.207031 0.647917 0.026562 0.098611
17 0.271094 0.522569 0.071354 0.031250
17 0.273958 0.554167 0.081250 0.033333
17 0.276042 0.576042 0.082292 0.035417
17 0.278906 0.598958 0.083854 0.035417
17 0.281510 0.622222 0.084896 0.036111
17 0.285677 0.647917 0.076563 0.034722
0 0.456771 0.571875 0.113542 0.264583
1 0.630729 0.548958 0.134375 0.311806
21 0.252083 0.396875 0.193750 0.124306
16 0.163802 0.388542 0.017188 0.027083
16 0.173177 0.385417 0.015104 0.025000
16 0.184115 0.382986 0.013021 0.025694
16 0.194792 0.380208 0.013542 0.025694
16 0.205990 0.376736 0.014063 0.021528
16 0.259115 0.352778 0.016146 0.023611
16 0.305208 0.341667 0.013542 0.023611
16 0.295312 0.366319 0.014583 0.021528
16 0.317448 0.360417 0.013021 0.022222
16 0.329688 0.359375 0.014583 0.022917
16 0.332031 0.381944 0.016146 0.023611
16 0.215885 0.410069 0.014063 0.024306
16 0.183854 0.419444 0.015625 0.025000
31 0.324740 0.333333 0.015104 0.023611
