16 0.442448 0.483681 0.007812 0.032639
29 0.496354 0.480556 0.122917 0.065278
24 0.844531 0.322222 0.070312 0.062500
34 0.054427 0.470833 0.021354 0.134722
22 0.174479 0.301389 0.086458 0.123611
30 0.273698 0.307986 0.063021 0.072917
16 0.392448 0.123958 0.015104 0.015972
27 0.388542 0.130903 0.122917 0.257639
14 0.367708 0.254861 0.037500 0.108333
19 0.375000 0.287500 0.041667 0.086111
28 0.498958 0.213542 0.075000 0.093750
26 0.600260 0.188542 0.142187 0.185417
14 0.633854 0.264931 0.058333 0.138194
19 0.613281 0.311458 0.048438 0.082639
13 0.931771 0.415278 0.079167 0.101389
12 0.847656 0.381597 0.094271 0.121528
13 0.808073 0.252083 0.085938 0.077778
10 0.760156 0.318403 0.115104 0.145139
5 0.867969 0.519792 0.085938 0.229861
4 0.820833 0.558333 0.043750 0.240278
2 0.796354 0.578125 0.057292 0.239583
11 0.689844 0.491319 0.142187 0.150694
16 0.401042 0.359375 0.011458 0.020139
16 0.411979 0.347222 0.012500 0.025000
16 0.423698 0.346528 0.011979 0.025000
16 0.436719 0.345486 0.014063 0.021528
16 0.448177 0.346528 0.014063 0.022222
16 0.501823 0.346875 0.017188 0.022917
16 0.527344 0.347222 0.016146 0.020833
16 0.548698 0.346875 0.011979 0.022917
16 0.570052 0.343750 0.015104 0.023611
16 0.483073 0.396181 0.013021 0.018750
3 0.572656 0.508333 0.059896 0.301389
7 0.573698 0.694792 0.009896 0.099306
21 0.479948 0.388542 0.189062 0.084028
1 0.600000 0.477778 0.192708 0.188889
0 0.374219 0.525347 0.146354 0.171528
