34 0.063281 0.445833 0.028646 0.144444
22 0.201302 0.281250 0.099479 0.126389
30 0.308073 0.306597 0.068229 0.074306
16 0.462760 0.152778 0.023438 0.044444
27 0.441927 0.135417 0.126562 0.270833
28 0.553125 0.239583 0.082292 0.104167
19 0.418750 0.302083 0.042708 0.095833
14 0.418490 0.269097 0.038021 0.115972
14 0.692708 0.324306 0.080208 0.129167
19 0.666406 0.365972 0.059896 0.087500
26 0.675000 0.233681 0.150000 0.196528
13 0.857812 0.325347 0.085417 0.086806
24 0.887240 0.406250 0.064062 0.076389
10 0.802865 0.386111 0.116146 0.154167
12 0.885938 0.467708 0.088542 0.129861
13 0.962240 0.511111 0.071354 0.105556
4 0.928906 0.649653 0.035937 0.222917
5 0.896354 0.617014 0.057292 0.232639
2 0.835156 0.658681 0.046354 0.239583
11 0.737760 0.581597 0.151562 0.150694
16 0.623177 0.396528 0.017188 0.026389
16 0.600521 0.397917 0.015625 0.025000
16 0.613542 0.423958 0.016667 0.021528
16 0.626042 0.425000 0.015625 0.022222
16 0.628646 0.453819 0.015625 0.018750
16 0.591667 0.422917 0.017708 0.026389
16 0.554167 0.391667 0.017708 0.026389
16 0.533854 0.444792 0.016667 0.031250
16 0.495833 0.385764 0.014583 0.028472
16 0.483073 0.384375 0.015104 0.024306
16 0.471094 0.383333 0.015104 0.027778
16 0.457813 0.396528 0.016667 0.027778
16 0.445312 0.396181 0.018750 0.028472
21 0.530469 0.431597 0.208854 0.106250
0 0.420833 0.561458 0.159375 0.192361
16 0.479167 0.549653 0.017708 0.032639
7 0.480990 0.554167 0.007812 0.011111
3 0.531510 0.569444 0.098437 0.127778
29 0.533594 0.542708 0.183854 0.039583
1 0.562240 0.631250 0.157812 0.300000
