22 0.907813 0.670833 0.072917 0.140278
21 0.868490 0.461806 0.180729 0.154167
27 0.854688 0.178819 0.164583 0.357639
17 0.915625 0.676389 0.057292 0.027778
17 0.920052 0.690625 0.046354 0.024306
17 0.924479 0.704514 0.035417 0.021528
17 0.928906 0.718403 0.023438 0.017361
17 0.932031 0.731944 0.014063 0.015278
5 0.992188 0.820139 0.015625 0.209722
16 0.806771 0.460764 0.018750 0.029861
16 0.807292 0.390625 0.018750 0.031250
16 0.819531 0.396875 0.019271 0.027083
16 0.830208 0.400000 0.017708 0.031944
16 0.842708 0.406597 0.020833 0.025694
16 0.852865 0.409375 0.019271 0.029861
16 0.895312 0.428819 0.021875 0.024306
31 0.914844 0.432986 0.022396 0.034028
16 0.931771 0.443056 0.016667 0.030556
16 0.944010 0.446528 0.009896 0.029167
16 0.925260 0.487153 0.013021 0.020139
16 0.952083 0.482292 0.012500 0.025694
16 0.961719 0.484028 0.010937 0.027778
16 0.960677 0.518750 0.015104 0.026389
16 0.936719 0.200694 0.016146 0.018056
28 0.941927 0.305903 0.084896 0.125694
17 0.877865 0.225000 0.073438 0.079167
19 0.676042 0.315972 0.043750 0.058333
14 0.686979 0.284375 0.055208 0.089583
23 0.514062 0.400694 0.122917 0.205556
30 0.512240 0.229167 0.036979 0.080556
0 0.434896 0.296181 0.181250 0.277083
1 0.600000 0.277083 0.156250 0.236111
