30 0.245833 0.456250 0.043750 0.066667
16 0.503906 0.531944 0.023438 0.023611
16 0.529687 0.525347 0.017708 0.031250
16 0.568490 0.521528 0.016146 0.029167
16 0.515885 0.564236 0.015104 0.027083
16 0.529167 0.560069 0.015625 0.029861
16 0.543490 0.559375 0.017188 0.027083
16 0.557031 0.559722 0.018229 0.026389
16 0.570312 0.557986 0.018750 0.025694
16 0.584635 0.554167 0.016146 0.030556
16 0.598698 0.554167 0.018229 0.026389
16 0.403906 0.604167 0.015104 0.027778
16 0.572917 0.591319 0.015625 0.028472
16 0.600781 0.589583 0.021354 0.023611
21 0.507292 0.572917 0.220833 0.115278
16 0.453906 0.257986 0.022396 0.038194
0 0.392708 0.307986 0.139583 0.227083
27 0.483073 0.270139 0.167187 0.325000
28 0.616927 0.325694 0.089063 0.120833
26 0.771094 0.324653 0.166146 0.243750
14 0.704948 0.440972 0.064062 0.158333
19 0.680729 0.495833 0.054167 0.093056
29 0.953906 0.470486 0.088021 0.196528
13 0.955469 0.287847 0.089063 0.100694
13 0.969531 0.373264 0.060937 0.110417
12 0.981771 0.462153 0.036458 0.118750
11 0.927604 0.570139 0.144792 0.161111
10 0.825521 0.607986 0.175000 0.177083
34 0.417708 0.886806 0.026042 0.193056
24 0.588802 0.848264 0.148438 0.139583
1 0.742188 0.866667 0.105208 0.270833
2 0.839063 0.863889 0.115625 0.262500
3 0.930990 0.810417 0.113021 0.233333
