34 0.141927 0.640625 0.029687 0.115972
22 0.162760 0.551389 0.051562 0.140278
30 0.204948 0.443403 0.047396 0.081250
19 0.225781 0.390625 0.027604 0.042361
14 0.205729 0.380903 0.051042 0.056250
16 0.254948 0.210417 0.017188 0.016667
29 0.205208 0.256944 0.087500 0.116667
27 0.252865 0.191667 0.195312 0.240278
17 0.408073 0.038889 0.056771 0.047222
33 0.493750 0.117708 0.039583 0.042361
0 0.405208 0.189236 0.209375 0.335417
26 0.540885 0.056597 0.168229 0.113194
19 0.538802 0.213194 0.065104 0.105556
14 0.517188 0.152083 0.080208 0.179167
24 0.809635 0.039931 0.142187 0.079861
13 0.950260 0.056597 0.099479 0.113194
10 0.856510 0.142708 0.184896 0.203472
5 0.981510 0.175000 0.036979 0.058333
2 0.871094 0.463542 0.120313 0.322917
3 0.761719 0.538194 0.257812 0.098611
11 0.722656 0.355208 0.205729 0.232639
32 0.568229 0.487500 0.035417 0.036111
1 0.673958 0.596181 0.196875 0.352083
16 0.518490 0.416667 0.022396 0.025000
16 0.503906 0.423958 0.023438 0.024306
16 0.490885 0.429167 0.018229 0.030556
16 0.481510 0.518056 0.019271 0.034722
16 0.436458 0.498958 0.019792 0.028472
16 0.413542 0.511806 0.020833 0.029167
16 0.373177 0.498264 0.017188 0.025694
16 0.362240 0.542361 0.013021 0.020833
16 0.375260 0.570139 0.023438 0.023611
21 0.455729 0.500000 0.213542 0.187500
