22 0.585677 0.292708 0.126562 0.232639
34 0.362240 0.395139 0.067187 0.280556
23 0.067448 0.090972 0.129688 0.181944
16 0.643229 0.026736 0.018750 0.029861
21 0.504948 0.035764 0.285938 0.070139
13 0.941146 0.040278 0.084375 0.080556
24 0.877604 0.099306 0.091667 0.122222
12 0.785677 0.132639 0.152604 0.186111
11 0.979167 0.248264 0.040625 0.161806
8 0.579948 0.372222 0.031771 0.019444
18 0.588281 0.455903 0.091146 0.024306
16 0.519792 0.556250 0.064583 0.051389
0 0.436719 0.635417 0.214062 0.340278
4 0.793229 0.264583 0.412500 0.225000
1 0.878906 0.377431 0.242188 0.432639
5 0.896875 0.532986 0.042708 0.099306
29 0.979427 0.193056 0.041146 0.052778
13 0.888281 0.156250 0.076563 0.072222
3 0.970052 0.488889 0.026562 0.126389
2 0.983333 0.477431 0.028125 0.145139
17 0.588802 0.197569 0.105729 0.024306
17 0.589844 0.213542 0.105729 0.027083
17 0.590104 0.228125 0.107292 0.021528
17 0.591146 0.245139 0.105208 0.025000
17 0.592448 0.261458 0.105729 0.022917
17 0.597396 0.375694 0.095833 0.020833
