34 0.197656 0.241319 0.030729 0.153472
22 0.292708 0.158681 0.113542 0.159028
30 0.415885 0.083681 0.078646 0.079861
19 0.501823 0.098958 0.050521 0.111806
14 0.492969 0.064583 0.046354 0.129167
27 0.636458 0.052083 0.157292 0.101389
28 0.778385 0.051389 0.097396 0.102778
31 0.716406 0.154167 0.017188 0.036111
16 0.632552 0.165625 0.016146 0.027083
16 0.636198 0.108681 0.015104 0.029861
16 0.649219 0.112153 0.017188 0.029861
16 0.665104 0.114931 0.018750 0.027083
16 0.689063 0.121181 0.015625 0.029861
16 0.703385 0.126389 0.018229 0.026389
16 0.728125 0.132986 0.018750 0.028472
16 0.741406 0.137153 0.018229 0.029861
16 0.740625 0.194444 0.016667 0.033333
16 0.778906 0.209375 0.017188 0.027083
16 0.800260 0.159028 0.016146 0.029167
16 0.813021 0.164931 0.018750 0.029861
16 0.824219 0.168750 0.019271 0.029167
21 0.719792 0.182292 0.219792 0.153472
25 0.665104 0.291319 0.143750 0.150694
24 0.718229 0.455556 0.144792 0.150000
26 0.926562 0.077778 0.146875 0.155556
19 0.891146 0.201736 0.077083 0.095139
14 0.922917 0.154167 0.106250 0.143056
10 0.936979 0.395139 0.126042 0.177778
2 0.903385 0.583333 0.103646 0.251389
1 0.900000 0.645486 0.165625 0.282639
3 0.990625 0.613542 0.018750 0.270139
34 0.464844 0.407986 0.025521 0.164583
0 0.417969 0.513889 0.167187 0.300000
