27 0.383333 0.222917 0.196875 0.316667
34 0.129427 0.629861 0.018229 0.137500
22 0.182812 0.543750 0.067708 0.152778
30 0.244271 0.445833 0.033333 0.068056
29 0.276823 0.244792 0.108854 0.096528
31 0.409115 0.209028 0.016146 0.020833
0 0.362500 0.261111 0.107292 0.205556
28 0.559375 0.235069 0.094792 0.122917
1 0.525781 0.329514 0.163021 0.207639
17 0.550000 0.122917 0.063542 0.022222
26 0.709896 0.154514 0.134375 0.231250
14 0.696354 0.306597 0.053125 0.161806
19 0.680990 0.364583 0.053646 0.088889
12 0.959896 0.169792 0.080208 0.127083
13 0.985938 0.307639 0.028125 0.101389
24 0.905729 0.262500 0.108333 0.094444
10 0.930729 0.387847 0.138542 0.152083
11 0.810156 0.523264 0.179688 0.184028
2 0.909635 0.663889 0.063021 0.269444
16 0.435937 0.594444 0.017708 0.029167
16 0.449219 0.592014 0.016146 0.032639
16 0.464062 0.588889 0.016667 0.029167
16 0.478125 0.584722 0.015625 0.029167
16 0.440104 0.630903 0.018750 0.028472
16 0.454688 0.630208 0.016667 0.031250
16 0.485417 0.661458 0.015625 0.031250
16 0.537760 0.614236 0.016146 0.031250
16 0.552604 0.609375 0.017708 0.029861
16 0.599479 0.637153 0.018750 0.029861
21 0.522135 0.618750 0.185938 0.130556
