34 0.010156 0.400347 0.020313 0.150694
22 0.058333 0.279514 0.072917 0.188194
30 0.140625 0.146528 0.076042 0.109722
14 0.190104 0.063542 0.095833 0.120139
19 0.215365 0.094444 0.082812 0.106944
34 0.267188 0.474653 0.039583 0.222917
19 0.633073 0.039931 0.061979 0.079861
16 0.341146 0.260069 0.019792 0.034028
16 0.357292 0.255208 0.018750 0.034028
16 0.375521 0.250694 0.020833 0.033333
16 0.390365 0.245486 0.017188 0.035417
16 0.345052 0.302083 0.020313 0.034722
16 0.362500 0.298958 0.018750 0.032639
16 0.394271 0.290278 0.018750 0.033333
16 0.349219 0.347917 0.018229 0.036111
16 0.480208 0.269097 0.018750 0.032639
16 0.536719 0.303472 0.019271 0.033333
16 0.558854 0.211111 0.019792 0.033333
16 0.576562 0.207986 0.019792 0.034028
16 0.593750 0.208333 0.025000 0.029167
21 0.476302 0.287847 0.285938 0.167361
31 0.558333 0.479861 0.022917 0.037500
0 0.486979 0.557639 0.177083 0.268056
7 0.575781 0.496528 0.031771 0.030556
3 0.765365 0.682292 0.371354 0.371528
24 0.891146 0.022917 0.098958 0.045833
13 0.975521 0.089583 0.048958 0.140278
10 0.913021 0.111458 0.160417 0.190972
11 0.773438 0.232986 0.204167 0.218750
2 0.874740 0.389236 0.061979 0.278472
1 0.824740 0.712847 0.336979 0.443750
5 0.985417 0.319444 0.029167 0.237500
14 0.638542 0.028125 0.034375 0.046528
