26 0.610417 0.246181 0.148958 0.209028
5 0.698958 0.087847 0.134375 0.175694
21 0.424479 0.446875 0.216667 0.135417
34 0.395052 0.786111 0.101562 0.168056
18 0.526823 0.797222 0.074479 0.029167
18 0.490625 0.536111 0.064583 0.026389
17 0.506250 0.610417 0.072917 0.033333
17 0.511198 0.632986 0.082812 0.036806
17 0.513281 0.644792 0.083854 0.038194
17 0.515885 0.657292 0.084896 0.038194
17 0.518490 0.668750 0.083854 0.038889
22 0.514844 0.643750 0.114062 0.188889
0 0.397396 0.704167 0.219792 0.326389
13 0.676562 0.498264 0.135417 0.146528
12 0.738802 0.471875 0.047396 0.124306
24 0.730990 0.361806 0.081771 0.090278
13 0.753646 0.230208 0.036458 0.085417
1 0.771094 0.130556 0.159896 0.261111
9 0.629948 0.181597 0.021354 0.035417
16 0.475000 0.176389 0.014583 0.019444
28 0.481771 0.266667 0.085417 0.109722
16 0.513802 0.408681 0.014063 0.027083
16 0.520052 0.437500 0.015104 0.023611
16 0.502083 0.409375 0.013542 0.027083
16 0.484635 0.387153 0.013021 0.028472
16 0.472917 0.390972 0.018750 0.026389
31 0.448437 0.393403 0.014583 0.031250
16 0.468229 0.434028 0.014583 0.026389
16 0.424740 0.403125 0.021354 0.024306
16 0.376302 0.412500 0.016146 0.029167
16 0.363802 0.415625 0.015104 0.027083
16 0.351302 0.418750 0.014063 0.029167
16 0.339844 0.421875 0.016146 0.028472
16 0.327604 0.425000 0.016667 0.027778
17 0.375781 0.241319 0.058854 0.072917
27 0.353385 0.213889 0.168229 0.313889
23 0.117448 0.563889 0.081771 0.170833
30 0.114062 0.426042 0.065625 0.081250
19 0.201563 0.457639 0.066667 0.090278
14 0.182031 0.429861 0.071354 0.104167
19 0.544010 0.376736 0.050521 0.090972
14 0.554167 0.344792 0.050000 0.107639
16 0.333854 0.482292 0.014583 0.028472
17 0.525521 0.706944 0.076042 0.038889
