34 0.471615 0.712500 0.036979 0.193056
16 0.545573 0.541667 0.015104 0.038889
29 0.592708 0.540278 0.189583 0.062500
16 0.634115 0.409375 0.019271 0.021528
16 0.629948 0.379861 0.014063 0.027778
16 0.617448 0.381250 0.014063 0.026389
16 0.603646 0.354167 0.013542 0.026389
16 0.591927 0.354861 0.015104 0.025000
16 0.567969 0.353819 0.014063 0.031250
16 0.544531 0.357292 0.014063 0.027083
16 0.460417 0.373611 0.022917 0.037500
16 0.485938 0.388889 0.015625 0.025000
16 0.498958 0.387500 0.014583 0.022222
16 0.522396 0.386111 0.015625 0.023611
16 0.524219 0.414931 0.019271 0.021528
21 0.541406 0.400000 0.206771 0.098611
0 0.383594 0.445139 0.172396 0.244444
17 0.393750 0.212847 0.058333 0.039583
19 0.337500 0.337847 0.054167 0.086806
14 0.322917 0.310764 0.059375 0.100694
30 0.261198 0.306944 0.060937 0.065278
22 0.249740 0.400347 0.083854 0.145139
4 0.122135 0.482639 0.094271 0.193056
5 0.148177 0.539236 0.104688 0.229861
16 0.515104 0.151042 0.029167 0.035417
27 0.488542 0.141319 0.145833 0.282639
28 0.604948 0.197917 0.079687 0.101389
26 0.726302 0.183333 0.147396 0.204167
19 0.684375 0.335069 0.053125 0.086806
14 0.698438 0.279514 0.057292 0.152083
11 0.783073 0.463542 0.153646 0.157639
2 0.895573 0.600694 0.052604 0.255556
10 0.926302 0.403819 0.126562 0.135417
24 0.853125 0.318403 0.097917 0.086806
13 0.904948 0.196181 0.090104 0.086806
13 0.929948 0.263889 0.093229 0.091667
12 0.954167 0.335417 0.091667 0.100000
7 0.786719 0.679514 0.050521 0.017361
3 0.900260 0.696181 0.199479 0.072917
1 0.940885 0.766319 0.118229 0.318750
