26 0.403646 0.151736 0.150000 0.199306
21 0.233594 0.464236 0.163021 0.181250
27 0.185938 0.224653 0.172917 0.267361
3 0.588802 0.522917 0.166146 0.284722
2 0.686979 0.435069 0.119792 0.234028
11 0.512500 0.384375 0.160417 0.228472
0 0.434635 0.363542 0.216146 0.206250
29 0.403385 0.505903 0.042188 0.072917
16 0.295833 0.401042 0.015625 0.015972
16 0.283854 0.407292 0.011458 0.020139
16 0.270833 0.391667 0.016667 0.026389
16 0.260417 0.399306 0.015625 0.022222
16 0.262760 0.422917 0.015104 0.022222
31 0.239583 0.410417 0.018750 0.027778
16 0.213281 0.432986 0.017188 0.022917
16 0.202083 0.498611 0.012500 0.022222
16 0.178385 0.459722 0.016146 0.025000
16 0.168750 0.464931 0.015625 0.022917
16 0.161458 0.472917 0.017708 0.023611
16 0.151823 0.480208 0.017188 0.018750
22 0.053385 0.576389 0.070312 0.156944
30 0.043229 0.490278 0.050000 0.068056
19 0.100781 0.481597 0.065104 0.071528
14 0.077865 0.463542 0.074479 0.074306
5 0.014063 0.748264 0.028125 0.235417
17 0.130208 0.332292 0.047917 0.057639
16 0.205469 0.235764 0.033854 0.031250
28 0.305469 0.217014 0.084896 0.109028
19 0.391146 0.296528 0.042708 0.076389
14 0.378646 0.245833 0.060417 0.147222
24 0.573438 0.192361 0.109375 0.108333
10 0.667188 0.235417 0.136458 0.159722
12 0.697135 0.140972 0.111979 0.101389
13 0.652344 0.100347 0.101562 0.104861
13 0.615104 0.051736 0.095833 0.093750
1 0.632552 0.563194 0.140104 0.336111
