34 0.623437 0.967130 0.043750 0.063889
4 0.698177 0.690278 0.164062 0.080556
5 0.686458 0.589352 0.142708 0.112037
30 0.503906 0.636111 0.057813 0.103704
28 0.316927 0.412037 0.050521 0.079630
27 0.319271 0.459259 0.162500 0.190741
16 0.333073 0.413426 0.009896 0.023148
26 0.301563 0.306481 0.079167 0.159259
5 0.221875 0.267130 0.055208 0.084259
5 0.259635 0.245833 0.049479 0.080556
4 0.294010 0.212500 0.055729 0.058333
10 0.344271 0.223148 0.053125 0.100000
11 0.398958 0.276852 0.067708 0.105556
14 0.364583 0.298148 0.039583 0.107407
19 0.377604 0.327315 0.028125 0.075000
3 0.446094 0.248611 0.042188 0.067593
29 0.472135 0.331481 0.057813 0.081481
31 0.418750 0.364815 0.009375 0.022222
16 0.423177 0.330556 0.007812 0.018519
16 0.411458 0.335648 0.010417 0.013889
16 0.415104 0.340741 0.008333 0.012963
16 0.408333 0.350463 0.007292 0.012037
16 0.410938 0.357870 0.007292 0.013889
16 0.442708 0.375000 0.008333 0.012963
16 0.424479 0.376389 0.009375 0.013889
16 0.452344 0.366667 0.009896 0.016667
16 0.473438 0.391204 0.008333 0.019444
16 0.454427 0.414815 0.009896 0.016667
16 0.451562 0.382870 0.007292 0.010185
16 0.454427 0.389815 0.008854 0.011111
16 0.459375 0.394907 0.007292 0.012037
22 0.550521 0.569444 0.094792 0.146296
19 0.483854 0.502315 0.029167 0.089815
14 0.479948 0.472222 0.024479 0.105556
2 0.413542 0.220833 0.068750 0.039815
0 0.623177 0.338889 0.103646 0.109259
1 0.538281 0.302315 0.048438 0.110185
34 0.550000 0.321296 0.045833 0.068519
21 0.441667 0.390278 0.088542 0.115741
17 0.380990 0.581019 0.039062 0.058333
