34 0.264323 0.572917 0.022396 0.054167
34 0.113802 0.593403 0.025521 0.120139
22 0.147656 0.496875 0.056771 0.149306
16 0.538802 0.368403 0.023438 0.025694
16 0.525260 0.373611 0.023438 0.023611
16 0.511198 0.378472 0.017188 0.029167
16 0.454688 0.440972 0.013542 0.022222
16 0.500521 0.459722 0.017708 0.031944
16 0.361198 0.450000 0.013021 0.033333
16 0.350260 0.453472 0.015104 0.027778
21 0.463281 0.437153 0.227604 0.147917
30 0.204427 0.386806 0.058854 0.086111
19 0.254167 0.343056 0.068750 0.073611
14 0.232813 0.322569 0.084375 0.081250
29 0.209896 0.205903 0.100000 0.114583
16 0.280208 0.180903 0.021875 0.046528
27 0.288802 0.151042 0.214062 0.271528
28 0.444010 0.119444 0.096354 0.119444
17 0.432552 0.023611 0.058854 0.036111
26 0.574479 0.053472 0.140625 0.106944
19 0.560937 0.190278 0.051042 0.098611
14 0.548177 0.131944 0.053646 0.172222
24 0.801302 0.056250 0.123438 0.097222
13 0.939323 0.089236 0.118229 0.132639
13 0.992708 0.102083 0.014583 0.102778
10 0.840365 0.160764 0.161979 0.165972
5 0.965365 0.297569 0.069271 0.243750
4 0.993490 0.198611 0.013021 0.062500
2 0.853385 0.433681 0.103646 0.284028
3 0.758854 0.490972 0.228125 0.079167
32 0.616927 0.314583 0.065104 0.044444
1 0.734896 0.475347 0.216667 0.443750
11 0.723698 0.314583 0.172396 0.213889
33 0.503906 0.214583 0.026562 0.051389
0 0.440885 0.379514 0.178646 0.375694
