30 0.257031 0.276389 0.052604 0.062037
22 0.259896 0.385648 0.061458 0.134259
17 0.358594 0.181944 0.033854 0.030556
16 0.440104 0.165741 0.009375 0.018519
0 0.398177 0.233796 0.081771 0.230556
1 0.488542 0.238889 0.080208 0.225926
16 0.455729 0.176389 0.011458 0.017593
27 0.436979 0.148611 0.108333 0.297222
28 0.531250 0.209722 0.055208 0.115741
26 0.625000 0.252778 0.102083 0.183333
19 0.554167 0.391667 0.023958 0.050000
14 0.566667 0.362037 0.043750 0.085185
29 0.748698 0.397222 0.033854 0.198148
13 0.822656 0.200926 0.092188 0.114815
13 0.818750 0.304167 0.090625 0.106481
12 0.817708 0.400463 0.095833 0.100926
11 0.701823 0.482870 0.098437 0.110185
10 0.626823 0.496296 0.088021 0.105556
5 0.840885 0.618519 0.054688 0.237037
4 0.803385 0.641667 0.041146 0.233333
3 0.686198 0.665278 0.067187 0.195370
2 0.624740 0.678241 0.058854 0.208333
34 0.397396 0.658796 0.016667 0.137963
24 0.480208 0.610185 0.054167 0.051852
31 0.466667 0.396296 0.010417 0.025926
21 0.442188 0.424537 0.091667 0.073148
16 0.451302 0.396759 0.014063 0.015741
16 0.485677 0.451389 0.007812 0.021296
16 0.480990 0.424074 0.010937 0.018519
16 0.473177 0.423611 0.010937 0.021296
16 0.463802 0.423148 0.010937 0.022222
16 0.457552 0.423611 0.008854 0.021296
34 0.070573 0.193519 0.086979 0.016667
