34 0.173177 0.527778 0.024479 0.146296
22 0.237500 0.456019 0.061458 0.134259
30 0.309115 0.382407 0.053646 0.064815
19 0.372656 0.387963 0.029687 0.053704
14 0.358854 0.375463 0.035417 0.052778
16 0.417448 0.245370 0.009896 0.025926
27 0.417187 0.213889 0.136458 0.303704
29 0.312240 0.156019 0.107813 0.062037
34 0.380208 0.642130 0.012500 0.123148
17 0.534896 0.111574 0.048958 0.015741
28 0.525521 0.260648 0.059375 0.112037
26 0.632812 0.244907 0.094792 0.221296
12 0.870573 0.237037 0.109896 0.146296
13 0.942448 0.479167 0.106771 0.141667
13 0.857812 0.428704 0.104167 0.133333
10 0.747135 0.480556 0.105729 0.118519
24 0.767188 0.341667 0.083333 0.101852
5 0.823438 0.636111 0.055208 0.231481
4 0.875000 0.635185 0.047917 0.237037
2 0.697656 0.674074 0.036979 0.214815
3 0.640625 0.686111 0.112500 0.105556
11 0.636979 0.552778 0.098958 0.118519
32 0.586198 0.609722 0.021354 0.017593
1 0.622656 0.682407 0.067187 0.196296
0 0.558854 0.450926 0.115625 0.174074
14 0.600521 0.370370 0.026042 0.027778
16 0.548177 0.546296 0.010937 0.018519
16 0.539844 0.545833 0.008854 0.021296
16 0.519271 0.600000 0.008333 0.020370
16 0.435156 0.546759 0.011979 0.019444
16 0.444792 0.545833 0.008333 0.019444
16 0.449740 0.544444 0.007812 0.012963
21 0.491406 0.572685 0.129688 0.069444
