34 0.123438 0.412500 0.019792 0.136111
22 0.172656 0.310069 0.066146 0.163194
30 0.248438 0.196181 0.067708 0.096528
14 0.290885 0.124653 0.088021 0.107639
19 0.315104 0.153125 0.076042 0.093750
29 0.256510 0.026389 0.093229 0.052778
27 0.420833 0.052778 0.163542 0.105556
16 0.461719 0.300000 0.013021 0.025000
16 0.472656 0.297569 0.015104 0.032639
16 0.555990 0.322917 0.019271 0.034722
16 0.608073 0.357986 0.019271 0.034028
16 0.630729 0.267014 0.018750 0.034028
16 0.647656 0.264236 0.019271 0.034028
16 0.665104 0.264236 0.025000 0.029861
33 0.489583 0.379167 0.022917 0.023611
21 0.568750 0.338194 0.243750 0.145833
0 0.408854 0.425000 0.189583 0.298611
32 0.757552 0.232986 0.053646 0.042361
14 0.719531 0.052083 0.052604 0.104167
19 0.706771 0.074306 0.060417 0.113889
24 0.955729 0.035069 0.088542 0.070139
10 0.956771 0.147917 0.086458 0.193056
2 0.958854 0.447569 0.052083 0.320139
3 0.870313 0.484375 0.195833 0.203472
11 0.848698 0.281250 0.206771 0.223611
1 0.857292 0.400694 0.180208 0.423611
