22 0.035937 0.270486 0.071875 0.195139
30 0.120573 0.134375 0.077604 0.114583
14 0.172656 0.054861 0.094271 0.109722
19 0.198958 0.078819 0.082292 0.110417
34 0.251302 0.465278 0.041146 0.227778
19 0.617188 0.035069 0.059375 0.070139
24 0.871094 0.020833 0.096354 0.041667
13 0.965365 0.092361 0.069271 0.150000
10 0.892448 0.105903 0.156771 0.188194
5 0.976042 0.317708 0.047917 0.271528
2 0.856771 0.362847 0.054167 0.240972
11 0.759635 0.215625 0.198437 0.206250
16 0.327865 0.250347 0.020313 0.035417
16 0.344271 0.245139 0.018750 0.036111
16 0.361979 0.241319 0.019792 0.035417
16 0.377604 0.234375 0.017708 0.034028
16 0.332813 0.291319 0.018750 0.034028
16 0.349479 0.288889 0.017708 0.036111
16 0.387240 0.321528 0.019271 0.036111
16 0.449740 0.263542 0.018229 0.034028
16 0.467969 0.257639 0.020313 0.033333
16 0.525260 0.293056 0.019271 0.034722
16 0.546615 0.200000 0.018229 0.034722
16 0.563281 0.197222 0.022396 0.031944
16 0.580990 0.196181 0.024479 0.031250
21 0.462760 0.280903 0.288021 0.164583
16 0.539062 0.470833 0.028125 0.038889
7 0.563802 0.487847 0.043229 0.035417
0 0.469010 0.545486 0.181771 0.303472
3 0.786719 0.692014 0.426563 0.413194
1 0.855729 0.701736 0.288542 0.449306
14 0.625260 0.020486 0.035937 0.040972
