17 0.315885 0.202431 0.061979 0.043750
16 0.439844 0.123958 0.016146 0.017361
27 0.417969 0.136111 0.154688 0.272222
28 0.544271 0.179514 0.086458 0.109028
26 0.682031 0.163542 0.150521 0.220139
13 0.881250 0.183681 0.030208 0.042361
13 0.885417 0.244444 0.079167 0.090278
12 0.908333 0.312500 0.100000 0.093056
10 0.899740 0.385069 0.092188 0.135417
11 0.705729 0.469792 0.118750 0.170139
3 0.759635 0.132986 0.205729 0.247917
1 0.822917 0.190278 0.167708 0.347222
7 0.638281 0.272569 0.049479 0.050694
14 0.627344 0.273958 0.058854 0.157639
19 0.613542 0.330556 0.057292 0.095833
30 0.174479 0.315278 0.065625 0.075000
22 0.165625 0.419444 0.086458 0.163889
4 0.039844 0.511806 0.079687 0.205556
5 0.064323 0.581944 0.100521 0.261111
34 0.391406 0.759028 0.040104 0.165278
0 0.364323 0.633333 0.191146 0.247222
16 0.489844 0.550694 0.016146 0.037500
29 0.538802 0.543056 0.202604 0.080556
19 0.257812 0.345486 0.063542 0.092361
14 0.239583 0.315625 0.068750 0.107639
16 0.518229 0.408333 0.022917 0.020833
16 0.514323 0.377431 0.015104 0.028472
16 0.501042 0.378819 0.015625 0.027083
16 0.485417 0.351042 0.014583 0.028472
16 0.473438 0.353125 0.014583 0.028472
16 0.473698 0.382639 0.016146 0.027778
16 0.446354 0.354514 0.014583 0.032639
16 0.408333 0.361458 0.015625 0.029861
16 0.384896 0.396528 0.014583 0.027778
16 0.385417 0.427778 0.014583 0.025000
16 0.359115 0.401389 0.016146 0.026389
16 0.345833 0.403472 0.016667 0.027778
16 0.322396 0.377778 0.017708 0.027778
21 0.423177 0.405903 0.220312 0.122917
