27 0.220052 0.217708 0.193229 0.310417
12 0.548698 0.379514 0.151562 0.250694
0 0.451823 0.365625 0.197396 0.227083
23 0.062240 0.612500 0.072396 0.168056
30 0.044531 0.485764 0.055729 0.088194
14 0.084375 0.479167 0.080208 0.079167
19 0.110417 0.498264 0.071875 0.077083
17 0.234375 0.236458 0.057292 0.088194
28 0.354427 0.227083 0.092188 0.119444
14 0.410417 0.274306 0.044792 0.080556
26 0.471094 0.169792 0.167187 0.215972
13 0.699479 0.099306 0.102083 0.097222
29 0.790365 0.221875 0.100521 0.046528
10 0.861979 0.281597 0.108333 0.128472
13 0.708594 0.330903 0.055729 0.128472
11 0.769010 0.311806 0.133854 0.145833
2 0.892448 0.439236 0.065104 0.220139
3 0.867969 0.456597 0.073438 0.221528
4 0.592187 0.253819 0.148958 0.292361
8 0.520833 0.401736 0.007292 0.010417
1 0.631771 0.289583 0.163542 0.369444
16 0.211719 0.437153 0.013021 0.025694
16 0.222135 0.429514 0.013021 0.025694
16 0.232552 0.422917 0.013021 0.026389
16 0.243750 0.416667 0.014583 0.026389
16 0.254688 0.409722 0.014583 0.026389
16 0.300000 0.387153 0.018750 0.025694
16 0.345313 0.361806 0.017708 0.022222
16 0.356771 0.353125 0.015625 0.025694
16 0.251563 0.473611 0.013542 0.019444
31 0.320833 0.369444 0.014583 0.027778
21 0.301563 0.429861 0.184375 0.183333
18 0.453385 0.746875 0.074479 0.053472
22 0.429427 0.630208 0.107813 0.211806
19 0.415625 0.305903 0.036458 0.052083
16 0.351042 0.130208 0.018750 0.022917
17 0.417448 0.548958 0.029687 0.028472
17 0.417187 0.562153 0.036458 0.031250
17 0.416927 0.575694 0.045312 0.038889
17 0.416927 0.590625 0.053646 0.042361
17 0.416406 0.603819 0.061979 0.047917
17 0.433594 0.692361 0.074479 0.055556
