34 0.035937 0.298611 0.016667 0.158333
22 0.108854 0.187847 0.095833 0.182639
30 0.212760 0.077778 0.080729 0.100000
14 0.291667 0.038194 0.063542 0.076389
19 0.302083 0.051042 0.070833 0.102083
34 0.302865 0.427431 0.026562 0.227083
14 0.729688 0.054861 0.075000 0.109722
19 0.708333 0.079167 0.073958 0.111111
12 0.976562 0.062153 0.046875 0.124306
24 0.926042 0.101042 0.093750 0.117361
10 0.936458 0.216319 0.127083 0.179861
11 0.810677 0.290278 0.180729 0.181944
2 0.889844 0.452431 0.053646 0.229861
7 0.675000 0.464236 0.070833 0.054861
3 0.847396 0.621181 0.305208 0.299306
1 0.898698 0.696528 0.202604 0.338889
31 0.557552 0.435764 0.033854 0.045139
0 0.486719 0.526042 0.178646 0.274306
16 0.413802 0.237153 0.022396 0.032639
16 0.430469 0.235417 0.020313 0.033333
16 0.447917 0.236111 0.020833 0.030556
16 0.464323 0.234028 0.020313 0.031944
16 0.414323 0.277083 0.023438 0.030556
16 0.430729 0.277431 0.018750 0.034028
16 0.496615 0.273611 0.020313 0.031944
16 0.411458 0.321181 0.018750 0.035417
16 0.547135 0.274653 0.018229 0.034028
16 0.596615 0.317361 0.019271 0.033333
16 0.623958 0.239583 0.017708 0.033333
16 0.640885 0.240278 0.021354 0.031944
16 0.656250 0.242014 0.020833 0.029861
21 0.532292 0.290625 0.270833 0.118750
13 0.990625 0.167361 0.018750 0.037500
5 0.992708 0.427083 0.014583 0.230556
