5 0.841146 0.618056 0.055208 0.236111
4 0.803125 0.641204 0.040625 0.232407
2 0.625000 0.672222 0.058333 0.209259
3 0.613281 0.810648 0.149479 0.169444
7 0.529167 0.716667 0.030208 0.035185
1 0.644010 0.850000 0.104688 0.174074
34 0.399479 0.657870 0.013542 0.143519
24 0.484896 0.637500 0.073958 0.091667
25 0.464323 0.529167 0.073438 0.089815
10 0.617188 0.487037 0.086458 0.105556
11 0.702083 0.511574 0.098958 0.115741
12 0.817969 0.400926 0.096354 0.101852
13 0.822396 0.200926 0.092708 0.114815
13 0.818750 0.303704 0.091667 0.105556
29 0.748177 0.397222 0.031771 0.198148
26 0.619792 0.251389 0.096875 0.195370
19 0.552083 0.391667 0.027083 0.048148
14 0.566927 0.362037 0.043229 0.085185
31 0.465885 0.396296 0.009896 0.025926
16 0.488281 0.397685 0.008854 0.025000
16 0.451042 0.397685 0.013542 0.015741
16 0.420573 0.451389 0.008854 0.023148
16 0.458333 0.425926 0.011458 0.022222
16 0.465104 0.425000 0.009375 0.022222
16 0.473177 0.426389 0.008854 0.025000
16 0.481250 0.426852 0.010417 0.018519
16 0.489583 0.425000 0.009375 0.020370
16 0.496354 0.424537 0.007292 0.023148
16 0.503646 0.425926 0.011458 0.024074
16 0.488281 0.452315 0.008854 0.023148
16 0.504687 0.453241 0.010417 0.017593
16 0.395573 0.438426 0.009896 0.015741
21 0.447917 0.426852 0.129167 0.072222
0 0.358333 0.513426 0.085417 0.204630
19 0.355208 0.414815 0.037500 0.048148
14 0.340625 0.396759 0.047917 0.063889
22 0.259896 0.384722 0.062500 0.134259
30 0.257292 0.276389 0.052083 0.062037
28 0.529167 0.209259 0.060417 0.118519
16 0.457031 0.177778 0.011979 0.018519
27 0.439583 0.148148 0.111458 0.296296
17 0.365365 0.180556 0.047396 0.033333
