34 0.623698 0.968519 0.044271 0.064815
17 0.380469 0.578241 0.039062 0.049074
30 0.503385 0.635185 0.058854 0.105556
22 0.550521 0.568981 0.095833 0.147222
34 0.557031 0.358333 0.052604 0.044444
19 0.499740 0.452778 0.027604 0.087037
14 0.497396 0.425463 0.022917 0.110185
16 0.484635 0.412500 0.009896 0.017593
16 0.432812 0.388426 0.009375 0.010185
21 0.453125 0.417593 0.076042 0.094444
0 0.391406 0.381481 0.129688 0.138889
1 0.353646 0.345833 0.085417 0.173148
27 0.319010 0.460185 0.163021 0.190741
28 0.309635 0.412500 0.041146 0.080556
26 0.305990 0.298148 0.075521 0.159259
14 0.364583 0.298611 0.040625 0.086111
10 0.391146 0.268519 0.063542 0.111111
11 0.352865 0.248148 0.050521 0.100000
5 0.356510 0.187500 0.073438 0.058333
12 0.294531 0.211111 0.050521 0.053704
13 0.259896 0.245370 0.051042 0.081481
13 0.222396 0.268056 0.055208 0.086111
4 0.370573 0.187963 0.063021 0.044444
