13 0.661458 0.858333 0.113542 0.222222
13 0.598698 0.666667 0.096354 0.188889
12 0.694271 0.566667 0.104167 0.177778
4 0.490625 0.877778 0.176042 0.207407
5 0.450000 0.811574 0.167708 0.273148
2 0.348698 0.616667 0.128646 0.166667
3 0.320573 0.556019 0.035937 0.197222
24 0.569010 0.519444 0.089063 0.144444
10 0.477604 0.529167 0.088542 0.197222
11 0.383594 0.464352 0.099479 0.169444
14 0.420312 0.307407 0.029167 0.125926
19 0.424219 0.349537 0.027604 0.082407
33 0.413542 0.259259 0.012500 0.040741
0 0.370312 0.221296 0.098958 0.100000
28 0.452865 0.268056 0.044271 0.087963
26 0.510677 0.285648 0.086979 0.173148
29 0.412760 0.135648 0.048438 0.063889
16 0.405469 0.156944 0.009896 0.015741
27 0.419531 0.158333 0.077604 0.220370
30 0.326823 0.173148 0.019271 0.031481
19 0.343229 0.179167 0.017708 0.026852
14 0.339844 0.162037 0.024479 0.061111
22 0.286198 0.146759 0.058854 0.036111
34 0.255729 0.144444 0.021875 0.020370
16 0.340104 0.353704 0.008333 0.012963
16 0.343229 0.359259 0.006250 0.012963
16 0.346354 0.365741 0.006250 0.014815
16 0.303646 0.317593 0.011458 0.012963
16 0.278125 0.301389 0.011458 0.012037
16 0.280729 0.308796 0.012500 0.012037
16 0.317969 0.328704 0.008854 0.007407
16 0.294010 0.298148 0.010937 0.011111
16 0.311458 0.298611 0.011458 0.010185
16 0.308333 0.291204 0.009375 0.012037
16 0.305469 0.286574 0.007812 0.012037
16 0.301302 0.284722 0.007812 0.012037
21 0.315365 0.343519 0.079687 0.114815
1 0.294792 0.421296 0.111458 0.187037
34 0.239063 0.304167 0.066667 0.052778
