30 0.396875 0.104861 0.075000 0.069444
22 0.385156 0.213194 0.104688 0.165278
4 0.202604 0.299653 0.134375 0.228472
5 0.238281 0.370486 0.150521 0.281250
17 0.565365 0.032292 0.069271 0.031250
14 0.506250 0.115625 0.044792 0.132639
19 0.513281 0.153125 0.047396 0.107639
27 0.691927 0.068403 0.145313 0.136806
28 0.803646 0.080903 0.090625 0.113194
26 0.932813 0.107292 0.134375 0.204861
24 0.987500 0.276736 0.025000 0.092361
19 0.873437 0.251736 0.073958 0.093750
14 0.898958 0.202431 0.089583 0.147917
11 0.942187 0.403472 0.115625 0.159722
3 0.948177 0.613194 0.091146 0.227778
16 0.757812 0.426042 0.028125 0.040972
29 0.792969 0.435764 0.182812 0.085417
16 0.791406 0.299653 0.020313 0.024306
16 0.787240 0.264931 0.016146 0.028472
16 0.775521 0.259722 0.015625 0.023611
16 0.759896 0.230903 0.017708 0.027083
16 0.746875 0.228819 0.017708 0.029861
16 0.750000 0.256597 0.016667 0.029861
16 0.723437 0.221528 0.020833 0.033333
16 0.684896 0.217361 0.016667 0.033333
16 0.660677 0.244444 0.017188 0.031944
16 0.662240 0.277083 0.017188 0.027778
16 0.590365 0.206250 0.016146 0.031944
16 0.618490 0.239583 0.015104 0.029167
16 0.633073 0.241319 0.017188 0.028472
21 0.682552 0.267014 0.223438 0.124306
34 0.670573 0.470139 0.189062 0.084722
1 0.677344 0.531250 0.168229 0.301389
0 0.496354 0.764236 0.168750 0.338194
