4 0.191667 0.262500 0.121875 0.197222
5 0.216927 0.325000 0.133854 0.240278
30 0.364844 0.091319 0.070312 0.059028
22 0.346354 0.188542 0.101042 0.146528
19 0.456250 0.134028 0.053125 0.100000
14 0.444010 0.098611 0.051562 0.120833
17 0.522396 0.023611 0.064583 0.029167
27 0.640625 0.057639 0.138542 0.115278
28 0.754948 0.060417 0.086979 0.108333
26 0.897396 0.101042 0.153125 0.202083
19 0.832552 0.222917 0.068229 0.097222
14 0.854167 0.168750 0.080208 0.154167
24 0.971875 0.263889 0.056250 0.108333
2 0.991406 0.570139 0.017188 0.270833
3 0.900260 0.609722 0.097396 0.252778
11 0.904427 0.401389 0.152604 0.176389
29 0.711719 0.397917 0.197396 0.081944
34 0.520052 0.533681 0.025521 0.213194
0 0.435937 0.598264 0.228125 0.243750
1 0.892448 0.636458 0.107813 0.302083
21 0.615104 0.235069 0.222917 0.117361
16 0.523438 0.177083 0.015625 0.026389
16 0.537500 0.177083 0.014583 0.029167
16 0.550521 0.178125 0.014583 0.029861
16 0.614323 0.185069 0.015104 0.029861
16 0.587240 0.209375 0.014063 0.024306
16 0.584635 0.239583 0.016146 0.025000
16 0.678125 0.195486 0.014583 0.028472
16 0.691927 0.198264 0.014063 0.027083
16 0.676302 0.223264 0.016146 0.027083
16 0.703125 0.228472 0.014583 0.027778
16 0.717187 0.232639 0.014583 0.025000
16 0.718229 0.263889 0.021875 0.027778
31 0.653906 0.187500 0.016146 0.029167
16 0.666927 0.388889 0.019271 0.036111
