34 0.186198 0.741667 0.027604 0.106944
23 0.051042 0.628819 0.054167 0.132639
30 0.048438 0.537153 0.044792 0.056250
14 0.076563 0.521528 0.060417 0.077778
19 0.095573 0.539236 0.056771 0.070139
17 0.195573 0.347917 0.045312 0.063889
27 0.190104 0.335417 0.140625 0.234722
16 0.295052 0.269097 0.010937 0.018750
28 0.288802 0.341667 0.072396 0.094444
14 0.314063 0.384722 0.052083 0.091667
19 0.326302 0.410417 0.049479 0.080556
26 0.363021 0.291667 0.127083 0.175000
13 0.582031 0.206597 0.089063 0.088194
24 0.526563 0.331597 0.098958 0.085417
29 0.662240 0.292014 0.104688 0.049306
10 0.722656 0.335069 0.109896 0.129861
11 0.625260 0.367014 0.123438 0.125694
2 0.771875 0.473611 0.073958 0.198611
3 0.741146 0.490278 0.083333 0.198611
4 0.644271 0.555903 0.076042 0.261806
1 0.664583 0.514236 0.177083 0.214583
5 0.520833 0.654167 0.129167 0.223611
12 0.567708 0.426736 0.117708 0.164583
13 0.406250 0.444792 0.080208 0.122917
0 0.446875 0.474306 0.201042 0.277778
16 0.170052 0.494792 0.009896 0.018750
16 0.178385 0.488542 0.009896 0.018750
16 0.185677 0.485069 0.009896 0.020139
16 0.194271 0.480556 0.011458 0.019444
16 0.201823 0.474653 0.009896 0.018750
16 0.172135 0.535069 0.009896 0.018750
16 0.261719 0.473958 0.013021 0.020139
16 0.299219 0.465972 0.010937 0.023611
16 0.234375 0.458681 0.014583 0.021528
31 0.249479 0.444792 0.014583 0.021528
16 0.267969 0.439931 0.013021 0.017361
16 0.277344 0.432986 0.009896 0.020139
16 0.288021 0.448958 0.011458 0.020139
16 0.296615 0.443750 0.013021 0.020833
21 0.244792 0.493403 0.150000 0.140972
