34 0.682031 0.591667 0.041146 0.109259
22 0.596094 0.560185 0.094271 0.137037
30 0.511719 0.523148 0.052604 0.085185
29 0.395313 0.648148 0.089583 0.142593
16 0.385677 0.431481 0.013021 0.046296
27 0.367708 0.445833 0.136458 0.176852
28 0.341667 0.398148 0.052083 0.081481
17 0.265885 0.465741 0.019271 0.055556
26 0.290885 0.310648 0.086979 0.154630
34 0.564844 0.368056 0.048438 0.056481
19 0.474740 0.454167 0.026562 0.086111
14 0.470313 0.427315 0.023958 0.104630
16 0.513802 0.335185 0.008854 0.018519
16 0.471094 0.292593 0.007812 0.014815
16 0.440104 0.294444 0.007292 0.016667
16 0.444010 0.296296 0.007812 0.012963
16 0.447135 0.299074 0.008854 0.011111
16 0.473177 0.307870 0.007812 0.012037
16 0.496354 0.349074 0.008333 0.011111
16 0.491927 0.345833 0.007812 0.013889
16 0.488021 0.342130 0.007292 0.013889
16 0.482552 0.339352 0.007812 0.015741
16 0.484635 0.318981 0.007812 0.015741
16 0.504167 0.337500 0.009375 0.008333
16 0.501563 0.333333 0.006250 0.012963
21 0.478125 0.331019 0.086458 0.099074
33 0.367708 0.231944 0.010417 0.034259
11 0.407813 0.271296 0.067708 0.068519
14 0.366406 0.279630 0.034896 0.105556
19 0.377344 0.313426 0.026562 0.071296
0 0.400781 0.206019 0.090104 0.084259
1 0.436719 0.170833 0.039062 0.047222
12 0.223698 0.238889 0.046354 0.083333
13 0.288021 0.168056 0.040625 0.058333
13 0.293490 0.202315 0.040104 0.065741
4 0.353646 0.174074 0.076042 0.037037
10 0.343490 0.225000 0.054688 0.101852
