12 0.403385 0.594444 0.104688 0.190741
13 0.460938 0.641204 0.104167 0.193519
13 0.522396 0.710185 0.109375 0.209259
11 0.483333 0.316204 0.084375 0.149074
10 0.413281 0.430556 0.097396 0.166667
24 0.492448 0.487963 0.085938 0.140741
26 0.617708 0.327778 0.096875 0.200000
28 0.663021 0.326389 0.046875 0.097222
27 0.716406 0.219907 0.151562 0.204630
16 0.691146 0.231019 0.012500 0.045370
29 0.518490 0.212963 0.053646 0.090741
30 0.700260 0.129167 0.032813 0.054630
19 0.555208 0.298611 0.026042 0.084259
14 0.565104 0.267130 0.036458 0.108333
1 0.493490 0.131481 0.089063 0.070370
0 0.508854 0.070833 0.062500 0.097222
34 0.512240 0.117593 0.055729 0.046296
16 0.544531 0.242593 0.009896 0.016667
16 0.588802 0.219444 0.007812 0.014815
16 0.575521 0.240741 0.006250 0.012963
16 0.583073 0.201389 0.007812 0.012037
16 0.588021 0.191204 0.008333 0.012037
16 0.591927 0.187037 0.007812 0.011111
16 0.610938 0.181481 0.010417 0.018519
16 0.586979 0.175463 0.009375 0.017593
16 0.572656 0.197222 0.009896 0.014815
31 0.581250 0.229630 0.007292 0.020370
21 0.575781 0.231481 0.076563 0.116667
19 0.653646 0.142593 0.027083 0.074074
14 0.661719 0.110185 0.022396 0.077778
22 0.657552 0.111574 0.064062 0.071296
5 0.636198 0.052778 0.066146 0.062963
4 0.669010 0.048611 0.055729 0.065741
17 0.720573 0.209722 0.010937 0.028704
34 0.764844 0.060185 0.018229 0.042593
