5 0.476302 0.830556 0.163021 0.283333
4 0.442969 0.786111 0.138021 0.257407
3 0.353906 0.613889 0.098437 0.211111
2 0.313281 0.538889 0.102604 0.185185
10 0.401042 0.414815 0.083333 0.166667
11 0.456510 0.505093 0.097396 0.182407
12 0.577344 0.599074 0.101562 0.185185
13 0.622396 0.544907 0.094792 0.163889
13 0.665885 0.494444 0.094271 0.153704
29 0.529167 0.527315 0.090625 0.128704
26 0.488021 0.283796 0.081250 0.191667
19 0.421354 0.323611 0.027083 0.080556
14 0.422135 0.291204 0.036979 0.115741
16 0.387500 0.282870 0.010417 0.021296
16 0.381771 0.295370 0.008333 0.016667
16 0.379167 0.292130 0.009375 0.012037
16 0.375521 0.287037 0.008333 0.014815
16 0.372135 0.281481 0.006771 0.012963
16 0.364323 0.294444 0.010937 0.012963
16 0.369792 0.305556 0.010417 0.012963
27 0.455208 0.154630 0.092708 0.211111
24 0.289062 0.385185 0.066667 0.098148
21 0.375781 0.302315 0.051562 0.071296
0 0.397917 0.116204 0.089583 0.076852
1 0.429167 0.177315 0.070833 0.097222
19 0.326302 0.188426 0.018229 0.037963
13 0.321354 0.180556 0.054167 0.046296
