24 0.397917 0.661458 0.081250 0.149306
16 0.290885 0.395833 0.016146 0.026389
16 0.260937 0.412153 0.017708 0.028472
16 0.242188 0.427778 0.019792 0.025000
16 0.179427 0.525000 0.017188 0.027778
16 0.230208 0.489931 0.012500 0.021528
16 0.256250 0.445139 0.015625 0.023611
16 0.264062 0.438889 0.013542 0.023611
16 0.276042 0.434375 0.014583 0.020139
16 0.283594 0.426736 0.017188 0.017361
16 0.294531 0.419097 0.016146 0.018750
16 0.306510 0.413194 0.011979 0.018056
16 0.317708 0.407292 0.014583 0.017361
16 0.301042 0.444444 0.013542 0.020833
16 0.321354 0.431597 0.015625 0.020139
21 0.255469 0.463889 0.171354 0.170833
16 0.217708 0.242708 0.032292 0.027083
17 0.140625 0.337500 0.046875 0.054167
27 0.198698 0.235417 0.164062 0.265278
28 0.315625 0.234375 0.083333 0.106250
26 0.415625 0.184722 0.153125 0.198611
19 0.378646 0.334375 0.051042 0.084028
14 0.368750 0.280556 0.052083 0.151389
14 0.099740 0.503819 0.102604 0.095139
19 0.133073 0.533333 0.066146 0.070833
22 0.057813 0.570486 0.065625 0.152083
30 0.051302 0.480208 0.048438 0.074306
10 0.521354 0.371181 0.118750 0.199306
0 0.434635 0.381944 0.194271 0.225000
11 0.611198 0.307292 0.140104 0.170139
29 0.639323 0.222222 0.096354 0.140278
13 0.630208 0.084028 0.096875 0.093056
13 0.666406 0.137500 0.102604 0.105556
12 0.704427 0.192708 0.114062 0.117361
1 0.604427 0.533681 0.146354 0.296528
2 0.564583 0.495833 0.144792 0.305556
3 0.663021 0.498958 0.092708 0.246528
4 0.801042 0.381597 0.133333 0.196528
5 0.820573 0.352778 0.131771 0.208333
