34 0.003906 0.477431 0.007812 0.046528
34 0.242708 0.463194 0.079167 0.201389
22 0.032292 0.298611 0.064583 0.193056
30 0.103646 0.153819 0.077083 0.114583
19 0.173698 0.091319 0.088021 0.106250
14 0.145573 0.062153 0.106771 0.117361
16 0.560937 0.162847 0.028125 0.034028
16 0.542448 0.165972 0.027604 0.036111
16 0.525000 0.168056 0.021875 0.040278
16 0.442448 0.232986 0.020313 0.039583
16 0.408854 0.245139 0.021875 0.033333
16 0.503646 0.265972 0.022917 0.036111
16 0.351562 0.218750 0.023958 0.040278
16 0.334115 0.222222 0.023438 0.038889
16 0.318490 0.228819 0.022396 0.038194
16 0.303125 0.235069 0.025000 0.035417
16 0.325260 0.271528 0.022396 0.038889
16 0.308333 0.278125 0.019792 0.038194
16 0.344792 0.311458 0.019792 0.038194
21 0.443750 0.253125 0.297917 0.190972
19 0.598958 0.014236 0.055208 0.028472
11 0.764323 0.178472 0.220312 0.236111
10 0.902865 0.071528 0.174479 0.143056
13 0.984896 0.048958 0.030208 0.097917
31 0.559635 0.453472 0.030729 0.041667
0 0.483333 0.539931 0.190625 0.285417
3 0.797396 0.666319 0.405208 0.388194
7 0.585938 0.473264 0.051042 0.039583
1 0.878906 0.687153 0.242188 0.422917
5 0.984115 0.236111 0.031771 0.236111
2 0.873958 0.330903 0.064583 0.309028
