29 0.456250 0.461111 0.190625 0.101389
1 0.781510 0.617014 0.130729 0.352083
21 0.406250 0.337153 0.192708 0.150694
27 0.328646 0.125694 0.169792 0.251389
34 0.361458 0.626389 0.044792 0.183333
0 0.321354 0.717708 0.153125 0.289583
16 0.403646 0.479167 0.023958 0.038889
3 0.747917 0.549306 0.041667 0.298611
2 0.822917 0.430208 0.097917 0.271528
11 0.668490 0.341667 0.169271 0.197222
16 0.482812 0.316319 0.019792 0.020139
16 0.478385 0.291667 0.014063 0.025000
16 0.466146 0.296181 0.015625 0.024306
16 0.451042 0.274306 0.014583 0.027778
16 0.439063 0.280903 0.016667 0.024306
31 0.416146 0.284375 0.017708 0.028472
16 0.395313 0.296875 0.016667 0.029861
16 0.353646 0.314583 0.014583 0.023611
16 0.377865 0.356250 0.017188 0.022222
16 0.343750 0.319444 0.015625 0.026389
16 0.333333 0.324306 0.015625 0.025000
16 0.323437 0.329167 0.016667 0.026389
16 0.313542 0.334028 0.016667 0.025000
19 0.533333 0.226389 0.046875 0.095833
14 0.523438 0.167361 0.048958 0.163889
26 0.551302 0.087500 0.152604 0.175000
28 0.448698 0.127778 0.084896 0.102778
16 0.350781 0.119097 0.032813 0.032639
17 0.263281 0.218056 0.050521 0.052778
22 0.161198 0.436806 0.063021 0.148611
30 0.161979 0.353472 0.050000 0.063889
19 0.220052 0.353472 0.064062 0.076389
14 0.200260 0.333333 0.074479 0.086111
4 0.074479 0.550694 0.055208 0.195833
5 0.096615 0.591319 0.065104 0.221528
24 0.729427 0.152083 0.113021 0.101389
10 0.825260 0.213542 0.147396 0.156250
12 0.861719 0.127431 0.119271 0.106250
13 0.782031 0.030556 0.100521 0.061111
13 0.818750 0.072917 0.108333 0.101389
