27 0.359115 0.134375 0.229687 0.268750
34 0.151823 0.537500 0.013021 0.098611
22 0.192708 0.469792 0.058333 0.140972
30 0.245833 0.373264 0.041667 0.072917
14 0.257031 0.313889 0.041146 0.056944
29 0.280208 0.174653 0.108333 0.104861
16 0.370312 0.125694 0.016667 0.019444
28 0.535937 0.132639 0.101042 0.134722
16 0.507812 0.082292 0.025000 0.047917
17 0.535417 0.014583 0.066667 0.029167
0 0.453125 0.117014 0.137500 0.220139
26 0.696615 0.076042 0.169271 0.152083
14 0.653125 0.195833 0.054167 0.194444
19 0.661198 0.266667 0.052604 0.104167
24 0.944792 0.148611 0.110417 0.118056
10 0.946615 0.300000 0.106771 0.197222
11 0.808594 0.461458 0.214062 0.236806
2 0.929948 0.638194 0.070312 0.344444
3 0.809896 0.694444 0.204167 0.240278
16 0.599479 0.471528 0.023958 0.027778
16 0.581771 0.472917 0.020833 0.030556
16 0.566667 0.475000 0.017708 0.034722
16 0.494271 0.526389 0.017708 0.034722
16 0.465885 0.534722 0.017188 0.033333
16 0.424219 0.497222 0.019271 0.029167
16 0.410938 0.498611 0.016667 0.027778
16 0.398698 0.501042 0.017188 0.028472
16 0.541146 0.565625 0.019792 0.031250
16 0.388281 0.541667 0.014063 0.029167
16 0.402344 0.540278 0.015104 0.029167
31 0.492969 0.569097 0.019271 0.036806
21 0.507812 0.528472 0.240625 0.126389
1 0.633073 0.727083 0.165104 0.366667
