4 0.362760 0.904630 0.057813 0.190741
5 0.469271 0.884722 0.141667 0.228704
22 0.445833 0.681944 0.109375 0.154630
30 0.383854 0.637500 0.057292 0.099074
17 0.406771 0.490278 0.028125 0.058333
19 0.470573 0.554630 0.029687 0.094444
14 0.466406 0.525000 0.027604 0.112963
16 0.461719 0.356019 0.009896 0.017593
27 0.441146 0.367130 0.123958 0.217593
28 0.496354 0.367130 0.046875 0.078704
26 0.535156 0.296759 0.074479 0.145370
13 0.573438 0.233333 0.042708 0.066667
13 0.604688 0.244444 0.044792 0.068519
12 0.637760 0.251389 0.044271 0.069444
10 0.659375 0.280093 0.055208 0.087963
24 0.605990 0.303241 0.047396 0.060185
11 0.638542 0.364352 0.065625 0.113889
2 0.719010 0.350926 0.098437 0.059259
3 0.716667 0.393981 0.104167 0.041667
29 0.635156 0.475000 0.045312 0.111111
34 0.682031 0.566204 0.098437 0.039815
31 0.563021 0.426852 0.010417 0.022222
19 0.579427 0.370833 0.023438 0.075000
14 0.579948 0.331481 0.027604 0.118519
16 0.600000 0.415278 0.009375 0.017593
16 0.587240 0.407407 0.010937 0.014815
16 0.585417 0.412500 0.011458 0.013889
16 0.571094 0.409259 0.008854 0.011111
16 0.568750 0.416667 0.010417 0.012963
16 0.557292 0.437963 0.010417 0.014815
16 0.532031 0.487500 0.011979 0.015741
16 0.578646 0.462963 0.008333 0.011111
16 0.564583 0.455556 0.009375 0.011111
16 0.560677 0.468981 0.009896 0.013889
16 0.556510 0.474074 0.008854 0.012963
16 0.553906 0.481944 0.009896 0.013889
16 0.563021 0.495833 0.009375 0.013889
21 0.565104 0.472222 0.079167 0.133333
1 0.704688 0.534722 0.126042 0.084259
0 0.736458 0.724074 0.169792 0.203704
