0 0.584115 0.116204 0.067187 0.110185
25 0.540365 0.209722 0.058854 0.075000
21 0.585417 0.211111 0.071875 0.101852
30 0.700521 0.130093 0.032292 0.054630
22 0.660417 0.111574 0.058333 0.069444
14 0.630208 0.103241 0.029167 0.106481
19 0.622396 0.144907 0.021875 0.071296
17 0.720313 0.208333 0.009375 0.027778
16 0.687760 0.228241 0.015104 0.039815
27 0.716406 0.221296 0.151562 0.201852
28 0.659375 0.326852 0.052083 0.094444
16 0.599219 0.163889 0.007812 0.014815
16 0.587240 0.174074 0.008854 0.009259
16 0.584115 0.201852 0.007812 0.007407
16 0.582812 0.207407 0.006250 0.007407
16 0.578385 0.212500 0.007812 0.008333
16 0.576823 0.221296 0.006771 0.014815
16 0.598177 0.205556 0.005729 0.011111
31 0.593229 0.213426 0.007292 0.013889
16 0.610417 0.173148 0.009375 0.009259
16 0.617969 0.176389 0.006771 0.010185
34 0.519010 0.141204 0.050521 0.032407
24 0.491146 0.196759 0.060417 0.075000
16 0.562500 0.218981 0.008333 0.010185
16 0.556250 0.232870 0.007292 0.019444
14 0.567187 0.261111 0.022917 0.088889
26 0.601302 0.318981 0.113021 0.199074
10 0.491667 0.303241 0.073958 0.152778
11 0.434375 0.391667 0.093750 0.159259
29 0.457292 0.511574 0.105208 0.108333
4 0.301563 0.497222 0.123958 0.085185
5 0.283594 0.538889 0.134896 0.138889
12 0.405208 0.585648 0.103125 0.187963
13 0.459635 0.639815 0.103646 0.190741
13 0.522135 0.709722 0.107813 0.208333
1 0.381510 0.045370 0.064062 0.090741
2 0.403125 0.299537 0.109375 0.056481
