27 0.489063 0.335069 0.154167 0.321528
3 0.930729 0.831250 0.108333 0.211111
30 0.258594 0.516667 0.064062 0.068056
0 0.427865 0.396875 0.130729 0.229861
28 0.628906 0.389583 0.077604 0.120833
26 0.773438 0.392708 0.158333 0.227083
14 0.717708 0.485417 0.067708 0.112500
29 0.939583 0.504861 0.081250 0.163889
13 0.940365 0.342361 0.097396 0.095833
13 0.960677 0.422569 0.078646 0.103472
12 0.973437 0.504167 0.053125 0.109722
11 0.913021 0.615972 0.144792 0.161111
10 0.839583 0.648264 0.141667 0.152083
34 0.450521 0.927431 0.023958 0.143750
24 0.618490 0.900000 0.147396 0.140278
22 0.249219 0.623958 0.083854 0.152083
17 0.381510 0.412500 0.033854 0.030556
16 0.487760 0.342361 0.019271 0.030556
1 0.573698 0.393750 0.151562 0.198611
16 0.523698 0.596181 0.018229 0.025694
16 0.550521 0.590278 0.015625 0.030556
16 0.588542 0.585764 0.015625 0.029861
16 0.537760 0.625694 0.015104 0.030556
16 0.551042 0.624306 0.014583 0.027778
16 0.564583 0.625000 0.013542 0.027778
16 0.577604 0.624306 0.020833 0.029167
16 0.591927 0.621528 0.018229 0.030556
16 0.428906 0.674653 0.013021 0.022917
21 0.521354 0.636458 0.194792 0.113194
