13 0.222135 0.267593 0.055729 0.083333
13 0.260677 0.245370 0.051562 0.079630
12 0.294271 0.212500 0.050000 0.054630
26 0.310677 0.300463 0.079687 0.162037
28 0.315625 0.413426 0.052083 0.078704
16 0.335156 0.412963 0.008854 0.020370
27 0.318490 0.459722 0.161979 0.191667
5 0.356771 0.188426 0.073958 0.056481
11 0.366146 0.241667 0.054167 0.094444
10 0.391927 0.275000 0.064062 0.111111
2 0.444531 0.248148 0.049479 0.070370
14 0.365104 0.304167 0.039583 0.108333
19 0.381771 0.336111 0.026042 0.072222
17 0.380990 0.576852 0.038021 0.048148
16 0.414323 0.366667 0.008854 0.012963
16 0.417969 0.349074 0.006771 0.012963
16 0.424740 0.355556 0.006771 0.012963
16 0.429427 0.360648 0.006771 0.010185
16 0.433073 0.365741 0.006771 0.011111
16 0.436458 0.370370 0.008333 0.011111
16 0.440365 0.375463 0.007812 0.012037
16 0.435417 0.350463 0.008333 0.013889
16 0.428125 0.342593 0.009375 0.012963
16 0.433594 0.388889 0.006771 0.012963
31 0.425781 0.377778 0.007812 0.016667
16 0.469792 0.389815 0.009375 0.014815
21 0.444271 0.401852 0.081250 0.124074
25 0.474219 0.361111 0.058854 0.070370
24 0.503125 0.318056 0.063542 0.071296
14 0.489323 0.418981 0.027604 0.115741
19 0.495052 0.454167 0.026562 0.080556
0 0.525260 0.386111 0.108854 0.098148
30 0.503646 0.636111 0.057292 0.103704
22 0.550781 0.569907 0.094271 0.145370
34 0.623177 0.967593 0.043229 0.064815
1 0.475521 0.059722 0.059375 0.119444
