21 0.558594 0.482870 0.072396 0.130556
22 0.446094 0.682407 0.108854 0.155556
30 0.384115 0.636574 0.057813 0.100926
17 0.406510 0.490741 0.028646 0.059259
16 0.463542 0.356481 0.009375 0.018519
27 0.441146 0.367130 0.121875 0.219444
28 0.496875 0.366667 0.046875 0.079630
16 0.547135 0.454630 0.008854 0.020370
31 0.553125 0.439815 0.011458 0.020370
16 0.559635 0.426389 0.011979 0.017593
16 0.577865 0.420833 0.011979 0.015741
16 0.590104 0.427315 0.008333 0.019444
16 0.561979 0.453704 0.010417 0.012963
16 0.566146 0.445833 0.009375 0.013889
16 0.567969 0.440741 0.009896 0.011111
16 0.571094 0.434259 0.006771 0.012963
16 0.573958 0.428704 0.008333 0.011111
16 0.566406 0.423148 0.008854 0.014815
19 0.514844 0.549074 0.029687 0.094444
14 0.513542 0.504630 0.030208 0.131481
0 0.577865 0.557407 0.102604 0.150000
25 0.614844 0.503704 0.060937 0.100000
24 0.676823 0.512500 0.063021 0.106481
2 0.719271 0.396296 0.107292 0.038889
10 0.633333 0.354630 0.057292 0.120370
11 0.662240 0.318981 0.050521 0.102778
14 0.574479 0.336574 0.027083 0.117593
19 0.573698 0.375463 0.023438 0.076852
26 0.547135 0.300926 0.080729 0.146296
29 0.618490 0.282407 0.059896 0.042593
13 0.572917 0.232407 0.044792 0.064815
13 0.605469 0.242593 0.044271 0.064815
12 0.638542 0.248148 0.045833 0.061111
5 0.718229 0.277315 0.090625 0.049074
4 0.728646 0.287963 0.090625 0.040741
7 0.729948 0.352778 0.021354 0.059259
3 0.776302 0.225000 0.079687 0.214815
1 0.799479 0.217130 0.080208 0.208333
16 0.575781 0.422685 0.007812 0.010185
