16 0.411198 0.152431 0.016146 0.028472
16 0.527865 0.093056 0.023438 0.026389
16 0.555729 0.090625 0.018750 0.035417
16 0.596354 0.099306 0.015625 0.031944
16 0.541927 0.121875 0.014063 0.029861
16 0.554427 0.121875 0.019271 0.034028
16 0.571094 0.125347 0.017188 0.029861
16 0.585156 0.127778 0.017188 0.027778
16 0.600781 0.127778 0.018229 0.030556
16 0.613542 0.129514 0.015625 0.031250
16 0.628125 0.131944 0.018750 0.025000
16 0.629427 0.163889 0.019271 0.026389
16 0.601042 0.159375 0.017708 0.029861
21 0.515885 0.144792 0.243229 0.111806
22 0.195573 0.129861 0.110937 0.176389
30 0.213281 0.029167 0.078646 0.058333
14 0.321615 0.082986 0.072396 0.138194
19 0.336719 0.122569 0.066146 0.114583
34 0.414844 0.471875 0.034896 0.227083
0 0.478906 0.667014 0.224479 0.325694
25 0.555729 0.272222 0.148958 0.131944
24 0.602604 0.473958 0.155208 0.142361
14 0.733854 0.068750 0.097917 0.137500
16 0.549479 0.559375 0.052083 0.036806
19 0.704948 0.106597 0.071354 0.107639
26 0.792448 0.051389 0.168229 0.102778
29 0.921875 0.165278 0.055208 0.104167
10 0.827865 0.239236 0.159896 0.167361
11 0.910417 0.261458 0.118750 0.157639
12 0.968229 0.222569 0.063542 0.118750
13 0.958854 0.124653 0.082292 0.074306
13 0.944531 0.063194 0.088021 0.100000
4 0.985156 0.408333 0.029687 0.147222
2 0.825781 0.491667 0.091146 0.273611
3 0.859375 0.654514 0.281250 0.114583
7 0.674740 0.602083 0.123438 0.037500
1 0.926042 0.708681 0.147917 0.314583
