34 0.205729 0.215625 0.023958 0.186806
22 0.323698 0.107986 0.126562 0.193750
30 0.473958 0.032986 0.086458 0.065972
19 0.593490 0.041319 0.057813 0.082639
27 0.721875 0.023958 0.134375 0.047917
28 0.851562 0.029861 0.098958 0.059722
26 0.957031 0.057292 0.085938 0.114583
14 0.965104 0.158681 0.069792 0.095139
19 0.948438 0.181597 0.079167 0.088194
11 0.971354 0.378819 0.057292 0.149306
3 0.969531 0.537847 0.060937 0.177083
16 0.914062 0.318750 0.014583 0.030556
16 0.902865 0.314236 0.015104 0.032639
16 0.891146 0.309375 0.015625 0.032639
16 0.835938 0.325347 0.014583 0.031250
16 0.811719 0.321181 0.016146 0.035417
16 0.782031 0.350000 0.018229 0.036111
16 0.870833 0.379167 0.018750 0.025000
16 0.742448 0.295486 0.016146 0.035417
16 0.726042 0.292014 0.016667 0.034028
16 0.726823 0.250694 0.021354 0.026389
16 0.742448 0.254167 0.019271 0.027778
16 0.756771 0.257639 0.018750 0.027778
16 0.771615 0.263889 0.020313 0.025000
31 0.834375 0.365278 0.023958 0.036111
21 0.800000 0.328472 0.219792 0.169444
0 0.494010 0.610069 0.145313 0.317361
34 0.583073 0.373958 0.064062 0.247917
1 0.640104 0.445486 0.207292 0.352083
14 0.599740 0.028472 0.031771 0.052778
