34 0.518229 0.723958 0.147917 0.031250
4 0.199479 0.455556 0.106250 0.186111
5 0.225260 0.517014 0.118229 0.225694
30 0.351562 0.293056 0.063542 0.058333
22 0.339062 0.388889 0.088542 0.140278
17 0.491927 0.213194 0.059896 0.033333
14 0.418229 0.287847 0.042708 0.064583
19 0.430208 0.314583 0.040625 0.041667
16 0.463542 0.385069 0.038542 0.047917
0 0.386458 0.454861 0.204167 0.268056
16 0.505990 0.431250 0.014063 0.026389
16 0.518229 0.402083 0.013542 0.026389
16 0.531250 0.402778 0.014583 0.023611
16 0.555990 0.401389 0.015104 0.026389
16 0.554427 0.432292 0.013021 0.024306
16 0.578906 0.375694 0.014063 0.029167
16 0.615365 0.372569 0.014063 0.028472
16 0.638802 0.375694 0.014063 0.026389
16 0.651042 0.376389 0.014583 0.027778
16 0.639844 0.404514 0.017188 0.028472
16 0.663542 0.403125 0.015625 0.028472
16 0.679167 0.433681 0.018750 0.021528
16 0.676562 0.404861 0.016667 0.026389
21 0.585677 0.417361 0.206771 0.088889
16 0.617448 0.157292 0.016146 0.015972
27 0.594531 0.148958 0.139063 0.290972
28 0.708594 0.220139 0.081771 0.105556
26 0.844271 0.229514 0.145833 0.213194
13 0.976302 0.245486 0.047396 0.088194
13 0.986979 0.316667 0.026042 0.095833
24 0.944792 0.369097 0.093750 0.093750
10 0.975000 0.462153 0.050000 0.132639
2 0.975521 0.642014 0.048958 0.225694
11 0.863802 0.507292 0.151562 0.153472
19 0.768229 0.375347 0.059375 0.088194
14 0.785417 0.323611 0.066667 0.147222
29 0.685417 0.559375 0.186458 0.057639
7 0.815104 0.729167 0.059375 0.030556
3 0.915625 0.775347 0.168750 0.100694
1 0.944271 0.857639 0.111458 0.272222
