34 0.404948 0.441667 0.017188 0.144444
34 0.162760 0.344444 0.021354 0.144444
22 0.239844 0.256944 0.096354 0.159722
30 0.344792 0.170139 0.073958 0.086111
19 0.414062 0.171528 0.062500 0.101389
14 0.397396 0.114931 0.065625 0.168750
29 0.384635 0.013542 0.126562 0.027083
27 0.547656 0.074653 0.155729 0.149306
28 0.694271 0.059028 0.096875 0.118056
31 0.625260 0.189583 0.015104 0.036111
16 0.694531 0.231944 0.016146 0.027778
16 0.652083 0.226736 0.016667 0.028472
16 0.541406 0.217014 0.016146 0.025694
16 0.544010 0.159028 0.015104 0.030556
16 0.558333 0.159028 0.015625 0.030556
16 0.573438 0.160764 0.017708 0.028472
16 0.598437 0.161458 0.014583 0.028472
16 0.612500 0.163542 0.017708 0.028472
16 0.639323 0.165972 0.016146 0.029167
16 0.653385 0.166667 0.018229 0.027778
16 0.716667 0.177083 0.015625 0.030556
16 0.730208 0.179167 0.018750 0.030556
16 0.744010 0.181944 0.018229 0.029167
21 0.639844 0.217361 0.229687 0.115278
26 0.853385 0.079167 0.149479 0.158333
19 0.818750 0.197569 0.072917 0.100694
14 0.846094 0.145486 0.094271 0.160417
10 0.876823 0.345486 0.163021 0.182639
11 0.963802 0.377083 0.072396 0.166667
3 0.967708 0.605903 0.053125 0.281250
2 0.863542 0.581250 0.088542 0.291667
1 0.752344 0.648611 0.094271 0.375000
25 0.661979 0.437847 0.126042 0.142361
24 0.661198 0.457292 0.124479 0.132639
0 0.558333 0.462500 0.235417 0.248611
