34 0.033333 0.241319 0.029167 0.163194
22 0.126302 0.143056 0.114062 0.173611
30 0.249479 0.055208 0.081250 0.086806
19 0.349219 0.049306 0.053646 0.098611
14 0.344271 0.036458 0.040625 0.072917
28 0.616146 0.025347 0.093750 0.050694
27 0.474740 0.028125 0.146354 0.056250
34 0.323437 0.419792 0.031250 0.225694
26 0.766146 0.053819 0.143750 0.107639
14 0.743750 0.096181 0.091667 0.149306
19 0.713802 0.144792 0.072396 0.096528
12 0.951562 0.158681 0.073958 0.127083
13 0.968750 0.294097 0.062500 0.125694
24 0.889323 0.185417 0.075521 0.104167
10 0.901563 0.286458 0.116667 0.157639
11 0.790365 0.327083 0.154688 0.159722
4 0.985677 0.487153 0.027604 0.213194
5 0.956250 0.479514 0.040625 0.224306
2 0.858854 0.501042 0.046875 0.253472
7 0.873698 0.489236 0.038021 0.036806
3 0.742708 0.595486 0.243750 0.204861
16 0.617708 0.545833 0.044792 0.029167
16 0.451302 0.240972 0.021354 0.030556
16 0.467187 0.242708 0.018750 0.029861
16 0.483854 0.245833 0.019792 0.027778
16 0.498698 0.247222 0.019271 0.027778
16 0.450521 0.275694 0.016667 0.030556
16 0.495312 0.321181 0.017708 0.032639
16 0.556771 0.293056 0.016667 0.027778
16 0.572396 0.294097 0.014583 0.029861
16 0.614062 0.342014 0.016667 0.029861
16 0.639583 0.272917 0.015625 0.029167
16 0.654167 0.275347 0.017708 0.028472
16 0.666927 0.279167 0.017188 0.027778
31 0.541667 0.325000 0.018750 0.031944
21 0.547917 0.311458 0.244792 0.131250
0 0.527344 0.602083 0.222396 0.256944
1 0.738021 0.665625 0.211458 0.321528
13 0.989844 0.372917 0.020313 0.050000
