22 0.152604 0.124306 0.115625 0.205556
30 0.162240 0.022917 0.074479 0.045833
14 0.275521 0.074653 0.110417 0.149306
19 0.304688 0.113889 0.082292 0.125000
14 0.747396 0.054861 0.093750 0.109722
19 0.725260 0.076042 0.085938 0.117361
16 0.520833 0.064931 0.030208 0.028472
16 0.553906 0.061458 0.021354 0.042361
16 0.601302 0.067708 0.019271 0.034028
16 0.538021 0.100347 0.016667 0.031250
16 0.554427 0.099306 0.019271 0.030556
16 0.571354 0.103472 0.018750 0.033333
16 0.589583 0.105208 0.018750 0.032639
16 0.607292 0.106250 0.018750 0.033333
16 0.619531 0.106944 0.016146 0.033333
16 0.637240 0.110417 0.020313 0.029167
16 0.389583 0.141667 0.019792 0.034722
16 0.488802 0.135069 0.019271 0.034028
16 0.607292 0.141667 0.020833 0.030556
16 0.638802 0.146181 0.026562 0.025694
21 0.511198 0.121181 0.282813 0.127083
24 0.615104 0.487153 0.176042 0.168750
25 0.554167 0.269792 0.170833 0.156250
34 0.403125 0.466319 0.026042 0.200694
0 0.453125 0.560764 0.255208 0.363194
13 0.966146 0.034722 0.067708 0.069444
13 0.974740 0.106597 0.050521 0.100694
10 0.850000 0.219792 0.167708 0.163194
11 0.950000 0.245486 0.100000 0.175694
2 0.804688 0.364931 0.390625 0.249306
6 0.591406 0.471528 0.059896 0.036111
1 0.862760 0.476389 0.274479 0.456944
29 0.955469 0.139236 0.060937 0.117361
26 0.802604 0.034722 0.132292 0.069444
