34 0.107813 0.469444 0.018750 0.138889
22 0.162760 0.368750 0.072396 0.163889
30 0.243490 0.260069 0.068229 0.090972
14 0.276562 0.193403 0.085417 0.147917
19 0.301823 0.240972 0.072396 0.093056
29 0.271354 0.067014 0.128125 0.107639
16 0.405729 0.012847 0.013542 0.025694
27 0.385937 0.092014 0.211458 0.184028
16 0.415885 0.186458 0.013021 0.024306
16 0.525781 0.204514 0.018229 0.027083
16 0.571354 0.216667 0.019792 0.025000
16 0.588281 0.151042 0.017188 0.029861
16 0.603125 0.149306 0.020833 0.029167
16 0.616667 0.147222 0.020833 0.029167
21 0.566927 0.206250 0.150521 0.109722
0 0.455469 0.250694 0.171354 0.247222
25 0.487500 0.350000 0.138542 0.145833
24 0.536719 0.506597 0.160938 0.164583
2 0.804427 0.522222 0.184896 0.226389
28 0.557031 0.050694 0.097396 0.101389
26 0.714583 0.037153 0.134375 0.074306
19 0.698958 0.136806 0.060417 0.106944
14 0.715104 0.082639 0.067708 0.165278
10 0.803646 0.289583 0.183333 0.188889
13 0.989062 0.164583 0.021875 0.106944
11 0.929427 0.332292 0.141146 0.175694
1 0.919792 0.734375 0.160417 0.279861
12 0.963542 0.047569 0.072917 0.095139
