34 0.388021 0.622917 0.033333 0.080556
22 0.519792 0.425694 0.121875 0.197222
23 0.133073 0.371875 0.077604 0.168750
30 0.130729 0.249306 0.062500 0.084722
14 0.186198 0.226736 0.075521 0.109028
19 0.207813 0.254861 0.068750 0.094444
17 0.375000 0.031250 0.060417 0.062500
27 0.363542 0.080556 0.160417 0.161111
28 0.490365 0.052778 0.088021 0.105556
14 0.560677 0.108681 0.042188 0.125694
19 0.552083 0.147569 0.044792 0.099306
26 0.620573 0.063889 0.116146 0.127778
13 0.823438 0.037847 0.097917 0.075694
24 0.775521 0.149653 0.111458 0.092361
29 0.904687 0.164236 0.083333 0.034028
10 0.961198 0.226389 0.077604 0.130556
11 0.878125 0.227083 0.129167 0.151389
2 0.979167 0.392361 0.041667 0.218056
3 0.958333 0.399653 0.054167 0.222917
4 0.833854 0.445833 0.085417 0.290278
5 0.765885 0.441667 0.156771 0.250000
12 0.808073 0.248958 0.123438 0.132639
13 0.697396 0.243056 0.143750 0.147222
16 0.327604 0.206944 0.012500 0.023611
16 0.340104 0.203472 0.013542 0.025000
16 0.352604 0.197917 0.012500 0.023611
16 0.364323 0.194792 0.014063 0.024306
16 0.377083 0.189583 0.013542 0.025000
16 0.333073 0.259375 0.014063 0.022917
16 0.427083 0.176389 0.019792 0.023611
16 0.475781 0.163194 0.018229 0.023611
16 0.489323 0.158333 0.013021 0.025000
16 0.506510 0.178819 0.014063 0.022917
16 0.520052 0.175347 0.013021 0.024306
16 0.525521 0.202778 0.014583 0.023611
31 0.450781 0.167361 0.014063 0.031944
21 0.431250 0.225000 0.219792 0.144444
17 0.505469 0.348958 0.086979 0.029861
17 0.507812 0.360069 0.087500 0.032639
17 0.509635 0.371528 0.088021 0.033333
17 0.511719 0.384722 0.089063 0.033333
18 0.529167 0.402083 0.085417 0.018056
17 0.518229 0.422917 0.080208 0.033333
17 0.531250 0.485417 0.081250 0.036111
18 0.528125 0.576389 0.082292 0.027778
1 0.678646 0.435764 0.221875 0.235417
0 0.370573 0.535069 0.186979 0.317361
