21 0.598698 0.252431 0.206771 0.129861
27 0.574479 0.065972 0.132292 0.131944
34 0.550260 0.570833 0.092188 0.177778
16 0.697917 0.568056 0.045833 0.040278
0 0.580990 0.660764 0.272396 0.304861
1 0.815104 0.686458 0.212500 0.342361
7 0.896615 0.550347 0.020313 0.024306
3 0.811719 0.629167 0.161979 0.169444
2 0.910417 0.548958 0.041667 0.242361
11 0.830208 0.406944 0.138542 0.161111
10 0.946354 0.377083 0.107292 0.140278
24 0.892188 0.278819 0.082292 0.102083
13 0.945052 0.186111 0.079687 0.090278
13 0.960156 0.252778 0.079687 0.088889
12 0.968229 0.329514 0.063542 0.100694
14 0.772396 0.185764 0.083333 0.146528
19 0.747656 0.235417 0.065104 0.088889
26 0.804167 0.098611 0.142708 0.197222
28 0.679167 0.084722 0.084375 0.102778
16 0.601302 0.021875 0.018229 0.043750
17 0.460938 0.036111 0.064583 0.026389
30 0.302604 0.092708 0.071875 0.057639
22 0.281250 0.187847 0.106250 0.143750
5 0.141927 0.322917 0.147396 0.248611
4 0.115625 0.257986 0.132292 0.203472
19 0.395573 0.137500 0.046354 0.100000
14 0.386979 0.103472 0.045833 0.123611
16 0.591667 0.259028 0.018750 0.027778
16 0.697917 0.288889 0.019792 0.025000
16 0.685677 0.254861 0.014063 0.023611
16 0.697396 0.257986 0.013542 0.022917
16 0.662240 0.223958 0.017188 0.027083
16 0.672656 0.228125 0.016146 0.027083
31 0.639844 0.214931 0.017188 0.031250
16 0.616146 0.211806 0.015625 0.026389
16 0.569010 0.200000 0.016146 0.030556
16 0.556250 0.197222 0.016667 0.027778
16 0.543750 0.195139 0.015625 0.029167
16 0.531250 0.192361 0.015625 0.027778
16 0.519271 0.189583 0.014583 0.029167
29 0.640625 0.402083 0.186458 0.079167
