34 0.463281 0.937847 0.033854 0.124306
29 0.570573 0.806250 0.153646 0.065278
16 0.441146 0.620833 0.015625 0.026389
16 0.452604 0.619792 0.013542 0.025694
16 0.539583 0.609028 0.017708 0.027778
16 0.564323 0.604514 0.016146 0.029861
16 0.589323 0.603472 0.017188 0.026389
16 0.490625 0.647917 0.013542 0.027778
16 0.477604 0.648958 0.015625 0.027083
16 0.515885 0.644792 0.017188 0.025694
16 0.517448 0.678819 0.017188 0.022917
21 0.520052 0.653125 0.178646 0.107639
16 0.501042 0.384722 0.029167 0.040278
16 0.460938 0.371528 0.017708 0.016667
17 0.390625 0.431250 0.036458 0.038889
27 0.485417 0.372222 0.133333 0.284722
0 0.373437 0.342014 0.137500 0.260417
1 0.591406 0.505208 0.157812 0.238194
28 0.601042 0.405208 0.083333 0.107639
26 0.727865 0.392361 0.158854 0.208333
19 0.688802 0.566319 0.054688 0.082639
14 0.701823 0.513889 0.056771 0.147222
24 0.870313 0.504167 0.108333 0.108333
10 0.941406 0.594792 0.117188 0.140972
12 0.963542 0.484028 0.072917 0.094444
13 0.916406 0.348611 0.096354 0.093056
13 0.947135 0.421528 0.100521 0.104167
11 0.802865 0.687153 0.156771 0.160417
2 0.922917 0.810764 0.059375 0.267361
4 0.119010 0.706250 0.088021 0.190278
5 0.138542 0.767708 0.089583 0.215972
