27 0.222917 0.229167 0.183333 0.237500
34 0.149740 0.677778 0.032813 0.111111
22 0.161719 0.587153 0.048438 0.138194
30 0.197917 0.477083 0.046875 0.080556
14 0.197135 0.415625 0.060937 0.052083
19 0.214844 0.422569 0.032813 0.043750
29 0.186198 0.291667 0.074479 0.122222
16 0.227865 0.245486 0.013021 0.020139
17 0.369010 0.053472 0.052604 0.052778
26 0.486719 0.054167 0.172396 0.108333
14 0.478385 0.151042 0.093229 0.170139
19 0.506250 0.207639 0.070833 0.104167
33 0.448698 0.116319 0.039062 0.050694
0 0.371615 0.215972 0.184896 0.325000
13 0.936458 0.022222 0.127083 0.044444
10 0.819792 0.102778 0.185417 0.205556
11 0.675781 0.315278 0.205729 0.275000
5 0.968750 0.131944 0.062500 0.113889
2 0.852083 0.419444 0.153125 0.319444
32 0.535156 0.412500 0.031771 0.041667
1 0.658073 0.503472 0.233854 0.368056
16 0.496094 0.413889 0.022396 0.023611
16 0.482812 0.423264 0.020833 0.024306
16 0.470573 0.432292 0.017188 0.031250
16 0.420833 0.509722 0.017708 0.025000
16 0.386979 0.534028 0.015625 0.026389
16 0.467708 0.521528 0.017708 0.026389
21 0.448437 0.510417 0.200000 0.215278
3 0.813542 0.514931 0.164583 0.059028
