34 0.062240 0.380903 0.020313 0.142361
34 0.326562 0.446528 0.030208 0.120833
22 0.111458 0.275000 0.070833 0.172222
30 0.189062 0.156944 0.070833 0.100000
19 0.256771 0.113889 0.080208 0.098611
14 0.231250 0.083681 0.092708 0.111806
27 0.368490 0.031944 0.150521 0.063889
19 0.655469 0.051736 0.061979 0.103472
14 0.663021 0.036458 0.044792 0.072917
31 0.541927 0.302778 0.030729 0.063889
16 0.602865 0.232292 0.026562 0.029861
16 0.585156 0.233681 0.025521 0.031250
16 0.568229 0.234028 0.018750 0.036111
16 0.361719 0.308681 0.017188 0.034028
16 0.377604 0.304861 0.018750 0.027778
16 0.387500 0.342708 0.010417 0.027083
16 0.360417 0.268750 0.020833 0.031944
16 0.376042 0.264583 0.020833 0.031944
16 0.390885 0.260069 0.020313 0.031250
0 0.453646 0.389931 0.167708 0.327083
21 0.492448 0.301389 0.272396 0.144444
24 0.933333 0.037153 0.112500 0.074306
10 0.934635 0.141319 0.130729 0.204861
11 0.793750 0.267361 0.209375 0.212500
2 0.908073 0.435764 0.058854 0.325694
3 0.877083 0.554167 0.245833 0.129167
7 0.720573 0.493056 0.096354 0.034722
1 0.932813 0.642014 0.134375 0.320139
