24 0.247396 0.641319 0.105208 0.160417
16 0.135417 0.607292 0.014583 0.024306
16 0.165625 0.594792 0.010417 0.021528
16 0.190365 0.517014 0.018229 0.022917
16 0.245052 0.529167 0.011979 0.022222
16 0.264062 0.513542 0.013542 0.022917
16 0.233854 0.479514 0.016667 0.024306
16 0.205208 0.498958 0.016667 0.027083
16 0.201823 0.534028 0.013021 0.020833
16 0.210156 0.526389 0.013021 0.020833
16 0.220312 0.520833 0.011458 0.020833
16 0.228906 0.513889 0.016146 0.018056
16 0.238542 0.505208 0.016667 0.017361
16 0.247917 0.498611 0.012500 0.018056
16 0.257031 0.489236 0.015104 0.015972
21 0.208073 0.551389 0.161979 0.183333
19 0.097917 0.620486 0.066667 0.064583
14 0.065104 0.598264 0.103125 0.085417
30 0.021354 0.589583 0.042708 0.087500
22 0.032552 0.670139 0.065104 0.150000
17 0.096615 0.432986 0.046354 0.056250
16 0.158594 0.329167 0.036979 0.023611
27 0.138802 0.329514 0.167187 0.257639
28 0.247135 0.311806 0.073438 0.108333
19 0.314063 0.405556 0.060417 0.086111
14 0.299479 0.355208 0.064583 0.146528
26 0.334896 0.252778 0.155208 0.197222
10 0.413281 0.401042 0.135937 0.160417
11 0.568490 0.377431 0.129688 0.195139
0 0.510156 0.380208 0.157812 0.203472
29 0.572396 0.251389 0.101042 0.136111
13 0.557292 0.108681 0.098958 0.102083
13 0.595573 0.156597 0.104688 0.113194
12 0.638542 0.208681 0.115625 0.128472
5 0.767188 0.351736 0.154167 0.199306
4 0.750260 0.383333 0.149479 0.180556
3 0.857292 0.448611 0.285417 0.186111
7 0.699479 0.526389 0.040625 0.016667
1 0.904167 0.552778 0.191667 0.394444
34 0.195052 0.780208 0.017188 0.046528
