22 0.128646 0.201389 0.079167 0.176389
34 0.073438 0.310764 0.016667 0.146528
30 0.215885 0.083333 0.074479 0.105556
14 0.271094 0.034722 0.084896 0.069444
19 0.290885 0.047222 0.080729 0.094444
34 0.304948 0.375694 0.041146 0.150000
16 0.650521 0.187153 0.026042 0.034028
16 0.633073 0.185764 0.024479 0.039583
16 0.615365 0.185417 0.019271 0.040278
16 0.530208 0.227431 0.018750 0.035417
16 0.585156 0.271875 0.024479 0.035417
16 0.464323 0.280903 0.015104 0.029861
31 0.525521 0.256250 0.021875 0.030556
21 0.564063 0.244444 0.214583 0.127778
0 0.438802 0.340278 0.216146 0.354167
19 0.709635 0.035764 0.059896 0.071528
14 0.717448 0.021528 0.041146 0.043056
11 0.848958 0.246528 0.210417 0.211111
10 0.958854 0.137153 0.082292 0.204861
24 0.965104 0.028125 0.069792 0.056250
1 0.930990 0.620486 0.138021 0.332639
7 0.711979 0.476736 0.106250 0.040972
3 0.872917 0.534375 0.254167 0.124306
2 0.947917 0.383681 0.058333 0.234028
