13 0.666406 0.495370 0.093229 0.153704
13 0.622656 0.541204 0.096354 0.158333
12 0.581771 0.603241 0.102083 0.186111
10 0.478906 0.543519 0.090104 0.196296
11 0.401042 0.428704 0.090625 0.164815
2 0.362500 0.607407 0.136458 0.151852
3 0.322135 0.532870 0.105729 0.175000
24 0.523958 0.481481 0.081250 0.129630
26 0.493229 0.275463 0.076042 0.191667
19 0.425781 0.335185 0.026562 0.081481
14 0.423698 0.297222 0.031771 0.127778
29 0.323437 0.348148 0.048958 0.109259
31 0.382552 0.278241 0.009896 0.017593
16 0.357292 0.236111 0.010417 0.018519
16 0.336719 0.250463 0.007812 0.013889
16 0.348958 0.275463 0.008333 0.013889
16 0.360677 0.267130 0.007812 0.013889
16 0.378385 0.268981 0.010937 0.012037
16 0.353125 0.250926 0.007292 0.009259
16 0.355208 0.257407 0.008333 0.011111
16 0.387760 0.289815 0.008854 0.016667
16 0.391927 0.296296 0.010937 0.012963
16 0.382552 0.307407 0.008854 0.011111
16 0.385677 0.314815 0.008854 0.011111
21 0.368490 0.295833 0.074479 0.119444
34 0.239063 0.300463 0.072917 0.045370
0 0.172917 0.288426 0.121875 0.076852
1 0.232813 0.334722 0.086458 0.149074
16 0.450260 0.179167 0.013021 0.036111
27 0.453906 0.155093 0.092188 0.212037
17 0.417187 0.168519 0.011458 0.022222
19 0.350781 0.178704 0.025521 0.070370
14 0.345313 0.154167 0.025000 0.087963
22 0.314063 0.165741 0.059375 0.074074
30 0.358594 0.141667 0.022396 0.048148
5 0.248438 0.154630 0.095833 0.048148
4 0.263281 0.121296 0.089063 0.025926
