26 0.703906 0.331944 0.143229 0.216667
5 0.724740 0.274653 0.055729 0.032639
0 0.425260 0.894444 0.141146 0.211111
22 0.581771 0.841667 0.105208 0.193056
14 0.410156 0.556597 0.063021 0.145139
19 0.414844 0.576389 0.052604 0.094444
28 0.580729 0.412500 0.088542 0.115278
21 0.574219 0.578819 0.220312 0.113194
19 0.702604 0.517014 0.061458 0.092361
14 0.717969 0.463542 0.063021 0.156250
27 0.392969 0.336458 0.192188 0.303472
30 0.342448 0.612153 0.081771 0.090972
29 0.260156 0.410069 0.143229 0.074306
1 0.831510 0.216319 0.102604 0.356250
23 0.126302 0.693403 0.110937 0.156250
4 0.784115 0.752083 0.046354 0.091667
34 0.011198 0.646875 0.022396 0.139583
16 0.479948 0.543056 0.021354 0.026389
16 0.506510 0.539583 0.020313 0.026389
16 0.519010 0.537153 0.015104 0.029861
16 0.616927 0.528819 0.020313 0.021528
16 0.642188 0.526042 0.019792 0.021528
16 0.663281 0.523264 0.020313 0.021528
16 0.480990 0.571875 0.018229 0.022917
16 0.494531 0.569792 0.014063 0.025694
16 0.523698 0.567361 0.016146 0.023611
16 0.580729 0.592708 0.016667 0.024306
16 0.514062 0.603125 0.019792 0.021528
16 0.508333 0.569444 0.017708 0.025000
31 0.582292 0.528819 0.017708 0.029861
13 0.938021 0.702083 0.040625 0.109722
12 0.764062 0.637153 0.087500 0.149306
17 0.581510 0.762500 0.091146 0.016667
17 0.582031 0.789236 0.083854 0.018750
17 0.583333 0.815625 0.093750 0.017361
17 0.425260 0.357292 0.058854 0.072917
16 0.562760 0.561806 0.016146 0.026389
16 0.547656 0.308681 0.014063 0.015972
5 0.797135 0.155556 0.190104 0.241667
18 0.716927 0.813194 0.071354 0.037500
17 0.583594 0.843403 0.095312 0.017361
17 0.583854 0.871875 0.096875 0.020139
17 0.584115 0.913542 0.089063 0.020139
18 0.656250 0.718056 0.067708 0.036111
3 0.981510 0.689931 0.036979 0.124306
2 0.994531 0.645139 0.010937 0.068056
11 0.960417 0.571875 0.079167 0.128472
13 0.939583 0.476042 0.076042 0.099306
