34 0.570833 0.771181 0.168750 0.035417
3 0.766667 0.703472 0.145833 0.123611
11 0.942708 0.609375 0.114583 0.168750
16 0.861979 0.403819 0.016667 0.017361
14 0.920052 0.357986 0.074479 0.163194
19 0.901823 0.413889 0.068229 0.097222
26 0.926302 0.236111 0.146354 0.220833
33 0.761719 0.389583 0.026562 0.054167
28 0.791406 0.282639 0.089063 0.115278
16 0.709375 0.429514 0.018750 0.020139
21 0.730990 0.442014 0.099479 0.068750
14 0.602865 0.331597 0.031771 0.054861
17 0.583073 0.362153 0.019271 0.029861
30 0.542188 0.398264 0.075000 0.075694
22 0.394792 0.390278 0.104167 0.145833
29 0.481771 0.214583 0.140625 0.052778
16 0.615625 0.178125 0.028125 0.043750
27 0.620313 0.163889 0.169792 0.294444
34 0.217188 0.384722 0.040625 0.113889
32 0.762500 0.352778 0.030208 0.029167
0 0.602604 0.472222 0.363542 0.425000
1 0.823438 0.578472 0.215625 0.459722
