1 0.833854 0.801389 0.226042 0.386111
0 0.597917 0.812153 0.266667 0.321528
11 0.971354 0.646875 0.057292 0.164583
28 0.898698 0.335069 0.091146 0.127083
3 0.911979 0.802778 0.066667 0.243056
21 0.861719 0.475000 0.186979 0.173611
19 0.976562 0.500000 0.046875 0.080556
14 0.748698 0.385764 0.072396 0.125694
29 0.587760 0.172569 0.156771 0.078472
26 0.973698 0.328819 0.052604 0.193750
16 0.796354 0.187500 0.014583 0.022222
17 0.708594 0.371528 0.041146 0.045833
27 0.757031 0.173958 0.148438 0.332639
19 0.725260 0.420486 0.072396 0.107639
30 0.655469 0.395139 0.083854 0.097222
14 0.983073 0.488889 0.033854 0.058333
16 0.937500 0.467708 0.016667 0.024306
16 0.954167 0.477083 0.016667 0.018056
16 0.837240 0.409375 0.016146 0.025694
22 0.487240 0.349306 0.119271 0.172222
34 0.265885 0.295486 0.053646 0.124306
16 0.919010 0.455903 0.018229 0.025694
34 0.629687 0.817014 0.164583 0.082639
31 0.723177 0.690278 0.097396 0.065278
16 0.823958 0.403125 0.014583 0.025694
16 0.802865 0.392708 0.020313 0.024306
16 0.800260 0.419097 0.016146 0.024306
16 0.812760 0.425000 0.015104 0.025000
16 0.823698 0.432292 0.014063 0.025694
16 0.835677 0.437153 0.016146 0.025694
16 0.822917 0.460417 0.015625 0.025000
