21 0.393229 0.376852 0.078125 0.114815
34 0.679427 0.781944 0.057813 0.143519
22 0.523438 0.552315 0.092708 0.141667
17 0.423958 0.455556 0.025000 0.053704
30 0.461198 0.465741 0.047396 0.075926
19 0.442188 0.417130 0.021875 0.078704
14 0.437500 0.380093 0.021875 0.093519
16 0.402083 0.402315 0.008333 0.012037
16 0.395573 0.391204 0.006771 0.013889
16 0.391667 0.384722 0.007292 0.013889
16 0.413281 0.393519 0.007812 0.012963
16 0.410156 0.385648 0.006771 0.012037
16 0.407031 0.382407 0.006771 0.012963
16 0.400781 0.372685 0.006771 0.012037
16 0.418750 0.373611 0.008333 0.013889
16 0.357292 0.333333 0.007292 0.016667
16 0.363021 0.339352 0.007292 0.012037
16 0.367969 0.348148 0.006771 0.012963
3 0.443229 0.311574 0.033333 0.056481
31 0.459375 0.207870 0.015625 0.026852
34 0.538542 0.348611 0.051042 0.049074
0 0.507812 0.275000 0.103125 0.124074
1 0.463542 0.264352 0.073958 0.115741
11 0.395833 0.268056 0.067708 0.100926
10 0.345833 0.228241 0.051042 0.102778
14 0.335938 0.286111 0.039583 0.096296
24 0.306250 0.263426 0.045833 0.063889
12 0.309635 0.189815 0.039062 0.072222
13 0.276042 0.213426 0.042708 0.062037
13 0.227083 0.255093 0.043750 0.082407
5 0.364583 0.171296 0.078125 0.035185
2 0.423698 0.218519 0.054688 0.037037
4 0.384375 0.184259 0.055208 0.037037
16 0.377604 0.361574 0.008333 0.015741
16 0.392969 0.360648 0.006771 0.012037
26 0.256771 0.308333 0.089583 0.179630
16 0.338281 0.473148 0.015104 0.044444
28 0.312240 0.396759 0.056771 0.071296
27 0.317448 0.493981 0.147396 0.175000
29 0.392188 0.654630 0.082292 0.151852
19 0.344271 0.318519 0.022917 0.072222
