34 0.679167 0.781481 0.058333 0.142593
29 0.392188 0.654630 0.082292 0.153704
22 0.523698 0.550926 0.093229 0.140741
17 0.423698 0.456019 0.025521 0.052778
30 0.460417 0.465741 0.047917 0.075926
16 0.326042 0.431944 0.011458 0.017593
27 0.318750 0.485185 0.154167 0.181481
28 0.311458 0.399074 0.057292 0.077778
26 0.256771 0.307407 0.090625 0.177778
13 0.226823 0.254630 0.042188 0.081481
13 0.276823 0.217130 0.043229 0.069444
12 0.311979 0.188426 0.040625 0.073148
11 0.350781 0.224074 0.051562 0.072222
10 0.376042 0.264352 0.064583 0.110185
14 0.339062 0.286111 0.041667 0.109259
19 0.350260 0.318981 0.023438 0.073148
16 0.359375 0.338889 0.009375 0.018519
16 0.365365 0.343981 0.005729 0.010185
16 0.371354 0.352315 0.008333 0.012037
16 0.397396 0.345833 0.010417 0.017593
31 0.383073 0.368519 0.008854 0.022222
16 0.411979 0.362037 0.009375 0.016667
16 0.398698 0.387963 0.010937 0.012963
16 0.401823 0.392593 0.007812 0.016667
16 0.408333 0.402778 0.008333 0.012963
16 0.408854 0.376389 0.008333 0.012037
16 0.411198 0.383796 0.007812 0.013889
16 0.415365 0.387037 0.008854 0.014815
16 0.419271 0.392593 0.007292 0.014815
16 0.421875 0.374537 0.008333 0.015741
21 0.395833 0.379167 0.082292 0.113889
19 0.443229 0.412500 0.022917 0.080556
14 0.439583 0.381481 0.025000 0.098148
0 0.497396 0.295833 0.103125 0.104630
24 0.440365 0.256481 0.030729 0.042593
25 0.478906 0.227778 0.041146 0.079630
2 0.432031 0.242593 0.060937 0.061111
7 0.453125 0.237037 0.005208 0.042593
3 0.439063 0.126852 0.031250 0.183333
1 0.457292 0.100926 0.065625 0.157407
5 0.366667 0.172685 0.078125 0.039815
4 0.376302 0.184259 0.072396 0.035185
