34 0.116406 0.365741 0.018229 0.148148
22 0.286719 0.374537 0.061979 0.136111
29 0.315365 0.146759 0.115104 0.050926
16 0.445312 0.151389 0.009375 0.026852
16 0.457813 0.349074 0.009375 0.016667
16 0.472917 0.348148 0.008333 0.018519
16 0.482031 0.348611 0.009896 0.021296
16 0.458073 0.375463 0.009896 0.019444
16 0.466667 0.374074 0.007292 0.022222
16 0.474219 0.375926 0.007812 0.022222
16 0.482031 0.375000 0.007812 0.022222
16 0.541406 0.351852 0.010937 0.018519
16 0.557292 0.351389 0.011458 0.017593
16 0.571094 0.351852 0.010937 0.016667
16 0.526302 0.402315 0.008854 0.015741
16 0.496354 0.402778 0.008333 0.022222
16 0.474740 0.400926 0.008854 0.022222
31 0.510938 0.348148 0.009375 0.024074
21 0.514062 0.379167 0.128125 0.073148
27 0.422396 0.139815 0.131250 0.279630
28 0.546615 0.216667 0.060937 0.114815
17 0.422396 0.337963 0.045833 0.033333
30 0.383073 0.374074 0.046354 0.057407
14 0.414323 0.377315 0.024479 0.045370
19 0.425781 0.392593 0.026562 0.048148
26 0.645312 0.160185 0.102083 0.198148
14 0.612500 0.337963 0.045833 0.083333
19 0.599740 0.365741 0.032813 0.053704
34 0.495312 0.684722 0.067708 0.025000
24 0.568229 0.612500 0.085417 0.086111
25 0.536719 0.668056 0.032813 0.126852
3 0.630990 0.702315 0.113021 0.149074
7 0.569792 0.621296 0.023958 0.033333
2 0.647396 0.614815 0.037500 0.140741
4 0.816927 0.657407 0.041146 0.237037
5 0.849740 0.665741 0.084896 0.227778
10 0.646094 0.473148 0.090104 0.105556
11 0.722917 0.495370 0.100000 0.109259
13 0.835156 0.229167 0.097396 0.123148
13 0.847135 0.369907 0.099479 0.123148
12 0.870313 0.497685 0.106250 0.125000
1 0.649219 0.756481 0.082812 0.181481
0 0.483854 0.636111 0.127083 0.153704
