16 0.616667 0.510764 0.014583 0.020139
16 0.588542 0.510417 0.016667 0.022222
34 0.107292 0.461806 0.042708 0.106944
29 0.348698 0.309028 0.125521 0.050000
22 0.257552 0.472222 0.100521 0.131944
30 0.381250 0.480208 0.070833 0.068750
16 0.469010 0.267708 0.013021 0.015972
27 0.473958 0.268750 0.152083 0.276389
17 0.464062 0.457292 0.035417 0.034028
14 0.426042 0.454167 0.045833 0.119444
19 0.441927 0.488194 0.049479 0.093056
28 0.629427 0.362500 0.083854 0.104167
16 0.505729 0.451736 0.020833 0.021528
16 0.528385 0.452778 0.014063 0.022222
16 0.542969 0.453125 0.015104 0.020139
16 0.502604 0.475694 0.015625 0.022222
16 0.516406 0.476389 0.011979 0.023611
16 0.528385 0.478819 0.011979 0.024306
16 0.541667 0.479167 0.014583 0.022222
16 0.526823 0.505556 0.015104 0.022222
16 0.634375 0.463194 0.019792 0.020833
16 0.658854 0.464236 0.018750 0.020139
16 0.680729 0.468056 0.018750 0.019444
31 0.588281 0.452778 0.015104 0.026389
21 0.590365 0.501736 0.209896 0.100694
26 0.752344 0.308333 0.132812 0.208333
14 0.738802 0.422222 0.060937 0.156944
19 0.725521 0.476736 0.058333 0.090972
13 0.943750 0.411111 0.092708 0.106944
13 0.970833 0.513889 0.058333 0.118056
11 0.909115 0.629861 0.133854 0.154167
10 0.816406 0.610069 0.160938 0.160417
3 0.872917 0.846528 0.055208 0.238889
24 0.653646 0.667708 0.132292 0.136806
0 0.693750 0.635764 0.243750 0.264583
34 0.343750 0.821875 0.047917 0.032639
