0 0.270052 0.197685 0.085938 0.132407
19 0.459115 0.347222 0.025521 0.079630
26 0.533854 0.270833 0.077083 0.184259
21 0.411458 0.310648 0.078125 0.121296
2 0.356250 0.607407 0.136458 0.135185
3 0.327604 0.409722 0.084375 0.143519
4 0.430990 0.783333 0.163021 0.198148
5 0.463542 0.874537 0.190625 0.200926
12 0.577604 0.737963 0.105208 0.216667
13 0.664844 0.518056 0.094271 0.158333
13 0.616667 0.612963 0.096875 0.177778
11 0.398958 0.440278 0.091667 0.165741
14 0.358073 0.205093 0.021354 0.091667
19 0.366146 0.231944 0.027083 0.069444
24 0.542969 0.521296 0.081771 0.140741
16 0.398958 0.245833 0.007292 0.015741
16 0.387500 0.251389 0.007292 0.015741
16 0.429688 0.298611 0.007292 0.015741
16 0.404687 0.251852 0.005208 0.011111
16 0.407292 0.256944 0.008333 0.012037
16 0.443229 0.321296 0.008333 0.011111
16 0.382552 0.267130 0.007812 0.010185
16 0.421615 0.282870 0.006771 0.012037
16 0.436458 0.309722 0.007292 0.013889
16 0.397656 0.261111 0.005729 0.009259
16 0.404167 0.279167 0.006250 0.010185
1 0.299479 0.364815 0.120833 0.142593
31 0.301823 0.178241 0.010937 0.067593
16 0.441406 0.135185 0.007812 0.016667
27 0.449740 0.135185 0.075521 0.212963
30 0.358073 0.220370 0.036979 0.051852
29 0.412760 0.131944 0.038021 0.060185
10 0.471094 0.517130 0.084896 0.189815
14 0.459115 0.300000 0.027604 0.127778
28 0.482292 0.267130 0.043750 0.087963
17 0.387240 0.230093 0.015104 0.034259
34 0.285938 0.102315 0.047917 0.034259
22 0.333073 0.169444 0.049479 0.070370
34 0.252083 0.321759 0.023958 0.041667
