34 0.483333 0.849306 0.168750 0.045833
3 0.669010 0.656250 0.052604 0.111111
11 0.816927 0.617361 0.153646 0.173611
16 0.547135 0.415972 0.021354 0.020833
14 0.770833 0.389236 0.069792 0.147917
19 0.752604 0.439236 0.065625 0.088194
26 0.770573 0.270139 0.140104 0.202778
28 0.643229 0.320139 0.087500 0.109722
16 0.571615 0.417708 0.016146 0.024306
21 0.628385 0.467361 0.202604 0.102778
14 0.476823 0.430208 0.046354 0.124306
17 0.470833 0.427083 0.077083 0.043056
30 0.404167 0.463542 0.076042 0.082639
22 0.245052 0.466667 0.104688 0.168056
29 0.327604 0.263194 0.148958 0.061111
16 0.472135 0.224306 0.027604 0.045833
27 0.471875 0.209722 0.175000 0.304167
34 0.044010 0.471181 0.036979 0.138194
16 0.584375 0.418056 0.014583 0.026389
16 0.547656 0.441667 0.014063 0.025000
16 0.560937 0.444097 0.013542 0.024306
16 0.573698 0.445833 0.015104 0.025000
16 0.624740 0.450000 0.014063 0.022222
16 0.642448 0.426736 0.015104 0.024306
16 0.574740 0.476042 0.016146 0.021528
16 0.675260 0.429514 0.019271 0.018750
16 0.697396 0.431944 0.017708 0.018056
16 0.716927 0.435069 0.017188 0.018750
16 0.588281 0.443403 0.014063 0.022917
13 0.915365 0.368750 0.082812 0.101389
24 0.889583 0.467014 0.078125 0.086806
31 0.621354 0.522917 0.048958 0.077778
1 0.728906 0.760417 0.173437 0.340278
0 0.500260 0.672917 0.274479 0.387500
19 0.469792 0.467014 0.047917 0.096528
13 0.957812 0.464583 0.083333 0.106944
2 0.905469 0.767361 0.044271 0.248611
4 0.983073 0.690972 0.033854 0.168056
10 0.917188 0.552431 0.126042 0.136806
12 0.982812 0.557639 0.034375 0.104167
