12 0.870313 0.495833 0.106250 0.123148
2 0.704688 0.662037 0.040625 0.214815
27 0.414323 0.134722 0.143229 0.269444
4 0.816927 0.655556 0.042188 0.237037
5 0.849219 0.657870 0.084896 0.230556
3 0.544271 0.592130 0.065625 0.199074
11 0.630729 0.515741 0.096875 0.124074
10 0.736979 0.483333 0.105208 0.116667
13 0.835156 0.228704 0.098437 0.124074
13 0.847135 0.369444 0.099479 0.125926
26 0.645573 0.160185 0.102604 0.200000
28 0.544010 0.215741 0.063021 0.116667
16 0.418229 0.142593 0.013542 0.018519
17 0.422917 0.338889 0.045833 0.033333
30 0.382812 0.373611 0.045833 0.058333
24 0.752865 0.378241 0.085938 0.113889
22 0.286719 0.373148 0.063021 0.138889
29 0.315104 0.147685 0.114583 0.050926
14 0.413281 0.372685 0.024479 0.045370
19 0.423438 0.388889 0.027083 0.048148
14 0.614062 0.329167 0.035417 0.087963
19 0.605208 0.358796 0.034375 0.052778
16 0.488021 0.341204 0.009375 0.021296
16 0.464844 0.339352 0.013021 0.013889
16 0.479687 0.340278 0.009375 0.017593
16 0.477344 0.396759 0.009896 0.013889
16 0.487760 0.368056 0.007812 0.019444
16 0.463542 0.366667 0.009375 0.018519
16 0.509896 0.371759 0.010417 0.021296
16 0.547396 0.350463 0.011458 0.015741
16 0.471615 0.366667 0.007812 0.018519
16 0.479167 0.369444 0.008333 0.018519
21 0.519792 0.377315 0.130208 0.084259
0 0.416927 0.581481 0.108854 0.174074
1 0.538021 0.620833 0.073958 0.237963
34 0.115625 0.366204 0.019792 0.149074
16 0.563542 0.351852 0.012500 0.014815
16 0.526042 0.346296 0.008333 0.014815
16 0.577865 0.353241 0.013021 0.015741
31 0.460417 0.517593 0.017708 0.037037
34 0.428646 0.648148 0.075000 0.024074
