25 0.286979 0.366667 0.067708 0.096296
34 0.285938 0.102778 0.047917 0.033333
22 0.325260 0.170833 0.061979 0.071296
29 0.412760 0.131481 0.036979 0.059259
30 0.358333 0.220833 0.036458 0.050926
14 0.358854 0.201852 0.026042 0.090741
19 0.365885 0.232870 0.025521 0.073148
16 0.378906 0.265278 0.009896 0.010185
16 0.382292 0.248611 0.006250 0.013889
16 0.384115 0.254167 0.007812 0.008333
16 0.388021 0.256944 0.008333 0.008333
16 0.391146 0.262037 0.008333 0.009259
16 0.393750 0.243519 0.008333 0.014815
16 0.398438 0.249537 0.007292 0.012037
16 0.402865 0.255556 0.009896 0.011111
16 0.427083 0.293981 0.006250 0.013889
16 0.433594 0.305093 0.007812 0.013889
16 0.439583 0.317130 0.005208 0.013889
17 0.385677 0.231019 0.013021 0.036111
31 0.414323 0.271759 0.009896 0.015741
21 0.406250 0.301852 0.076042 0.109259
16 0.452083 0.162037 0.013542 0.035185
27 0.449740 0.139815 0.080729 0.211111
28 0.482812 0.269444 0.043750 0.085185
26 0.534115 0.270833 0.076563 0.182407
14 0.453646 0.304167 0.030208 0.125000
19 0.453906 0.346759 0.026562 0.075000
10 0.421094 0.410648 0.083854 0.145370
11 0.463021 0.528704 0.098958 0.187037
13 0.664844 0.518056 0.093229 0.156481
13 0.616667 0.612963 0.095833 0.175926
12 0.576302 0.738889 0.102604 0.214815
5 0.458594 0.883333 0.191146 0.190741
4 0.429948 0.784259 0.163021 0.198148
2 0.334115 0.545370 0.121354 0.155556
24 0.324479 0.420833 0.059375 0.136111
34 0.261198 0.406481 0.015104 0.059259
3 0.272396 0.297685 0.073958 0.136111
7 0.311458 0.368519 0.013542 0.022222
0 0.294010 0.369907 0.080729 0.104630
1 0.244010 0.358796 0.097396 0.263889
