34 0.473698 0.908681 0.172396 0.031250
3 0.903646 0.166667 0.156250 0.166667
11 0.807031 0.687847 0.100521 0.177083
16 0.556510 0.480556 0.022396 0.022222
14 0.792188 0.444792 0.068750 0.153472
19 0.775000 0.497569 0.065625 0.090972
26 0.795052 0.315278 0.142187 0.215278
28 0.662500 0.373958 0.089583 0.114583
16 0.580469 0.480903 0.016146 0.024306
21 0.643750 0.531250 0.212500 0.101389
14 0.473698 0.488889 0.046354 0.105556
17 0.483073 0.487847 0.078646 0.043750
30 0.413281 0.524653 0.074479 0.081250
22 0.267448 0.522917 0.102604 0.158333
29 0.352604 0.325347 0.140625 0.060417
16 0.499219 0.263194 0.014063 0.023611
27 0.488021 0.272917 0.176042 0.301389
34 0.089063 0.515972 0.037500 0.127778
16 0.594792 0.481250 0.014583 0.027778
16 0.555469 0.509722 0.014063 0.026389
16 0.569792 0.510764 0.013542 0.022917
16 0.583854 0.507986 0.015625 0.020139
16 0.596875 0.512847 0.013542 0.022917
16 0.635417 0.510764 0.015625 0.021528
16 0.584115 0.543750 0.017188 0.023611
16 0.690104 0.490625 0.020833 0.018750
16 0.714063 0.491319 0.018750 0.018750
16 0.735417 0.494444 0.018750 0.022222
16 0.698177 0.550347 0.016146 0.018750
13 0.971615 0.410764 0.056771 0.104861
24 0.963542 0.523611 0.023958 0.059722
10 0.979688 0.615972 0.040625 0.140278
31 0.514844 0.576389 0.025521 0.051389
1 0.914583 0.280556 0.111458 0.405556
0 0.409635 0.720486 0.258854 0.378472
19 0.479687 0.518403 0.046875 0.057639
13 0.980208 0.506597 0.039583 0.104861
7 0.822396 0.253472 0.019792 0.033333
