0 0.529167 0.534028 0.220833 0.341667
14 0.608333 0.678819 0.057292 0.109028
26 0.934896 0.481250 0.130208 0.233333
14 0.946094 0.652083 0.101562 0.150000
3 0.784896 0.959028 0.067708 0.081944
28 0.818229 0.523958 0.083333 0.129861
11 0.954167 0.877778 0.091667 0.162500
21 0.727344 0.713889 0.150521 0.136111
1 0.744010 0.502431 0.206771 0.331250
19 0.920052 0.700347 0.077604 0.090972
29 0.453646 0.400694 0.165625 0.072222
27 0.621094 0.383333 0.181771 0.373611
30 0.516406 0.679167 0.090104 0.088889
22 0.338021 0.629861 0.129167 0.187500
16 0.697396 0.695139 0.016667 0.031944
16 0.682031 0.693750 0.019271 0.030556
34 0.135937 0.557292 0.052083 0.140972
16 0.716406 0.662153 0.019271 0.029861
16 0.728906 0.662500 0.019271 0.029167
16 0.880729 0.694097 0.013542 0.020139
16 0.686198 0.656250 0.026562 0.023611
31 0.648438 0.405556 0.016667 0.031944
19 0.589323 0.712153 0.058854 0.086806
16 0.713281 0.699306 0.018229 0.029167
16 0.728125 0.700694 0.016667 0.031944
16 0.712500 0.741667 0.025000 0.022222
16 0.754167 0.748264 0.016667 0.028472
17 0.598437 0.632292 0.087500 0.042361
