21 0.583594 0.289815 0.083854 0.129630
0 0.565104 0.020833 0.053125 0.041667
34 0.702865 0.063889 0.052604 0.024074
23 0.655469 0.107870 0.041146 0.063889
30 0.633594 0.191204 0.033854 0.058333
17 0.705208 0.219907 0.023958 0.054630
16 0.732812 0.418056 0.009375 0.043519
16 0.621875 0.235648 0.007292 0.015741
16 0.616146 0.245370 0.011458 0.009259
16 0.614062 0.251852 0.010417 0.011111
16 0.610938 0.228241 0.009375 0.012037
16 0.607552 0.231481 0.007812 0.009259
16 0.605208 0.235648 0.007292 0.012037
16 0.601302 0.243981 0.006771 0.013889
16 0.598958 0.228241 0.008333 0.012037
16 0.592969 0.231481 0.007812 0.014815
16 0.573438 0.323611 0.005208 0.015741
16 0.580208 0.307870 0.007292 0.013889
16 0.592969 0.259722 0.007812 0.012037
16 0.586979 0.295370 0.008333 0.012963
31 0.597396 0.277315 0.008333 0.019444
14 0.632552 0.178241 0.025521 0.089815
19 0.626302 0.206019 0.025521 0.076852
17 0.503906 0.229167 0.023438 0.032407
17 0.513802 0.236111 0.025521 0.035185
17 0.520573 0.241204 0.025521 0.036111
17 0.527344 0.246759 0.024479 0.036111
17 0.533594 0.252315 0.025521 0.036111
17 0.540885 0.257407 0.025521 0.037037
18 0.476562 0.280556 0.023958 0.038889
22 0.522656 0.256481 0.070312 0.079630
34 0.518490 0.143056 0.030729 0.047222
29 0.748698 0.198611 0.031771 0.084259
27 0.735938 0.215741 0.150000 0.222222
26 0.646875 0.379167 0.104167 0.225000
12 0.485677 0.350463 0.075521 0.136111
13 0.433854 0.443981 0.091667 0.149074
11 0.351823 0.581481 0.122396 0.209259
13 0.403646 0.652315 0.111458 0.187963
10 0.261458 0.703704 0.141667 0.231481
2 0.261198 0.534259 0.071354 0.142593
5 0.389844 0.345833 0.083854 0.128704
1 0.516146 0.037500 0.096875 0.075000
24 0.469792 0.539815 0.095833 0.150000
14 0.571354 0.316667 0.035417 0.114815
19 0.558854 0.349074 0.026042 0.085185
3 0.295833 0.486574 0.091667 0.108333
4 0.548177 0.062500 0.041146 0.121296
