2 0.714323 0.336574 0.106771 0.058333
24 0.683594 0.371759 0.044271 0.097222
5 0.728646 0.232870 0.059375 0.060185
4 0.722656 0.247222 0.075521 0.048148
12 0.679688 0.201389 0.052083 0.067593
13 0.631771 0.199074 0.050000 0.068519
13 0.584115 0.188889 0.048438 0.066667
11 0.659375 0.264815 0.047917 0.100000
10 0.632552 0.295370 0.053646 0.116667
14 0.575781 0.268056 0.024479 0.123148
19 0.575260 0.302315 0.019271 0.063889
16 0.446094 0.319907 0.010937 0.013889
16 0.563542 0.320370 0.006250 0.012963
16 0.559115 0.328704 0.008854 0.011111
16 0.554167 0.337963 0.010417 0.011111
16 0.546094 0.383333 0.007812 0.009259
16 0.543490 0.388426 0.007812 0.008333
16 0.541406 0.395833 0.005729 0.010185
16 0.555729 0.393519 0.007292 0.011111
16 0.563542 0.378241 0.008333 0.010185
31 0.544792 0.354630 0.010417 0.016667
21 0.553646 0.384259 0.071875 0.116667
14 0.530729 0.409722 0.021875 0.106481
19 0.529687 0.438889 0.023958 0.081481
17 0.500781 0.442593 0.030729 0.046296
26 0.520833 0.226389 0.067708 0.152778
28 0.502865 0.318981 0.046354 0.078704
27 0.424219 0.336111 0.132812 0.207407
29 0.356250 0.485648 0.079167 0.126852
30 0.503385 0.487037 0.041146 0.079630
25 0.704688 0.366667 0.065625 0.114815
3 0.731771 0.215741 0.081250 0.203704
7 0.686719 0.332407 0.021354 0.051852
1 0.763281 0.212037 0.084896 0.222222
34 0.706510 0.471296 0.017188 0.050000
0 0.677865 0.448148 0.066146 0.207407
22 0.453125 0.599537 0.101042 0.136111
34 0.305990 0.913426 0.108854 0.099074
