22 0.598437 0.577431 0.116667 0.214583
24 0.927604 0.298264 0.102083 0.124306
14 0.409635 0.246875 0.063021 0.145139
19 0.421875 0.288194 0.063542 0.115278
26 0.763542 0.093750 0.166667 0.187500
28 0.616667 0.137153 0.101042 0.124306
21 0.602083 0.306250 0.246875 0.108333
19 0.750781 0.259375 0.072396 0.107639
14 0.770052 0.194097 0.076563 0.190972
27 0.408854 0.104167 0.214583 0.208333
30 0.344271 0.332986 0.088542 0.100694
29 0.269531 0.144792 0.149479 0.089583
1 0.782031 0.655208 0.275521 0.338194
23 0.128385 0.439931 0.105729 0.168750
4 0.832292 0.579514 0.064583 0.189583
34 0.382812 0.797222 0.175000 0.048611
34 0.020573 0.422222 0.027604 0.141667
16 0.495573 0.256250 0.023438 0.027778
16 0.525521 0.256250 0.020833 0.031944
16 0.540885 0.255556 0.016146 0.033333
16 0.652083 0.253819 0.022917 0.027083
16 0.680729 0.255556 0.022917 0.023611
16 0.704948 0.257292 0.023438 0.024306
16 0.495573 0.285069 0.018229 0.022917
16 0.511719 0.284375 0.014063 0.025694
16 0.543490 0.282639 0.016146 0.023611
16 0.588281 0.282986 0.017188 0.028472
16 0.529948 0.320139 0.023438 0.026389
16 0.525521 0.285069 0.018750 0.024306
31 0.611719 0.247917 0.019271 0.033333
13 0.946094 0.500347 0.107813 0.150694
12 0.844271 0.405903 0.159375 0.157639
17 0.600000 0.489236 0.102083 0.020139
17 0.601302 0.519444 0.103646 0.020833
17 0.604688 0.548264 0.089583 0.020139
0 0.414583 0.595833 0.308333 0.315278
17 0.441667 0.064931 0.069792 0.072917
16 0.604948 0.317708 0.018229 0.027083
16 0.586458 0.036111 0.014583 0.019444
5 0.623177 0.759722 0.294271 0.216667
18 0.603385 0.574306 0.092188 0.027778
13 0.979688 0.286806 0.040625 0.115278
17 0.601042 0.578472 0.095833 0.022222
17 0.601302 0.610069 0.108854 0.018750
17 0.600260 0.659028 0.099479 0.020833
