34 0.222656 0.386806 0.049479 0.113889
22 0.416927 0.430903 0.110937 0.150694
29 0.511979 0.266667 0.141667 0.065278
16 0.694531 0.262500 0.013021 0.019444
27 0.661198 0.253819 0.142187 0.299306
30 0.565104 0.459722 0.067708 0.076389
19 0.642708 0.497222 0.037500 0.093056
14 0.666406 0.447917 0.072396 0.154167
0 0.575781 0.561111 0.206771 0.311111
6 0.695573 0.372917 0.048438 0.062500
2 0.833854 0.177778 0.242708 0.355556
1 0.907031 0.338889 0.185938 0.677778
26 0.875521 0.396875 0.038542 0.113194
28 0.805729 0.385764 0.086458 0.111806
31 0.775521 0.474306 0.016667 0.026389
16 0.731250 0.467361 0.016667 0.023611
16 0.717969 0.463889 0.016146 0.026389
16 0.696875 0.457292 0.019792 0.022917
16 0.695312 0.482292 0.016667 0.022917
16 0.708073 0.488889 0.014063 0.026389
16 0.720052 0.489236 0.014063 0.024306
16 0.730469 0.494792 0.016146 0.024306
16 0.707031 0.514931 0.014063 0.024306
16 0.752865 0.527431 0.016146 0.024306
16 0.799740 0.538889 0.014063 0.025000
16 0.815625 0.492361 0.018750 0.025000
16 0.835677 0.497917 0.020313 0.022222
16 0.854427 0.504861 0.017188 0.020833
21 0.766667 0.520139 0.190625 0.133333
19 0.877865 0.537847 0.035937 0.068750
14 0.885156 0.528125 0.021354 0.045139
34 0.707031 0.921528 0.144271 0.069444
24 0.834115 0.742014 0.106771 0.142361
