16 0.393490 0.361111 0.006771 0.014815
10 0.289844 0.161111 0.038021 0.075926
11 0.314844 0.198148 0.051562 0.085185
13 0.276042 0.214352 0.042708 0.062037
13 0.342708 0.235648 0.043750 0.078704
2 0.365365 0.175000 0.067187 0.031481
3 0.372135 0.186574 0.067187 0.039815
4 0.490885 0.174537 0.067187 0.147222
5 0.419792 0.227778 0.086458 0.046296
12 0.376302 0.273611 0.060937 0.089815
24 0.305208 0.263889 0.041667 0.061111
26 0.257031 0.307407 0.089063 0.179630
14 0.336198 0.286111 0.039062 0.096296
19 0.344531 0.317593 0.022396 0.072222
28 0.312500 0.396296 0.056250 0.068519
29 0.391927 0.654167 0.081771 0.152778
30 0.460938 0.465741 0.046875 0.074074
34 0.679167 0.781944 0.057292 0.143519
23 0.582292 0.577778 0.097917 0.131481
16 0.357292 0.331944 0.007292 0.013889
16 0.362760 0.339815 0.006771 0.011111
16 0.368750 0.348611 0.006250 0.012037
16 0.392188 0.383796 0.007292 0.012037
16 0.395313 0.392130 0.007292 0.013889
16 0.402604 0.401389 0.008333 0.013889
16 0.402083 0.375000 0.009375 0.011111
16 0.406250 0.380556 0.007292 0.009259
16 0.409115 0.385648 0.008854 0.012037
16 0.413802 0.392130 0.006771 0.013889
31 0.376563 0.361111 0.008333 0.016667
17 0.425521 0.332407 0.019792 0.031481
17 0.432552 0.327778 0.020313 0.031481
17 0.439844 0.323148 0.021354 0.031481
17 0.446354 0.318519 0.020833 0.029630
17 0.452604 0.314352 0.020833 0.030556
17 0.463281 0.308333 0.019271 0.027778
18 0.440885 0.291667 0.020313 0.022222
22 0.445052 0.330556 0.067187 0.068519
34 0.563021 0.355093 0.050000 0.049074
8 0.457292 0.247685 0.009375 0.021296
1 0.497135 0.149537 0.044271 0.095370
0 0.552344 0.244444 0.114062 0.142593
21 0.386979 0.376852 0.066667 0.114815
14 0.422917 0.398611 0.021875 0.104630
19 0.429688 0.423148 0.026042 0.083333
16 0.239583 0.467593 0.010417 0.020370
17 0.335156 0.433333 0.043229 0.016667
27 0.317448 0.494907 0.145313 0.173148
