22 0.627865 0.563542 0.104688 0.211806
24 0.955990 0.340972 0.088021 0.120833
14 0.477344 0.273264 0.051562 0.138194
19 0.486719 0.315278 0.053646 0.108333
26 0.809375 0.114931 0.158333 0.229861
28 0.669010 0.178125 0.096354 0.120139
21 0.654427 0.339583 0.232813 0.105556
19 0.795312 0.298958 0.072917 0.106250
14 0.814323 0.238889 0.076563 0.179167
27 0.470313 0.118403 0.203125 0.236806
30 0.407552 0.351736 0.084896 0.095139
29 0.329688 0.164236 0.150000 0.081250
1 0.726042 0.651736 0.245833 0.329861
23 0.184896 0.442708 0.110417 0.160417
4 0.869010 0.656944 0.061979 0.280556
34 0.442708 0.803125 0.160417 0.035417
34 0.071354 0.418056 0.030208 0.136111
16 0.556771 0.288889 0.021875 0.027778
16 0.585417 0.287500 0.020833 0.031944
16 0.599219 0.286111 0.016146 0.033333
16 0.703906 0.293056 0.022396 0.025000
16 0.730469 0.295139 0.021354 0.023611
16 0.753385 0.296875 0.021354 0.024306
16 0.556510 0.314931 0.018229 0.022917
16 0.571615 0.314931 0.014063 0.025694
16 0.603385 0.314583 0.016146 0.023611
16 0.643490 0.317014 0.017188 0.028472
16 0.590365 0.350694 0.020313 0.026389
16 0.586458 0.316319 0.018750 0.024306
31 0.666927 0.286806 0.019271 0.033333
13 0.961719 0.537500 0.076563 0.147222
12 0.880729 0.442708 0.150000 0.147917
17 0.630469 0.478125 0.094271 0.027083
17 0.633333 0.505556 0.095833 0.026389
17 0.623958 0.637153 0.044792 0.020139
0 0.488021 0.642361 0.246875 0.300000
17 0.504948 0.100000 0.066146 0.068056
16 0.660677 0.348958 0.018229 0.027083
16 0.636979 0.076389 0.014583 0.019444
5 0.676823 0.793056 0.268229 0.140278
18 0.786979 0.613194 0.077083 0.026389
