34 0.197917 0.388194 0.043750 0.101389
22 0.362240 0.403472 0.100521 0.126389
29 0.452604 0.250694 0.128125 0.047222
16 0.611719 0.219444 0.011979 0.018056
27 0.583854 0.217708 0.145833 0.274306
30 0.494792 0.416667 0.069792 0.070833
17 0.559635 0.396181 0.067187 0.045139
19 0.554948 0.431944 0.043229 0.094444
14 0.561979 0.378472 0.054167 0.156944
31 0.695833 0.407292 0.014583 0.029861
16 0.650781 0.403125 0.016146 0.022917
16 0.638021 0.401736 0.014583 0.025694
16 0.616146 0.398611 0.020833 0.023611
16 0.613281 0.420486 0.015104 0.021528
16 0.626302 0.420486 0.014063 0.021528
16 0.638281 0.423958 0.013021 0.021528
16 0.650260 0.425694 0.014063 0.022222
16 0.624479 0.448611 0.013542 0.026389
16 0.672917 0.455556 0.014583 0.025000
16 0.720313 0.464236 0.015625 0.024306
16 0.739323 0.420139 0.019271 0.022222
16 0.761458 0.425000 0.017708 0.023611
16 0.781250 0.428819 0.017708 0.021528
21 0.693490 0.454167 0.198437 0.112500
19 0.825000 0.447222 0.062500 0.093056
14 0.845052 0.395139 0.075521 0.151389
34 0.644792 0.841667 0.135417 0.061111
0 0.646094 0.728125 0.280729 0.247917
24 0.786979 0.705208 0.127083 0.142361
10 0.905990 0.556944 0.145313 0.172222
11 0.967969 0.582292 0.064062 0.167361
3 0.954948 0.787153 0.048438 0.236806
1 0.939063 0.939583 0.121875 0.120833
13 0.990625 0.396528 0.018750 0.086111
26 0.857552 0.283333 0.130729 0.204167
28 0.734375 0.325000 0.083333 0.104167
