22 0.080469 0.663194 0.078646 0.145833
17 0.241146 0.583333 0.044792 0.029167
29 0.142187 0.483333 0.107292 0.075000
19 0.226562 0.617014 0.063542 0.090972
14 0.204167 0.589236 0.073958 0.104861
30 0.183594 0.630903 0.067187 0.077083
16 0.262500 0.403125 0.032292 0.029861
27 0.238021 0.405903 0.163542 0.254861
28 0.390365 0.433333 0.080729 0.101389
31 0.347656 0.535764 0.016146 0.027083
16 0.434635 0.513194 0.017188 0.023611
16 0.414583 0.521181 0.018750 0.021528
16 0.390885 0.527778 0.019271 0.022222
16 0.306510 0.553125 0.015104 0.024306
16 0.295052 0.557292 0.015104 0.022917
16 0.274740 0.563542 0.018229 0.020139
16 0.329427 0.595833 0.014063 0.022222
16 0.296615 0.605208 0.014063 0.025694
16 0.306771 0.576389 0.013542 0.026389
16 0.295833 0.579167 0.013542 0.025000
16 0.284635 0.581250 0.011979 0.022222
16 0.273177 0.587153 0.015104 0.015972
16 0.374219 0.579514 0.016146 0.022917
21 0.366146 0.579167 0.194792 0.129167
26 0.480469 0.335417 0.118229 0.204167
19 0.484115 0.510069 0.041146 0.090972
14 0.477865 0.452083 0.036979 0.159722
10 0.581250 0.593750 0.152083 0.173611
7 0.688281 0.544444 0.010937 0.019444
0 0.576302 0.545486 0.195312 0.263194
11 0.691667 0.539931 0.102083 0.236806
3 0.733073 0.421528 0.093229 0.243056
1 0.764583 0.525694 0.129167 0.362500
24 0.492969 0.789931 0.144271 0.171528
2 0.661979 0.812500 0.135417 0.280556
4 0.871615 0.674306 0.113021 0.240278
5 0.917448 0.653819 0.094271 0.236806
12 0.854167 0.494444 0.115625 0.108333
13 0.802865 0.418750 0.058854 0.093056
13 0.708594 0.347569 0.079687 0.084028
34 0.428125 0.975000 0.037500 0.020833
