34 0.502604 0.725694 0.061458 0.019444
0 0.652604 0.728472 0.291667 0.229167
1 0.868490 0.840278 0.138021 0.319444
17 0.814063 0.666319 0.059375 0.040972
17 0.810156 0.634028 0.089063 0.056944
17 0.816927 0.606250 0.089063 0.059722
17 0.822135 0.577778 0.088021 0.059722
17 0.827604 0.550347 0.086458 0.059028
16 0.786719 0.288542 0.024479 0.028472
16 0.813281 0.299653 0.020313 0.032639
16 0.825521 0.305208 0.018750 0.034028
16 0.783073 0.317708 0.019271 0.032639
16 0.796615 0.323264 0.016146 0.034028
16 0.809896 0.332639 0.020833 0.027778
16 0.824479 0.336111 0.018750 0.030556
16 0.808073 0.364931 0.023438 0.025694
16 0.861198 0.353819 0.021354 0.031250
16 0.875260 0.396875 0.019271 0.022917
31 0.887760 0.334028 0.024479 0.036111
16 0.920833 0.357986 0.020833 0.031250
16 0.942969 0.372222 0.022396 0.027778
16 0.963281 0.385069 0.022396 0.027083
21 0.857812 0.381250 0.212500 0.194444
19 0.980729 0.417708 0.038542 0.075694
14 0.987760 0.410417 0.024479 0.045833
4 0.976302 0.823958 0.047396 0.350694
5 0.991667 0.948958 0.016667 0.102083
26 0.979948 0.228819 0.040104 0.206250
28 0.898958 0.230556 0.101042 0.140278
16 0.880729 0.110764 0.018750 0.020139
17 0.766406 0.080556 0.065104 0.048611
27 0.728906 0.108333 0.174479 0.216667
29 0.562500 0.069097 0.163542 0.072917
19 0.711198 0.279514 0.068229 0.120139
14 0.729167 0.239931 0.066667 0.145139
30 0.623177 0.287847 0.089063 0.102083
23 0.361458 0.283333 0.135417 0.129167
34 0.241146 0.219097 0.053125 0.124306
17 0.806771 0.715972 0.034375 0.031944
22 0.809896 0.631944 0.119792 0.245833
