1 0.916146 0.554167 0.167708 0.484722
34 0.636719 0.762500 0.169271 0.059722
3 0.867708 0.755208 0.100000 0.220139
31 0.829427 0.397917 0.063021 0.069444
26 0.976562 0.294097 0.046875 0.202083
28 0.894010 0.285417 0.095312 0.100000
14 0.728385 0.300000 0.049479 0.043056
17 0.680729 0.322222 0.020833 0.018056
30 0.636458 0.355903 0.082292 0.088194
22 0.473177 0.318750 0.119271 0.162500
29 0.579427 0.147569 0.152604 0.071528
16 0.744271 0.128819 0.011458 0.024306
27 0.734375 0.147569 0.164583 0.295139
34 0.273177 0.275694 0.051562 0.116667
0 0.652083 0.482986 0.361458 0.364583
21 0.841667 0.453125 0.147917 0.140972
