27 0.881771 0.326042 0.169792 0.377083
1 0.945833 0.483681 0.108333 0.343750
3 0.909115 0.961458 0.057813 0.079861
21 0.901042 0.680208 0.130208 0.202083
14 0.835677 0.568750 0.103646 0.102778
29 0.709896 0.251042 0.161458 0.128472
0 0.595573 0.913889 0.363021 0.172222
16 0.883073 0.393403 0.016146 0.022917
30 0.735677 0.534722 0.100521 0.125000
16 0.917969 0.615278 0.015104 0.029167
16 0.890625 0.627778 0.014583 0.022222
16 0.899219 0.639931 0.016146 0.027083
16 0.881510 0.616319 0.019271 0.018750
22 0.570312 0.418403 0.150000 0.210417
16 0.888802 0.585069 0.019271 0.025694
16 0.892969 0.670833 0.016146 0.022222
16 0.905729 0.605208 0.016667 0.031250
16 0.910417 0.647222 0.014583 0.030556
17 0.802344 0.527083 0.050521 0.066667
34 0.345313 0.265972 0.077083 0.118056
19 0.801302 0.594097 0.083854 0.097917
34 0.546875 0.912500 0.022917 0.031944
