34 0.164844 0.471528 0.044271 0.115278
29 0.438542 0.330208 0.135417 0.053472
22 0.352083 0.497569 0.102083 0.140972
30 0.484115 0.514236 0.042188 0.070139
16 0.582031 0.303472 0.010937 0.016667
27 0.580729 0.290972 0.144792 0.258333
28 0.728906 0.410764 0.081771 0.106250
2 0.647396 0.425000 0.234375 0.150000
6 0.778385 0.347917 0.042188 0.031944
19 0.563281 0.541319 0.047396 0.088194
14 0.568750 0.507292 0.034375 0.109028
0 0.487760 0.582986 0.197396 0.313194
24 0.730729 0.738542 0.083333 0.122917
16 0.784635 0.520139 0.017188 0.020833
16 0.765885 0.517014 0.018229 0.022917
16 0.745313 0.513889 0.018750 0.020833
16 0.707812 0.496181 0.009375 0.013194
21 0.701302 0.552431 0.190104 0.086806
1 0.688281 0.545486 0.272396 0.349306
26 0.846354 0.368403 0.133333 0.195139
19 0.823698 0.527778 0.064062 0.087500
14 0.841146 0.480556 0.066667 0.143056
13 0.975521 0.468403 0.048958 0.100694
11 0.958594 0.673958 0.082812 0.139583
10 0.896615 0.664583 0.148438 0.148611
3 0.945833 0.880903 0.046875 0.238194
34 0.527865 0.886806 0.155729 0.048611
