26 0.944271 0.494097 0.111458 0.232639
16 0.738281 0.668056 0.019271 0.030556
0 0.536198 0.456250 0.216146 0.388889
11 0.975521 0.881597 0.048958 0.163194
28 0.829167 0.527778 0.103125 0.105556
3 0.808333 0.952083 0.065625 0.095833
21 0.760677 0.727431 0.172396 0.140972
1 0.813802 0.473264 0.169271 0.354861
19 0.612240 0.723264 0.063021 0.090972
14 0.965365 0.667014 0.069271 0.135417
29 0.458594 0.405208 0.143229 0.072917
31 0.677083 0.386458 0.016667 0.031250
17 0.601562 0.645486 0.050000 0.046528
27 0.651823 0.394792 0.182812 0.381250
19 0.952604 0.701736 0.052083 0.068750
30 0.537500 0.688889 0.092708 0.098611
14 0.635156 0.691667 0.064062 0.105556
22 0.353646 0.633681 0.132292 0.181250
34 0.144271 0.560417 0.054167 0.143056
16 0.752604 0.673264 0.015625 0.032639
16 0.709115 0.662847 0.026562 0.025694
16 0.708073 0.702431 0.017188 0.024306
16 0.723437 0.702083 0.014583 0.026389
16 0.736719 0.707986 0.015104 0.025694
16 0.735156 0.750347 0.018229 0.027083
16 0.751042 0.708681 0.015625 0.027083
16 0.830208 0.768403 0.014583 0.027083
16 0.775781 0.757292 0.020313 0.025694
16 0.679167 0.455556 0.020833 0.063889
