34 0.116146 0.365741 0.018750 0.148148
22 0.286979 0.372222 0.063542 0.138889
29 0.315365 0.147222 0.115104 0.050000
16 0.445573 0.152315 0.008854 0.025000
16 0.464844 0.337500 0.011979 0.017593
16 0.478646 0.340278 0.008333 0.023148
16 0.487500 0.340278 0.009375 0.023148
16 0.462240 0.362037 0.008854 0.016667
16 0.471354 0.363889 0.009375 0.020370
16 0.478906 0.367130 0.007812 0.021296
16 0.486198 0.366667 0.008854 0.020370
16 0.548177 0.352778 0.009896 0.020370
16 0.563021 0.354630 0.010417 0.018519
16 0.575781 0.355556 0.013021 0.016667
16 0.478385 0.390741 0.008854 0.020370
16 0.499479 0.393519 0.009375 0.018519
16 0.529167 0.400463 0.009375 0.015741
21 0.518490 0.375463 0.130729 0.086111
17 0.422396 0.337963 0.046875 0.033333
30 0.383333 0.374074 0.046875 0.057407
27 0.421875 0.139815 0.133333 0.279630
28 0.545573 0.214352 0.061979 0.113889
26 0.645573 0.160185 0.101562 0.198148
14 0.412760 0.376389 0.024479 0.045370
19 0.423438 0.391204 0.027083 0.049074
14 0.613802 0.329630 0.035937 0.087037
19 0.604427 0.358333 0.031771 0.051852
24 0.752604 0.377778 0.085417 0.112963
13 0.835156 0.229630 0.097396 0.124074
13 0.847135 0.369907 0.099479 0.123148
12 0.870573 0.495833 0.105729 0.121296
10 0.736979 0.483333 0.105208 0.114815
11 0.626302 0.481944 0.093229 0.112037
5 0.850260 0.657870 0.083854 0.230556
4 0.816667 0.656019 0.041667 0.236111
2 0.704427 0.662037 0.041146 0.214815
3 0.566406 0.618981 0.068229 0.195370
31 0.400521 0.609722 0.022917 0.032407
0 0.370833 0.685648 0.065625 0.180556
1 0.458854 0.654630 0.126042 0.179630
