8 0.303906 0.233333 0.018229 0.046296
21 0.411719 0.307407 0.078646 0.120370
1 0.242708 0.151852 0.079167 0.201852
10 0.642708 0.802778 0.128125 0.225926
24 0.546875 0.514815 0.081250 0.133333
2 0.464323 0.859722 0.168229 0.182407
3 0.440365 0.790741 0.151562 0.190741
11 0.553906 0.684722 0.116146 0.232407
12 0.425260 0.431944 0.082812 0.147222
13 0.617969 0.612500 0.096354 0.178704
14 0.459115 0.300000 0.028646 0.131481
19 0.378646 0.226389 0.026042 0.073148
26 0.534115 0.271759 0.078646 0.186111
28 0.482031 0.267130 0.045312 0.087963
19 0.458854 0.348611 0.026042 0.080556
14 0.371615 0.201389 0.022396 0.093519
27 0.450521 0.134722 0.076042 0.213889
30 0.355469 0.219444 0.032813 0.057407
17 0.442188 0.157407 0.033333 0.027778
22 0.349219 0.365741 0.077604 0.094444
29 0.413281 0.132407 0.040104 0.062963
0 0.219010 0.123148 0.069271 0.140741
5 0.355469 0.587963 0.151562 0.131481
13 0.481771 0.527778 0.079167 0.161111
23 0.298438 0.161574 0.059375 0.065741
18 0.344010 0.435185 0.022396 0.048148
17 0.362240 0.343519 0.018229 0.044444
17 0.370573 0.337963 0.019271 0.044444
16 0.398958 0.244444 0.008333 0.016667
16 0.407552 0.259259 0.008854 0.016667
16 0.404427 0.254630 0.008854 0.014815
16 0.443229 0.322685 0.008333 0.017593
16 0.436458 0.310185 0.007292 0.012963
16 0.429427 0.299074 0.007812 0.014815
16 0.387760 0.252315 0.007812 0.013889
16 0.381510 0.267593 0.008854 0.012963
16 0.392188 0.258796 0.008333 0.012037
16 0.396094 0.264815 0.007812 0.011111
31 0.420573 0.282407 0.007812 0.020370
34 0.294010 0.097222 0.031771 0.025926
4 0.260677 0.119444 0.079687 0.207407
17 0.353906 0.348611 0.019271 0.043519
17 0.344792 0.354167 0.018750 0.045370
17 0.335677 0.360185 0.018229 0.044444
17 0.322656 0.370833 0.018229 0.043519
34 0.245312 0.337963 0.010417 0.029630
16 0.389323 0.255556 0.006771 0.011111
