1 0.738281 0.622569 0.213021 0.356250
27 0.401042 0.119097 0.212500 0.238194
22 0.575781 0.598264 0.114062 0.211806
24 0.919010 0.321875 0.102604 0.120139
14 0.399479 0.279861 0.063542 0.137500
19 0.413021 0.319444 0.062500 0.112500
26 0.752604 0.106597 0.163542 0.213194
28 0.606771 0.166319 0.097917 0.122917
21 0.591406 0.336111 0.244271 0.106944
19 0.739323 0.288542 0.070312 0.106250
14 0.757812 0.223958 0.075000 0.186806
30 0.336458 0.363194 0.086458 0.098611
29 0.265625 0.172917 0.146875 0.088889
23 0.126042 0.464583 0.104167 0.163889
4 0.819531 0.626389 0.064062 0.230556
34 0.372656 0.820486 0.168229 0.050694
34 0.020573 0.443750 0.026562 0.138889
16 0.485156 0.288542 0.023438 0.027083
16 0.514583 0.286458 0.020833 0.029861
16 0.529167 0.285069 0.015625 0.032639
16 0.640625 0.286458 0.022917 0.027083
16 0.668750 0.286806 0.022917 0.023611
16 0.694010 0.287847 0.023438 0.024306
16 0.484115 0.316319 0.018229 0.022917
16 0.499740 0.314931 0.014063 0.025694
16 0.531510 0.314583 0.016146 0.023611
16 0.576823 0.316319 0.017188 0.028472
16 0.518750 0.352083 0.022917 0.025000
16 0.514583 0.316319 0.018750 0.024306
31 0.600260 0.279861 0.019271 0.033333
13 0.938542 0.538889 0.122917 0.158333
12 0.832292 0.432986 0.159375 0.157639
17 0.602083 0.510417 0.050000 0.018056
17 0.587240 0.538542 0.080729 0.017361
17 0.576823 0.568750 0.103646 0.020833
0 0.456771 0.554861 0.268750 0.304167
17 0.432552 0.096528 0.067187 0.072222
16 0.592969 0.346875 0.018229 0.027083
16 0.578125 0.062500 0.014583 0.019444
5 0.616667 0.797222 0.281250 0.256944
18 0.610417 0.504167 0.063542 0.025000
13 0.975521 0.308333 0.048958 0.115278
17 0.577604 0.598611 0.106250 0.019444
17 0.577604 0.628819 0.107292 0.018750
17 0.577083 0.676389 0.097917 0.020833
3 0.984115 0.423611 0.031771 0.133333
