10 0.936198 0.592014 0.105729 0.142361
13 0.902865 0.373264 0.096354 0.100694
26 0.708594 0.313542 0.148438 0.227083
4 0.992188 0.668750 0.015625 0.081944
14 0.720313 0.450694 0.062500 0.165278
11 0.763542 0.657986 0.163542 0.192361
13 0.955469 0.470486 0.089063 0.110417
24 0.896094 0.491319 0.071354 0.067361
28 0.583333 0.397222 0.090625 0.116667
3 0.643750 0.819792 0.209375 0.214583
21 0.573698 0.571181 0.219271 0.118750
1 0.839063 0.523958 0.197917 0.361806
19 0.705208 0.506944 0.062500 0.097222
14 0.371354 0.552778 0.051042 0.080556
29 0.265104 0.401736 0.136458 0.072917
0 0.435937 0.603472 0.279167 0.390278
16 0.413802 0.318403 0.014063 0.025694
27 0.393750 0.331250 0.193750 0.308333
30 0.330469 0.600694 0.073438 0.086111
16 0.637760 0.515278 0.020313 0.018056
33 0.746354 0.409375 0.021875 0.025694
16 0.611198 0.518750 0.021354 0.018056
32 0.559115 0.496528 0.028646 0.052778
22 0.191667 0.617708 0.095833 0.168750
16 0.540625 0.592014 0.015625 0.022917
12 0.984635 0.562153 0.030729 0.110417
16 0.596094 0.583333 0.016146 0.025000
16 0.498958 0.594792 0.015625 0.028472
16 0.513021 0.561458 0.015625 0.021528
16 0.661198 0.512500 0.018229 0.022222
34 0.027344 0.632639 0.029687 0.133333
34 0.398177 0.990972 0.169271 0.019444
