34 0.470313 0.984722 0.154167 0.031944
34 0.022656 0.640972 0.030729 0.112500
22 0.162240 0.623958 0.086979 0.142361
30 0.278125 0.603125 0.068750 0.078472
17 0.352344 0.565625 0.030729 0.027083
14 0.324479 0.563542 0.060417 0.104861
19 0.339323 0.596181 0.057813 0.092361
29 0.233854 0.445833 0.115625 0.063889
16 0.371094 0.382986 0.028646 0.031250
27 0.344010 0.380903 0.163021 0.264583
28 0.501042 0.431250 0.079167 0.102778
26 0.602865 0.345833 0.124479 0.201389
14 0.609375 0.425694 0.036458 0.033333
31 0.460417 0.532986 0.014583 0.029861
16 0.528385 0.526389 0.017188 0.022222
16 0.505990 0.530208 0.020313 0.021528
16 0.489323 0.584722 0.017188 0.026389
16 0.440885 0.591319 0.014063 0.025694
16 0.416146 0.544792 0.015625 0.024306
16 0.403906 0.547569 0.015104 0.022917
16 0.381771 0.551389 0.018750 0.022222
16 0.416927 0.568750 0.013021 0.026389
16 0.404687 0.570833 0.013542 0.026389
16 0.392448 0.572569 0.014063 0.027083
16 0.379948 0.575347 0.015104 0.020139
16 0.393229 0.600000 0.014583 0.026389
21 0.455469 0.577431 0.166146 0.111806
24 0.575260 0.769792 0.150521 0.156250
0 0.550260 0.587153 0.219271 0.314583
6 0.665625 0.605208 0.012500 0.020139
10 0.679688 0.551736 0.141667 0.228472
2 0.765885 0.472222 0.169271 0.247222
1 0.790625 0.598264 0.131250 0.431250
11 0.805469 0.583681 0.135937 0.142361
13 0.880208 0.468750 0.095833 0.101389
12 0.944531 0.554167 0.107813 0.112500
4 0.951302 0.735417 0.089063 0.245833
5 0.976562 0.719444 0.046875 0.237500
13 0.819010 0.386458 0.092188 0.088194
