29 0.355990 0.486111 0.079687 0.131481
17 0.448437 0.330093 0.013542 0.049074
14 0.517448 0.393519 0.023438 0.092593
19 0.515885 0.424537 0.026562 0.080556
23 0.445573 0.696759 0.090104 0.169444
30 0.503385 0.486574 0.042188 0.080556
22 0.607031 0.406019 0.041146 0.063889
16 0.443750 0.297685 0.007292 0.017593
27 0.415625 0.339815 0.136458 0.203704
28 0.502344 0.319444 0.048438 0.083333
26 0.520312 0.226852 0.069792 0.155556
16 0.529427 0.381019 0.008854 0.017593
16 0.555729 0.337500 0.009375 0.017593
16 0.561979 0.328704 0.008333 0.016667
16 0.566667 0.318981 0.008333 0.015741
16 0.554167 0.391204 0.008333 0.012037
16 0.544531 0.377778 0.007812 0.011111
16 0.536198 0.396759 0.008854 0.012037
16 0.532292 0.373611 0.009375 0.013889
16 0.537760 0.392130 0.008854 0.013889
16 0.542448 0.384259 0.007812 0.012963
21 0.557552 0.379167 0.070312 0.117593
19 0.575000 0.273148 0.020833 0.064815
14 0.573698 0.261574 0.025521 0.110185
0 0.640104 0.408333 0.094792 0.264815
10 0.685156 0.167593 0.051562 0.074074
11 0.670833 0.199074 0.051042 0.062963
24 0.605469 0.244444 0.036979 0.059259
13 0.631250 0.193981 0.051042 0.062037
3 0.734635 0.248611 0.081771 0.050926
1 0.683594 0.269444 0.123438 0.131481
34 0.305990 0.913889 0.107813 0.100000
2 0.735417 0.233796 0.085417 0.056481
4 0.645833 0.233796 0.048958 0.058333
5 0.700260 0.321759 0.068229 0.078704
31 0.548177 0.348148 0.011979 0.020370
12 0.633073 0.293981 0.050521 0.067593
17 0.601823 0.389352 0.014063 0.028704
17 0.608594 0.397685 0.010937 0.021296
17 0.615365 0.406019 0.007812 0.015741
18 0.666667 0.376852 0.008333 0.018519
16 0.636198 0.288889 0.010937 0.018519
