22 0.614323 0.556944 0.113021 0.177778
34 0.053646 0.494097 0.026042 0.122917
23 0.156771 0.509028 0.096875 0.145833
29 0.279687 0.256944 0.129167 0.077778
17 0.424479 0.186111 0.057292 0.063889
17 0.605990 0.484028 0.083854 0.023611
17 0.608854 0.507292 0.084375 0.024306
17 0.612500 0.530208 0.086458 0.025694
17 0.635417 0.551042 0.046875 0.018750
17 0.644531 0.575000 0.038021 0.019444
17 0.644271 0.612500 0.038542 0.018056
18 0.723958 0.568403 0.053125 0.031250
16 0.472396 0.343403 0.019792 0.021528
16 0.496354 0.340278 0.015625 0.020833
16 0.510417 0.337500 0.013542 0.025000
16 0.605729 0.331250 0.019792 0.019444
16 0.630208 0.329861 0.019792 0.019444
16 0.652083 0.327431 0.018750 0.020139
16 0.472396 0.367708 0.014583 0.020139
16 0.485677 0.365625 0.013021 0.021528
16 0.498437 0.365972 0.014583 0.022222
16 0.513021 0.363194 0.014583 0.020833
16 0.501823 0.393750 0.019271 0.020833
16 0.551042 0.357986 0.016667 0.024306
16 0.576823 0.384375 0.016146 0.025694
31 0.570833 0.328472 0.016667 0.025000
21 0.567187 0.380903 0.213542 0.102083
16 0.550260 0.149306 0.013021 0.018056
30 0.347396 0.414236 0.075000 0.086806
27 0.398958 0.172222 0.183333 0.272222
28 0.576042 0.235764 0.082292 0.104861
26 0.693490 0.158333 0.136979 0.213889
24 0.866667 0.329167 0.100000 0.081944
14 0.400260 0.339583 0.052604 0.118056
14 0.705469 0.269444 0.054688 0.168056
19 0.412760 0.373611 0.053646 0.100000
19 0.692708 0.325694 0.054167 0.097222
13 0.946615 0.316319 0.097396 0.100694
11 0.961979 0.413194 0.076042 0.127778
13 0.895052 0.415625 0.110937 0.134028
12 0.788281 0.405556 0.139063 0.131944
3 0.987500 0.524306 0.025000 0.102778
5 0.885938 0.644097 0.073958 0.299306
4 0.803125 0.653472 0.103125 0.306944
0 0.517188 0.676389 0.229167 0.269444
1 0.782031 0.705903 0.122396 0.346528
