0 0.566927 0.302778 0.098437 0.100000
31 0.520052 0.255093 0.011979 0.025000
1 0.509115 0.237037 0.041146 0.098148
34 0.552344 0.353241 0.045312 0.052778
3 0.450000 0.284722 0.045833 0.078704
14 0.439063 0.386111 0.021875 0.109259
19 0.442969 0.414815 0.022396 0.079630
30 0.460677 0.465741 0.046354 0.075926
17 0.423698 0.455556 0.025521 0.053704
16 0.391927 0.386111 0.007812 0.012963
16 0.395573 0.392130 0.009896 0.013889
16 0.400260 0.402315 0.008854 0.010185
16 0.412240 0.393981 0.006771 0.013889
16 0.408854 0.387037 0.007292 0.011111
16 0.406250 0.381481 0.006250 0.009259
16 0.402865 0.376389 0.007812 0.008333
16 0.416146 0.375926 0.010417 0.012963
16 0.406771 0.352778 0.006250 0.009259
16 0.409375 0.362037 0.005208 0.011111
16 0.395313 0.343056 0.010417 0.012037
16 0.358854 0.334259 0.009375 0.014815
16 0.363542 0.338889 0.007292 0.009259
21 0.393229 0.378704 0.078125 0.114815
19 0.344792 0.317593 0.023958 0.074074
14 0.335938 0.286111 0.039583 0.096296
11 0.387240 0.278241 0.068229 0.104630
10 0.345833 0.227778 0.051042 0.101852
24 0.306771 0.262500 0.044792 0.062037
5 0.364583 0.171759 0.077083 0.032407
12 0.309896 0.189352 0.038542 0.071296
13 0.276562 0.214352 0.042708 0.062037
13 0.226562 0.254630 0.041667 0.083333
26 0.256510 0.307407 0.089063 0.179630
28 0.311198 0.400463 0.056771 0.084259
16 0.324740 0.431481 0.011979 0.016667
27 0.318750 0.485185 0.154167 0.179630
29 0.391927 0.654630 0.082812 0.153704
22 0.523698 0.551852 0.092188 0.140741
34 0.679427 0.782407 0.057813 0.142593
2 0.415625 0.221759 0.069792 0.041667
4 0.384115 0.185648 0.055729 0.036111
16 0.368750 0.348611 0.007292 0.010185
