19 0.692187 0.265625 0.072917 0.109028
12 0.793490 0.389931 0.168229 0.165972
22 0.530990 0.575347 0.134896 0.211806
24 0.883333 0.268750 0.113542 0.111111
14 0.348698 0.309028 0.074479 0.129167
19 0.366667 0.345139 0.070833 0.108333
26 0.679688 0.096528 0.158333 0.193056
28 0.550521 0.167708 0.094792 0.121528
21 0.544010 0.337153 0.243229 0.134028
14 0.707552 0.198264 0.077604 0.193750
27 0.347917 0.134722 0.214583 0.269444
30 0.302604 0.396875 0.082292 0.102083
29 0.230208 0.227083 0.132292 0.097222
1 0.794792 0.595486 0.256250 0.322917
23 0.116667 0.518750 0.095833 0.162500
4 0.810937 0.656597 0.073958 0.360417
34 0.368229 0.827083 0.128125 0.045833
34 0.022656 0.511806 0.021354 0.131944
16 0.433333 0.304861 0.021875 0.027778
16 0.475521 0.295833 0.017708 0.031944
16 0.522135 0.317014 0.017188 0.028472
16 0.584115 0.278472 0.022396 0.025000
16 0.611979 0.272917 0.022917 0.023611
16 0.638281 0.269792 0.022396 0.024306
16 0.431510 0.332292 0.018229 0.022917
16 0.447656 0.330208 0.014063 0.025694
16 0.479427 0.324306 0.016146 0.023611
16 0.460677 0.299653 0.019271 0.028472
16 0.464844 0.361111 0.020313 0.026389
16 0.461979 0.328125 0.018750 0.024306
31 0.542969 0.279861 0.019271 0.033333
13 0.923177 0.473264 0.144271 0.150694
17 0.485417 0.490625 0.039583 0.021528
17 0.538542 0.595139 0.096875 0.041667
17 0.541667 0.639931 0.092708 0.040972
0 0.500260 0.557292 0.286979 0.289583
17 0.374219 0.129514 0.066146 0.078472
16 0.536719 0.347569 0.018229 0.027083
16 0.520312 0.072222 0.014583 0.019444
5 0.597917 0.779514 0.301042 0.163194
18 0.643229 0.528472 0.077083 0.037500
11 0.970833 0.353125 0.058333 0.145139
13 0.958333 0.244097 0.083333 0.114583
18 0.699479 0.592708 0.085417 0.038194
