27 0.620833 0.410764 0.167708 0.347917
34 0.129948 0.546875 0.058854 0.138194
29 0.455729 0.417361 0.161458 0.079167
22 0.339844 0.626042 0.128646 0.179861
30 0.515885 0.681250 0.086979 0.094444
16 0.660677 0.415278 0.021354 0.040278
16 0.629948 0.420139 0.013021 0.025000
16 0.678646 0.666319 0.021875 0.022917
16 0.704948 0.673611 0.017188 0.029167
16 0.717187 0.673958 0.016667 0.027083
16 0.675781 0.700347 0.016146 0.028472
16 0.690365 0.706944 0.018229 0.020833
16 0.704948 0.708681 0.014063 0.027083
16 0.718750 0.709722 0.013542 0.026389
16 0.702865 0.746528 0.022396 0.022222
31 0.778125 0.689236 0.018750 0.024306
16 0.781510 0.761806 0.017188 0.022222
21 0.723177 0.726042 0.154688 0.131250
17 0.572396 0.643056 0.040625 0.044444
14 0.607812 0.681597 0.063542 0.109028
19 0.588281 0.711111 0.063021 0.090278
0 0.542969 0.491319 0.203646 0.309028
1 0.757552 0.500000 0.192188 0.311111
26 0.921875 0.517014 0.156250 0.213194
14 0.922396 0.667014 0.080208 0.135417
19 0.903125 0.703819 0.047917 0.063194
11 0.956771 0.915625 0.086458 0.152083
3 0.797396 0.967361 0.032292 0.065278
24 0.991406 0.745139 0.017188 0.097222
28 0.784896 0.546875 0.094792 0.089583
