5 0.679167 0.650463 0.083333 0.236111
1 0.452344 0.645370 0.131771 0.224074
10 0.938802 0.485648 0.116146 0.132407
24 0.753385 0.369444 0.086979 0.116667
2 0.857812 0.653241 0.051042 0.223148
3 0.822396 0.650926 0.041667 0.216667
11 0.840104 0.483796 0.114583 0.125000
12 0.645312 0.475000 0.083333 0.100000
13 0.847396 0.368056 0.100000 0.126852
14 0.613802 0.330093 0.036979 0.089815
19 0.428646 0.362963 0.028125 0.048148
26 0.645833 0.160648 0.103125 0.200926
28 0.543750 0.216204 0.063542 0.117593
19 0.605208 0.358333 0.035417 0.055556
14 0.419271 0.342593 0.026042 0.048148
27 0.413542 0.134259 0.143750 0.268519
30 0.384375 0.373611 0.050000 0.060185
17 0.440104 0.167593 0.041667 0.072222
22 0.523438 0.525000 0.057292 0.135185
29 0.315104 0.146759 0.115625 0.052778
0 0.343229 0.613426 0.116667 0.197222
4 0.429427 0.591204 0.145313 0.099074
13 0.736719 0.472222 0.094271 0.127778
23 0.239323 0.420833 0.092188 0.126852
18 0.572656 0.581944 0.045312 0.012037
17 0.521094 0.575926 0.043229 0.018519
17 0.523177 0.548611 0.047396 0.019444
17 0.523698 0.531019 0.048438 0.017593
17 0.524479 0.512500 0.047917 0.017593
17 0.526302 0.494907 0.047396 0.017593
17 0.527344 0.476852 0.047396 0.016667
16 0.465104 0.339815 0.014583 0.016667
16 0.480208 0.341204 0.011458 0.019444
16 0.488542 0.341204 0.009375 0.023148
16 0.464583 0.366667 0.010417 0.018519
16 0.472135 0.365278 0.008854 0.019444
16 0.478906 0.370370 0.010937 0.020370
16 0.508594 0.372222 0.010937 0.022222
16 0.487760 0.370370 0.008854 0.018519
16 0.478906 0.395370 0.013021 0.016667
31 0.525521 0.345833 0.010417 0.023148
16 0.578125 0.353704 0.013542 0.016667
16 0.563542 0.352778 0.012500 0.018519
16 0.547396 0.351389 0.011458 0.019444
21 0.519792 0.377315 0.131250 0.082407
34 0.116146 0.366204 0.019792 0.150926
34 0.391406 0.674537 0.067187 0.021296
16 0.541927 0.065278 0.011979 0.017593
