5 0.738021 0.236574 0.088542 0.067593
4 0.732552 0.249537 0.096354 0.054630
2 0.722917 0.310185 0.096875 0.066667
12 0.679688 0.201389 0.050000 0.069444
13 0.631771 0.195833 0.050000 0.063889
13 0.584115 0.188889 0.048438 0.066667
10 0.655990 0.245833 0.055729 0.095370
24 0.609896 0.245370 0.040625 0.057407
11 0.629427 0.312963 0.065104 0.107407
14 0.573958 0.266204 0.025000 0.115741
19 0.575260 0.298148 0.017188 0.064815
14 0.529687 0.406944 0.023958 0.104630
19 0.528906 0.439352 0.022396 0.086111
16 0.566406 0.318056 0.006771 0.013889
16 0.561198 0.326852 0.007812 0.012963
16 0.555990 0.335648 0.009896 0.012037
16 0.551042 0.390741 0.007292 0.012963
16 0.543750 0.377778 0.006250 0.009259
16 0.540885 0.382870 0.005729 0.008333
16 0.539062 0.389352 0.004167 0.008333
16 0.560417 0.366204 0.006250 0.010185
16 0.573438 0.359259 0.006250 0.011111
16 0.563281 0.380556 0.005729 0.011111
21 0.553385 0.379167 0.077604 0.115741
26 0.520312 0.225926 0.069792 0.153704
28 0.502083 0.318981 0.046875 0.078704
16 0.446094 0.319444 0.009896 0.016667
17 0.500781 0.442593 0.029687 0.046296
27 0.424219 0.336111 0.133854 0.209259
30 0.503125 0.487037 0.041667 0.079630
29 0.356250 0.485185 0.079167 0.127778
31 0.645833 0.396759 0.010417 0.039815
34 0.665104 0.579167 0.021875 0.069444
22 0.452083 0.600000 0.102083 0.137037
0 0.684635 0.527778 0.109896 0.233333
1 0.682552 0.374537 0.114062 0.095370
34 0.305990 0.913889 0.107813 0.101852
3 0.676042 0.399537 0.041667 0.017593
