17 0.204427 0.607986 0.050521 0.021528
17 0.194531 0.635764 0.033854 0.018750
17 0.185938 0.664236 0.018750 0.015972
22 0.206771 0.635764 0.055208 0.090972
16 0.127344 0.517361 0.017188 0.031944
16 0.138802 0.515625 0.014063 0.031250
16 0.153125 0.512500 0.017708 0.030556
16 0.177604 0.507292 0.018750 0.029861
16 0.204427 0.500694 0.019271 0.031944
16 0.204948 0.468056 0.018229 0.030556
16 0.167448 0.475694 0.018229 0.033333
16 0.153906 0.480556 0.017188 0.029167
16 0.130990 0.485069 0.020313 0.029861
31 0.171875 0.538889 0.028125 0.031944
16 0.244010 0.491667 0.020313 0.027778
16 0.272656 0.485069 0.020313 0.028472
21 0.209635 0.516319 0.175521 0.140972
19 0.098437 0.428472 0.072917 0.105556
14 0.071354 0.396181 0.071875 0.122917
30 0.032292 0.469444 0.064583 0.091667
24 0.024740 0.330208 0.049479 0.092361
17 0.138542 0.204167 0.061458 0.070833
27 0.138802 0.188194 0.151562 0.288889
28 0.263281 0.287847 0.097396 0.120139
19 0.349219 0.348264 0.052604 0.111806
14 0.335938 0.309375 0.044792 0.136806
26 0.381250 0.169097 0.141667 0.239583
12 0.423438 0.450000 0.159375 0.147222
0 0.501302 0.325347 0.151562 0.178472
13 0.568490 0.388542 0.145313 0.247917
10 0.645833 0.305208 0.135417 0.165972
11 0.744010 0.372222 0.132812 0.166667
13 0.722917 0.267361 0.090625 0.093056
4 0.520312 0.728819 0.153125 0.349306
5 0.623437 0.682292 0.111458 0.345139
1 0.642188 0.657292 0.139583 0.218750
3 0.762500 0.559028 0.113542 0.243056
2 0.808854 0.555556 0.119792 0.216667
