29 0.049740 0.316667 0.085938 0.211111
22 0.107813 0.286458 0.123958 0.159028
30 0.173177 0.144792 0.074479 0.070139
17 0.246875 0.185069 0.066667 0.068750
16 0.473438 0.070833 0.018750 0.023611
16 0.442188 0.272569 0.015625 0.031250
16 0.457552 0.275000 0.018229 0.026389
16 0.471094 0.279167 0.015104 0.029167
16 0.486719 0.281597 0.016146 0.029861
16 0.438802 0.302431 0.019271 0.028472
16 0.429688 0.331944 0.015625 0.030556
16 0.462240 0.337500 0.017188 0.029167
16 0.541146 0.321181 0.017708 0.024306
16 0.557031 0.325694 0.016146 0.027778
16 0.586979 0.364583 0.017708 0.026389
16 0.599219 0.340972 0.017188 0.025000
16 0.652083 0.328819 0.021875 0.025694
16 0.640625 0.351736 0.019792 0.021528
31 0.540104 0.349653 0.019792 0.034028
21 0.535677 0.350000 0.249479 0.154167
27 0.458594 0.123611 0.153646 0.247222
28 0.596354 0.227778 0.104167 0.129167
26 0.734375 0.175347 0.179167 0.256250
14 0.348698 0.272917 0.054688 0.155556
19 0.358854 0.321528 0.058333 0.122222
14 0.722656 0.320833 0.100521 0.179167
19 0.696615 0.385764 0.075521 0.111806
4 0.985417 0.606250 0.029167 0.127778
5 0.971875 0.686458 0.056250 0.252083
13 0.961979 0.447917 0.071875 0.144444
34 0.226302 0.716319 0.070312 0.245139
25 0.530208 0.468750 0.161458 0.138889
24 0.576042 0.642361 0.187500 0.165278
6 0.564323 0.610069 0.067187 0.053472
10 0.753385 0.579167 0.085938 0.113889
2 0.766927 0.426736 0.374479 0.368750
0 0.444531 0.705208 0.200521 0.329861
1 0.866146 0.461806 0.267708 0.411111
13 0.866927 0.282986 0.093229 0.089583
11 0.932292 0.567708 0.035417 0.095139
