13 0.273698 0.220370 0.054688 0.051852
13 0.232552 0.292130 0.031771 0.089815
26 0.280469 0.318056 0.093229 0.182407
4 0.331771 0.191204 0.064583 0.056481
5 0.355208 0.196759 0.064583 0.060185
3 0.426042 0.228241 0.064583 0.043519
2 0.435937 0.241667 0.061458 0.057407
11 0.346875 0.246759 0.043750 0.097222
10 0.379427 0.275000 0.064062 0.112963
28 0.331250 0.398611 0.055208 0.076852
14 0.360156 0.290278 0.039062 0.102778
19 0.370052 0.314815 0.020313 0.061111
16 0.365625 0.344444 0.007292 0.014815
16 0.378906 0.339352 0.006771 0.013889
16 0.388542 0.350926 0.010417 0.011111
16 0.400781 0.349074 0.009896 0.012963
16 0.397656 0.364352 0.008854 0.012037
16 0.400521 0.368981 0.009375 0.012037
16 0.402865 0.396759 0.009896 0.010185
16 0.408594 0.398148 0.006771 0.011111
16 0.403906 0.405093 0.007812 0.010185
16 0.409635 0.406019 0.007812 0.010185
16 0.410938 0.414815 0.006250 0.011111
16 0.417708 0.411574 0.007292 0.010185
16 0.425781 0.401852 0.009896 0.011111
16 0.437240 0.393981 0.008854 0.013889
16 0.429167 0.384259 0.009375 0.012963
31 0.411719 0.360185 0.007812 0.018519
21 0.403906 0.387963 0.084896 0.116667
25 0.438802 0.365741 0.065104 0.074074
24 0.464844 0.318519 0.063021 0.070370
14 0.454167 0.379630 0.020833 0.098148
19 0.459635 0.407407 0.024479 0.075926
34 0.576562 0.331481 0.021875 0.103704
1 0.555208 0.288889 0.059375 0.051852
0 0.611458 0.352778 0.044792 0.077778
16 0.328646 0.444444 0.016667 0.040741
27 0.321354 0.468519 0.162500 0.188889
17 0.450000 0.587963 0.052083 0.020370
30 0.477604 0.701389 0.062500 0.112037
22 0.555208 0.589352 0.094792 0.152778
29 0.596875 0.607407 0.077083 0.150000
