0 0.380729 0.632986 0.297917 0.436806
17 0.531510 0.611806 0.126562 0.097222
17 0.557552 0.547222 0.139063 0.111111
17 0.573958 0.503125 0.120833 0.104861
17 0.538021 0.416667 0.026042 0.031944
17 0.567708 0.379514 0.048958 0.046528
17 0.596875 0.348264 0.075000 0.068750
22 0.548698 0.487153 0.201563 0.386806
5 0.721615 0.484375 0.374479 0.224306
1 0.935156 0.421528 0.129688 0.448611
18 0.691667 0.594097 0.013542 0.032639
18 0.741406 0.596875 0.018229 0.020139
4 0.826042 0.661111 0.098958 0.204167
13 0.892448 0.589583 0.042188 0.051389
12 0.846354 0.349653 0.112500 0.156250
16 0.815885 0.313194 0.029687 0.045833
16 0.836458 0.288889 0.031250 0.031944
16 0.786198 0.263194 0.022396 0.031944
16 0.753906 0.229167 0.034896 0.040278
31 0.654948 0.177083 0.050521 0.048611
16 0.706250 0.171181 0.026042 0.046528
16 0.714063 0.127083 0.033333 0.048611
16 0.665625 0.130903 0.038542 0.053472
16 0.628125 0.089931 0.034375 0.049306
16 0.607812 0.071875 0.032292 0.052083
16 0.585417 0.054514 0.036458 0.045139
16 0.663802 0.071875 0.038021 0.045139
16 0.642708 0.048611 0.034375 0.050000
16 0.604948 0.018056 0.030729 0.036111
16 0.673958 0.205208 0.317708 0.403472
29 0.813021 0.044444 0.118750 0.088889
19 0.875521 0.202083 0.118750 0.108333
14 0.915885 0.173958 0.155729 0.106250
26 0.932813 0.083681 0.134375 0.167361
