22 0.030990 0.381597 0.061979 0.172917
30 0.055990 0.230556 0.070312 0.084722
17 0.129427 0.246528 0.061979 0.080556
16 0.328125 0.068056 0.015625 0.025000
16 0.316406 0.329861 0.019271 0.023611
16 0.320573 0.299306 0.022396 0.023611
16 0.321354 0.270833 0.015625 0.029167
16 0.337500 0.269097 0.016667 0.028472
16 0.351562 0.270139 0.014583 0.029167
16 0.367188 0.267708 0.016667 0.029861
16 0.424479 0.290972 0.016667 0.025000
16 0.441927 0.290972 0.018229 0.026389
16 0.487500 0.292361 0.017708 0.026389
16 0.476302 0.321528 0.019271 0.026389
16 0.541667 0.268056 0.023958 0.023611
16 0.531510 0.291667 0.020313 0.020833
31 0.427344 0.321528 0.020313 0.030556
21 0.433073 0.322569 0.260937 0.111806
27 0.321615 0.124653 0.168229 0.249306
28 0.476302 0.183681 0.101562 0.125694
26 0.603646 0.117014 0.170833 0.234028
14 0.214583 0.288542 0.081250 0.154861
19 0.235417 0.332292 0.075000 0.125694
14 0.609635 0.238889 0.075521 0.205556
19 0.592708 0.312153 0.066667 0.120139
13 0.772917 0.180903 0.108333 0.102083
12 0.806250 0.267361 0.123958 0.138889
13 0.888021 0.307639 0.083333 0.145833
4 0.958333 0.495486 0.083333 0.202083
5 0.944531 0.515972 0.102604 0.201389
11 0.832031 0.465625 0.155729 0.178472
10 0.699479 0.394097 0.188542 0.202083
2 0.732292 0.693403 0.118750 0.275694
3 0.791667 0.730208 0.416667 0.171528
7 0.554427 0.646875 0.091146 0.036806
1 0.899219 0.767361 0.201563 0.338889
34 0.200260 0.736458 0.132812 0.185417
25 0.492708 0.490625 0.168750 0.152083
24 0.509115 0.680208 0.196354 0.195139
16 0.354427 0.588542 0.034896 0.061806
0 0.353125 0.731944 0.229167 0.363889
