22 0.670573 0.968750 0.108854 0.062500
17 0.649740 0.996875 0.018229 0.006250
17 0.686458 0.981250 0.078125 0.037500
16 0.648958 0.768056 0.023958 0.030556
16 0.676562 0.782292 0.017708 0.040972
16 0.692187 0.785417 0.017708 0.037500
16 0.726302 0.806944 0.016146 0.038889
16 0.638802 0.814931 0.025521 0.040972
16 0.657292 0.822569 0.018750 0.042361
16 0.671615 0.829167 0.018229 0.040278
16 0.698958 0.837500 0.018750 0.037500
16 0.722396 0.847917 0.017708 0.037500
31 0.690625 0.885417 0.033333 0.033333
16 0.758333 0.861111 0.017708 0.025000
16 0.778125 0.866319 0.016667 0.027083
16 0.803646 0.875000 0.013542 0.030556
21 0.700521 0.840625 0.220833 0.179861
19 0.807552 0.745139 0.035937 0.066667
19 0.606250 0.630208 0.104167 0.110417
14 0.643490 0.602778 0.130729 0.119444
30 0.473698 0.563542 0.099479 0.145139
0 0.389844 0.581250 0.238021 0.461111
1 0.775000 0.406597 0.183333 0.221528
17 0.702083 0.337847 0.044792 0.088194
17 0.705208 0.378819 0.010417 0.021528
27 0.676562 0.301042 0.205208 0.386806
28 0.769010 0.572222 0.103646 0.144444
26 0.905990 0.547222 0.178646 0.194444
10 0.985156 0.810417 0.029687 0.136111
13 0.992448 0.757986 0.015104 0.038194
24 0.411719 0.262847 0.163021 0.167361
23 0.226042 0.436458 0.188542 0.261806
29 0.124740 0.406250 0.166146 0.302778
