22 0.143750 0.131944 0.140625 0.168056
29 0.078646 0.163542 0.104167 0.218750
24 0.270052 0.134028 0.171354 0.119444
17 0.298438 0.035069 0.073958 0.070139
30 0.214323 0.014583 0.074479 0.029167
27 0.529427 0.047917 0.164062 0.095833
28 0.661979 0.122569 0.115625 0.143750
26 0.828125 0.107986 0.192708 0.215972
19 0.477865 0.287500 0.071354 0.130556
14 0.492188 0.234375 0.071875 0.178472
13 0.934635 0.242361 0.095312 0.123611
13 0.984896 0.410764 0.030208 0.149306
12 0.948958 0.338542 0.102083 0.163194
11 0.930990 0.560417 0.134896 0.180556
10 0.846875 0.464931 0.176042 0.209028
3 0.884115 0.709722 0.055729 0.129167
6 0.638281 0.594444 0.140104 0.043056
2 0.836979 0.589583 0.326042 0.144444
16 0.545833 0.590625 0.061458 0.068750
0 0.467448 0.678819 0.219271 0.299306
16 0.724219 0.488542 0.028646 0.029861
16 0.707292 0.523958 0.030208 0.035417
16 0.617969 0.541667 0.027604 0.040278
16 0.575000 0.426736 0.026042 0.040972
16 0.586979 0.483681 0.028125 0.031250
16 0.461979 0.390972 0.033333 0.031944
16 0.499740 0.400347 0.022396 0.042361
16 0.520052 0.407986 0.028646 0.040972
16 0.450781 0.432986 0.022396 0.043750
16 0.470833 0.439931 0.023958 0.043750
16 0.491406 0.445486 0.026562 0.045139
21 0.570312 0.481250 0.311458 0.204167
19 0.696354 0.410417 0.102083 0.116667
14 0.733594 0.338889 0.129688 0.216667
16 0.503646 0.505556 0.032292 0.041667
