33 0.529167 0.625694 0.044792 0.034722
32 0.544010 0.610069 0.028646 0.039583
0 0.449479 0.713889 0.206250 0.266667
1 0.632292 0.699653 0.211458 0.325694
16 0.707031 0.536806 0.026562 0.027778
16 0.693229 0.573611 0.022917 0.027778
16 0.686979 0.586111 0.022917 0.027778
16 0.570312 0.546528 0.013542 0.013889
16 0.558073 0.502778 0.021354 0.037500
16 0.505469 0.492708 0.026562 0.038194
16 0.486458 0.488889 0.020833 0.037500
16 0.452083 0.485069 0.030208 0.028472
16 0.443750 0.525694 0.019792 0.038889
16 0.461198 0.529167 0.021354 0.038889
16 0.480208 0.532292 0.021875 0.040972
16 0.494792 0.578125 0.026042 0.022917
21 0.566146 0.563194 0.294792 0.166667
19 0.621875 0.437500 0.079167 0.112500
19 0.464062 0.390625 0.058333 0.115972
14 0.459896 0.342361 0.060417 0.155556
14 0.640885 0.353819 0.081771 0.227083
2 0.826302 0.746181 0.140104 0.265972
3 0.904948 0.803819 0.075521 0.284028
11 0.933333 0.566319 0.133333 0.175694
10 0.837500 0.495833 0.184375 0.201389
12 0.940625 0.338542 0.114583 0.154861
13 0.917188 0.243056 0.102083 0.108333
13 0.984896 0.390278 0.030208 0.137500
26 0.787500 0.128819 0.170833 0.252083
28 0.630469 0.191667 0.105729 0.127778
16 0.487500 0.018750 0.018750 0.019444
27 0.488802 0.093403 0.169271 0.186806
17 0.290885 0.167708 0.065104 0.072917
30 0.216406 0.136458 0.072396 0.074306
24 0.272396 0.268750 0.146875 0.111111
22 0.161458 0.276042 0.116667 0.159028
29 0.104948 0.307292 0.080729 0.204861
