16 0.422396 0.319444 0.006250 0.009259
16 0.427604 0.327778 0.007292 0.011111
21 0.436198 0.354630 0.083854 0.105556
11 0.310156 0.206481 0.045312 0.081481
13 0.262760 0.212963 0.043229 0.044444
10 0.301302 0.238889 0.048438 0.098148
2 0.361458 0.186574 0.057292 0.049074
3 0.368750 0.203241 0.064583 0.050926
5 0.284375 0.094444 0.044792 0.188889
9 0.282813 0.191204 0.031250 0.050926
1 0.311979 0.038426 0.076042 0.076852
13 0.360938 0.246296 0.054167 0.061111
12 0.390104 0.291204 0.057292 0.095370
14 0.356771 0.303704 0.027083 0.088889
14 0.436458 0.387500 0.022917 0.097222
19 0.363281 0.332407 0.027604 0.070370
19 0.441406 0.420833 0.027604 0.078704
17 0.327865 0.441667 0.049479 0.012963
16 0.399219 0.312963 0.009896 0.011111
16 0.411198 0.309722 0.006771 0.012037
16 0.438802 0.338426 0.007812 0.008333
16 0.445573 0.346759 0.005729 0.010185
16 0.455990 0.360185 0.006771 0.012963
16 0.459635 0.366204 0.008854 0.010185
16 0.451823 0.356481 0.005729 0.012963
16 0.449740 0.374074 0.006771 0.009259
31 0.454688 0.339352 0.010417 0.017593
4 0.438802 0.249074 0.064062 0.066667
17 0.474740 0.322685 0.024479 0.028704
17 0.481250 0.318056 0.026042 0.028704
17 0.486979 0.313889 0.022917 0.025926
17 0.492969 0.308333 0.024479 0.027778
17 0.498698 0.303241 0.024479 0.026852
17 0.507292 0.296296 0.021875 0.025926
18 0.441406 0.298148 0.026562 0.025926
18 0.456250 0.305093 0.012500 0.032407
22 0.489583 0.321759 0.061458 0.067593
26 0.273438 0.317130 0.090625 0.175000
16 0.252865 0.405093 0.024479 0.017593
28 0.342187 0.400926 0.057292 0.081481
27 0.303125 0.500463 0.169792 0.189815
24 0.433594 0.660185 0.098437 0.157407
30 0.477865 0.481019 0.047396 0.078704
23 0.550781 0.584259 0.092188 0.144444
29 0.597135 0.610185 0.081771 0.148148
0 0.548958 0.311111 0.070833 0.068519
