29 0.214583 0.403241 0.039583 0.199074
22 0.247135 0.374074 0.067187 0.142593
30 0.243229 0.204630 0.055208 0.068519
17 0.314583 0.252315 0.036458 0.075000
16 0.441406 0.156481 0.009896 0.022222
16 0.443229 0.344907 0.008333 0.023148
16 0.451042 0.344444 0.009375 0.020370
16 0.459115 0.346759 0.009896 0.021296
16 0.466927 0.345370 0.007812 0.022222
16 0.444792 0.370833 0.010417 0.019444
16 0.441927 0.399074 0.008854 0.022222
16 0.457292 0.399074 0.008333 0.022222
16 0.495052 0.374074 0.008854 0.020370
16 0.503646 0.374537 0.008333 0.021296
16 0.518490 0.403704 0.008854 0.018519
16 0.525260 0.376389 0.008854 0.019444
16 0.548698 0.377315 0.009896 0.017593
16 0.556250 0.351852 0.012500 0.014815
31 0.495312 0.400463 0.009375 0.021296
21 0.499219 0.378241 0.128646 0.075000
27 0.430469 0.147685 0.115104 0.295370
28 0.528906 0.244907 0.060937 0.112037
26 0.611719 0.189352 0.106771 0.197222
24 0.518490 0.574537 0.074479 0.091667
25 0.495833 0.465278 0.078125 0.104630
14 0.409896 0.410648 0.029167 0.045370
19 0.420052 0.419907 0.025521 0.047222
14 0.588542 0.367593 0.038542 0.081481
19 0.575781 0.395833 0.025521 0.047222
34 0.373958 0.681019 0.018750 0.130556
1 0.404948 0.705093 0.095312 0.080556
0 0.341146 0.728241 0.053125 0.147222
2 0.645312 0.657870 0.037500 0.223148
3 0.683854 0.662963 0.037500 0.216667
5 0.816146 0.591204 0.078125 0.234259
4 0.852865 0.565741 0.045312 0.231481
13 0.835156 0.351389 0.085938 0.158333
12 0.753906 0.318981 0.095312 0.119444
13 0.756510 0.211111 0.092188 0.124074
11 0.717969 0.467130 0.097396 0.156481
10 0.627083 0.463889 0.087500 0.105556
