17 0.012240 0.575694 0.024479 0.081944
14 0.060417 0.591667 0.096875 0.106944
19 0.087500 0.619444 0.082292 0.094444
16 0.090885 0.371875 0.015104 0.020139
16 0.140625 0.529514 0.014583 0.025694
16 0.151042 0.523264 0.012500 0.028472
16 0.162240 0.517014 0.013021 0.024306
16 0.172917 0.507292 0.013542 0.027083
16 0.143750 0.556944 0.017708 0.025000
16 0.144271 0.584375 0.015625 0.025694
16 0.178906 0.563889 0.017188 0.026389
21 0.245573 0.544444 0.209896 0.152778
27 0.113542 0.365625 0.181250 0.302083
28 0.255208 0.377431 0.093750 0.124306
26 0.311719 0.241319 0.149479 0.247917
14 0.344271 0.363889 0.076042 0.176389
13 0.538802 0.202431 0.108854 0.104861
13 0.678906 0.236806 0.097396 0.119444
12 0.584635 0.256250 0.125521 0.129167
4 0.823177 0.359375 0.161979 0.163194
5 0.805469 0.416319 0.177604 0.179861
11 0.615885 0.446181 0.142187 0.215972
10 0.467187 0.462500 0.175000 0.237500
3 0.683073 0.653819 0.231771 0.199306
2 0.600260 0.733333 0.229687 0.266667
1 0.673698 0.389236 0.233854 0.303472
24 0.358854 0.798958 0.181250 0.239583
0 0.276823 0.615278 0.265104 0.462500
34 0.124740 0.816667 0.027604 0.102778
