25 0.610156 0.568750 0.159896 0.177778
5 0.989583 0.663889 0.020833 0.108333
13 0.912500 0.349306 0.091667 0.112500
0 0.329167 0.252431 0.118750 0.292361
11 0.919271 0.596528 0.127083 0.209722
12 0.930208 0.439931 0.101042 0.147917
13 0.977865 0.503125 0.044271 0.145139
24 0.601042 0.743056 0.178125 0.181944
3 0.874479 0.836806 0.054167 0.308333
10 0.825781 0.533333 0.165104 0.208333
14 0.774479 0.354861 0.101042 0.161111
26 0.789323 0.217361 0.170313 0.240278
28 0.661458 0.256944 0.097917 0.122222
16 0.520052 0.087847 0.013021 0.022917
16 0.530208 0.279167 0.018750 0.022222
16 0.544010 0.282639 0.016146 0.023611
16 0.556250 0.287153 0.013542 0.025694
16 0.570573 0.292708 0.016146 0.024306
16 0.526823 0.302778 0.017188 0.020833
16 0.519010 0.327083 0.015104 0.023611
16 0.561979 0.342014 0.014583 0.025694
16 0.618490 0.335069 0.015104 0.020139
16 0.632552 0.338542 0.014063 0.022917
16 0.669792 0.354514 0.013542 0.021528
16 0.657292 0.378819 0.013542 0.022917
16 0.706771 0.371181 0.016667 0.017361
16 0.716927 0.352431 0.019271 0.021528
31 0.618490 0.359375 0.015104 0.025694
21 0.609896 0.361111 0.223958 0.158333
27 0.530729 0.119097 0.135417 0.238194
30 0.269271 0.130903 0.065625 0.056250
22 0.203385 0.248611 0.123438 0.137500
29 0.146094 0.263889 0.092188 0.179167
34 0.384115 0.561806 0.099479 0.193056
19 0.423958 0.301389 0.050000 0.122222
14 0.349479 0.223958 0.064583 0.279861
19 0.745573 0.412500 0.076563 0.105556
