31 0.560156 0.506597 0.030729 0.052083
16 0.704427 0.421528 0.036979 0.041667
16 0.680469 0.472917 0.029687 0.047222
16 0.615104 0.463194 0.041667 0.043056
16 0.540104 0.485417 0.027083 0.037500
21 0.534375 0.454861 0.356250 0.229167
0 0.402083 0.520833 0.326042 0.444444
7 0.619271 0.512153 0.095833 0.036806
3 0.831250 0.434375 0.337500 0.164583
2 0.819271 0.638889 0.093750 0.294444
11 0.940104 0.443403 0.119792 0.235417
10 0.841927 0.294097 0.231771 0.279861
12 0.963021 0.187153 0.073958 0.192361
13 0.952604 0.065278 0.094792 0.125000
26 0.754427 0.027431 0.123438 0.054861
19 0.608333 0.243056 0.098958 0.163889
14 0.649219 0.144444 0.113021 0.288889
14 0.408333 0.065625 0.055208 0.131250
19 0.421094 0.089236 0.077604 0.167361
24 0.177344 0.097222 0.165104 0.156944
22 0.063802 0.121875 0.126562 0.196528
29 0.023698 0.159375 0.047396 0.214583
