24 0.512500 0.678819 0.168750 0.150694
25 0.509375 0.525347 0.152083 0.131250
2 0.755469 0.646528 0.116146 0.325000
3 0.818229 0.606597 0.095833 0.193750
10 0.710938 0.409028 0.145833 0.194444
11 0.855208 0.418056 0.113542 0.168056
13 0.801823 0.213889 0.102604 0.094444
12 0.832292 0.287500 0.118750 0.126389
14 0.622656 0.296875 0.050521 0.132639
19 0.613542 0.338542 0.050000 0.106250
26 0.621615 0.159375 0.142187 0.227083
28 0.520833 0.232986 0.087500 0.109028
16 0.376042 0.154514 0.013542 0.020139
16 0.395573 0.307639 0.018229 0.022222
16 0.407552 0.305903 0.013021 0.022917
16 0.419792 0.306944 0.013542 0.023611
16 0.433073 0.304861 0.015104 0.026389
16 0.394271 0.329514 0.016667 0.021528
16 0.388802 0.354861 0.015104 0.020833
16 0.428906 0.351042 0.014063 0.022917
16 0.478385 0.319097 0.015104 0.020139
16 0.492969 0.318750 0.013021 0.020833
16 0.532292 0.317708 0.015625 0.022917
16 0.520312 0.341667 0.015625 0.023611
16 0.569010 0.318056 0.017188 0.020833
16 0.577865 0.296875 0.022396 0.021528
31 0.480469 0.343403 0.015104 0.025694
21 0.489063 0.343403 0.220833 0.090972
19 0.311719 0.343403 0.060937 0.102083
14 0.294792 0.307292 0.059375 0.125694
27 0.394010 0.154514 0.142187 0.279861
30 0.177083 0.276736 0.059375 0.067361
17 0.238021 0.291319 0.053125 0.063194
22 0.134635 0.392708 0.094271 0.139583
29 0.089323 0.426042 0.059896 0.168750
0 0.273698 0.611458 0.370312 0.510417
1 0.817448 0.444792 0.180729 0.274306
13 0.920573 0.320139 0.091146 0.140278
4 0.978125 0.453472 0.043750 0.108333
5 0.958594 0.517014 0.082812 0.193750
