27 0.739583 0.212963 0.145833 0.220370
4 0.295052 0.606019 0.140104 0.100926
5 0.316927 0.510185 0.147396 0.101852
13 0.430208 0.630093 0.095833 0.145370
12 0.497917 0.532870 0.096875 0.176852
13 0.558594 0.590741 0.102604 0.179630
26 0.644531 0.337963 0.102604 0.224074
16 0.724740 0.202315 0.009896 0.019444
17 0.698177 0.168981 0.026562 0.043519
30 0.732292 0.134722 0.029167 0.054630
24 0.649479 0.154630 0.055208 0.074074
22 0.666406 0.109259 0.060937 0.064815
29 0.666146 0.080556 0.076042 0.048148
19 0.574479 0.185185 0.022917 0.075926
14 0.578646 0.158796 0.019792 0.099074
16 0.532031 0.197222 0.006771 0.012963
16 0.522656 0.173148 0.007812 0.012963
16 0.519010 0.196296 0.007812 0.012963
16 0.495052 0.231019 0.007812 0.012037
16 0.532031 0.169444 0.007812 0.012963
16 0.511979 0.201389 0.008333 0.015741
21 0.519792 0.211574 0.073958 0.091667
14 0.551042 0.203241 0.032292 0.106481
19 0.541146 0.231019 0.023958 0.082407
10 0.478646 0.304630 0.077083 0.153704
11 0.423438 0.388426 0.094792 0.165741
0 0.513021 0.122222 0.020833 0.074074
1 0.482292 0.129167 0.067708 0.087963
16 0.504167 0.201852 0.010417 0.018519
3 0.365625 0.334259 0.105208 0.040741
2 0.404687 0.286111 0.089583 0.040741
