29 0.192448 0.187153 0.113021 0.225694
22 0.269271 0.176389 0.150000 0.180556
30 0.342969 0.036111 0.079687 0.072222
17 0.435417 0.107639 0.071875 0.058333
24 0.411719 0.221528 0.168229 0.158333
16 0.688802 0.057292 0.018229 0.020139
27 0.662760 0.117014 0.163021 0.234028
28 0.775521 0.265278 0.093750 0.134722
26 0.899219 0.251042 0.174479 0.218750
13 0.965104 0.378472 0.069792 0.097222
12 0.969531 0.475694 0.060937 0.133333
14 0.691146 0.305556 0.103125 0.137500
19 0.662760 0.342708 0.089063 0.120139
14 0.820573 0.457292 0.135937 0.160417
19 0.776563 0.510069 0.093750 0.096528
10 0.893229 0.564931 0.138542 0.168750
2 0.865885 0.779861 0.051562 0.172222
31 0.868750 0.607292 0.123958 0.065972
16 0.630208 0.555208 0.027083 0.027083
16 0.625781 0.581250 0.024479 0.031944
16 0.644531 0.587500 0.018229 0.038889
16 0.661198 0.571181 0.022396 0.035417
16 0.678125 0.575000 0.017708 0.037500
16 0.613802 0.653125 0.019271 0.040972
16 0.670312 0.620833 0.021875 0.034722
16 0.718229 0.593056 0.021875 0.030556
16 0.730469 0.645139 0.026562 0.027778
16 0.694271 0.683333 0.020833 0.027778
16 0.779427 0.666319 0.023438 0.022917
16 0.812240 0.678819 0.015104 0.034028
16 0.824479 0.644444 0.020833 0.022222
21 0.698698 0.643056 0.244271 0.195833
1 0.936979 0.722569 0.126042 0.390972
0 0.456250 0.694792 0.257292 0.293750
