0 0.440365 0.856944 0.268229 0.265278
25 0.601562 0.826042 0.230208 0.235417
1 0.732812 0.849306 0.193750 0.293056
24 0.601562 0.732986 0.166667 0.172917
2 0.824479 0.816667 0.089583 0.315278
3 0.870052 0.815625 0.055729 0.304861
4 0.996354 0.603125 0.007292 0.049306
5 0.984115 0.655208 0.031771 0.131250
11 0.907292 0.578819 0.128125 0.207639
10 0.813021 0.521181 0.162500 0.204861
12 0.910937 0.429514 0.104167 0.142361
13 0.969531 0.486111 0.060937 0.141667
13 0.890885 0.342361 0.093229 0.102778
19 0.727865 0.410764 0.069271 0.107639
14 0.751823 0.352431 0.090104 0.161806
16 0.696615 0.356597 0.020313 0.024306
16 0.685677 0.371181 0.017188 0.020139
16 0.651302 0.360417 0.015104 0.022222
16 0.640104 0.382292 0.015625 0.021528
16 0.602344 0.342708 0.016146 0.020139
16 0.615104 0.347222 0.014583 0.022222
31 0.602083 0.368750 0.018750 0.029167
16 0.548177 0.354167 0.015104 0.023611
16 0.505469 0.340972 0.016146 0.020833
16 0.512500 0.320139 0.017708 0.023611
16 0.514844 0.299306 0.019271 0.026389
16 0.527865 0.301736 0.017188 0.027083
16 0.539844 0.304861 0.015104 0.029167
16 0.553906 0.309375 0.017188 0.027083
21 0.595313 0.370833 0.219792 0.144444
28 0.640625 0.270139 0.094792 0.116667
26 0.762240 0.227083 0.159896 0.233333
16 0.514062 0.127083 0.012500 0.023611
27 0.522135 0.140278 0.140104 0.280556
19 0.416927 0.325347 0.050521 0.121528
14 0.405208 0.261458 0.061458 0.192361
17 0.330729 0.210417 0.059375 0.054167
30 0.264062 0.168056 0.066667 0.054167
22 0.199740 0.280556 0.119271 0.130556
29 0.144531 0.296528 0.088021 0.170833
34 0.358333 0.551389 0.088542 0.184722
