0 0.330729 0.901042 0.156250 0.199306
1 0.647917 0.602083 0.150000 0.225000
19 0.580990 0.549306 0.082812 0.115278
14 0.607552 0.515278 0.099479 0.131944
14 0.455469 0.599306 0.064062 0.123611
19 0.440885 0.636458 0.057813 0.093750
16 0.449479 0.735417 0.029167 0.025000
16 0.448698 0.778472 0.019271 0.038889
16 0.466406 0.779514 0.022396 0.034028
16 0.481771 0.732639 0.019792 0.031944
16 0.501042 0.731597 0.020833 0.034028
16 0.519792 0.778819 0.019792 0.036806
31 0.539844 0.823264 0.020313 0.039583
16 0.566927 0.777083 0.025521 0.029167
16 0.550521 0.732986 0.018750 0.036806
16 0.680729 0.726736 0.018750 0.021528
16 0.672396 0.767014 0.018750 0.020139
21 0.557292 0.779861 0.264583 0.126389
3 0.842708 0.769792 0.038542 0.029861
5 0.947135 0.709028 0.079687 0.208333
4 0.960156 0.673958 0.069271 0.189583
11 0.867448 0.682986 0.124479 0.153472
10 0.782552 0.631597 0.161979 0.150694
13 0.908333 0.501042 0.067708 0.131250
12 0.843750 0.469792 0.103125 0.120139
13 0.816927 0.383681 0.093229 0.096528
26 0.710417 0.314931 0.156250 0.228472
28 0.572917 0.391319 0.102083 0.128472
16 0.448698 0.278819 0.022396 0.059028
16 0.441146 0.223958 0.020833 0.020139
27 0.429167 0.231944 0.168750 0.341667
24 0.219271 0.498958 0.151042 0.125694
17 0.226823 0.373264 0.065104 0.078472
30 0.139063 0.329167 0.076042 0.077778
22 0.092448 0.501389 0.119271 0.183333
29 0.032813 0.535764 0.065625 0.249306
16 0.603906 0.817014 0.021354 0.036806
