29 0.666146 0.082407 0.075000 0.046296
23 0.661979 0.115741 0.059375 0.059259
24 0.729427 0.171759 0.050521 0.078704
30 0.639062 0.168056 0.025000 0.056481
14 0.625260 0.161574 0.019271 0.089815
14 0.572917 0.286111 0.022917 0.107407
19 0.617448 0.193056 0.025521 0.075000
19 0.566927 0.312963 0.024479 0.085185
17 0.710677 0.211574 0.028646 0.054630
27 0.746094 0.216667 0.152604 0.205556
16 0.583073 0.196296 0.008854 0.012963
16 0.578646 0.204167 0.008333 0.013889
16 0.574740 0.212037 0.008854 0.014815
16 0.573438 0.189815 0.008333 0.012963
16 0.569792 0.193519 0.007292 0.007407
16 0.567448 0.198148 0.008854 0.009259
16 0.560937 0.207870 0.008333 0.010185
16 0.566667 0.225926 0.009375 0.012963
16 0.554688 0.219444 0.009375 0.011111
16 0.539844 0.246296 0.006771 0.014815
16 0.545833 0.235185 0.007292 0.012963
16 0.529687 0.262500 0.007292 0.010185
31 0.551042 0.200000 0.007292 0.018519
21 0.552865 0.244907 0.069271 0.117593
17 0.479687 0.186111 0.019792 0.031481
17 0.489583 0.191667 0.021875 0.033333
17 0.496094 0.194907 0.021354 0.034259
17 0.502604 0.200463 0.019792 0.032407
17 0.508854 0.203241 0.021875 0.034259
17 0.515885 0.207870 0.021354 0.034259
22 0.497917 0.209259 0.066667 0.068519
0 0.496094 0.150926 0.031771 0.064815
18 0.486198 0.253241 0.035937 0.015741
18 0.476562 0.275000 0.022917 0.024074
26 0.645052 0.338426 0.101562 0.221296
16 0.674219 0.441667 0.025521 0.022222
12 0.506250 0.316667 0.071875 0.131481
13 0.461719 0.381481 0.080729 0.124074
10 0.464323 0.500000 0.101562 0.179630
11 0.381510 0.580093 0.118229 0.199074
13 0.426563 0.662500 0.106250 0.173148
2 0.296615 0.512037 0.120313 0.053704
3 0.333594 0.475000 0.107813 0.077778
4 0.417187 0.302315 0.107292 0.056481
5 0.592187 0.109259 0.064583 0.218519
9 0.626042 0.213426 0.012500 0.063889
1 0.553385 0.038889 0.082812 0.077778
