29 0.051823 0.312500 0.080729 0.195833
22 0.107552 0.283333 0.115104 0.152778
30 0.164844 0.151389 0.071354 0.069444
17 0.233854 0.184028 0.062500 0.069444
24 0.212760 0.277778 0.140104 0.104167
16 0.445312 0.072222 0.029167 0.051389
27 0.417448 0.100347 0.158854 0.200694
28 0.552865 0.205208 0.100521 0.122917
26 0.705990 0.144097 0.160938 0.239583
13 0.840104 0.252083 0.098958 0.100000
13 0.936198 0.393056 0.083854 0.147222
12 0.862500 0.339236 0.113542 0.147917
4 0.976302 0.570486 0.047396 0.167361
5 0.961198 0.628819 0.077604 0.253472
3 0.842448 0.784375 0.074479 0.281250
2 0.708594 0.679861 0.029687 0.102778
11 0.880469 0.550694 0.109896 0.172222
32 0.661198 0.463542 0.055729 0.053472
10 0.746615 0.494792 0.178646 0.189583
16 0.620313 0.525347 0.025000 0.029861
16 0.605469 0.558333 0.022396 0.027778
16 0.559896 0.551389 0.018750 0.025000
16 0.516927 0.586111 0.025521 0.031944
21 0.497135 0.546528 0.264062 0.173611
33 0.514583 0.446528 0.065625 0.077778
0 0.411458 0.567361 0.239583 0.345833
1 0.746875 0.592708 0.184375 0.403472
19 0.560417 0.459375 0.072917 0.097917
14 0.589063 0.394444 0.100000 0.205556
14 0.376563 0.340278 0.059375 0.151389
19 0.386198 0.386806 0.057813 0.118056
