4 0.534635 0.812037 0.121354 0.275926
5 0.471615 0.754630 0.126562 0.290741
13 0.605990 0.579167 0.071354 0.162037
3 0.325781 0.622685 0.113021 0.202778
11 0.430208 0.534259 0.100000 0.188889
2 0.325781 0.529167 0.072396 0.189815
16 0.333594 0.375463 0.009896 0.012037
16 0.349219 0.371759 0.008854 0.012037
16 0.325781 0.318519 0.010937 0.014815
16 0.315365 0.331481 0.008854 0.014815
16 0.294531 0.317130 0.008854 0.015741
16 0.319010 0.300463 0.011979 0.012037
16 0.316146 0.295833 0.008333 0.013889
16 0.311719 0.288426 0.007812 0.015741
16 0.301302 0.294907 0.007812 0.015741
21 0.323437 0.355556 0.069792 0.137037
19 0.361719 0.322685 0.029687 0.078704
19 0.337500 0.266667 0.021875 0.077778
14 0.355990 0.276389 0.029687 0.126852
14 0.331771 0.225000 0.025000 0.061111
1 0.266406 0.312037 0.061979 0.127778
0 0.235677 0.298611 0.045312 0.087963
17 0.377865 0.165741 0.032813 0.020370
24 0.342187 0.193056 0.056250 0.069444
22 0.315365 0.156481 0.063021 0.070370
29 0.293750 0.144444 0.070833 0.066667
30 0.370833 0.121296 0.032292 0.044444
10 0.392708 0.406019 0.082292 0.143519
12 0.563802 0.474537 0.083854 0.154630
13 0.608333 0.428241 0.081250 0.137963
26 0.517708 0.256019 0.086458 0.193519
28 0.454427 0.268056 0.048438 0.087963
16 0.449219 0.137963 0.008854 0.014815
27 0.455469 0.137500 0.079687 0.206481
16 0.351823 0.377778 0.004687 0.009259
