16 0.636458 0.904861 0.028125 0.030556
16 0.630990 0.931597 0.023438 0.034028
16 0.651823 0.932986 0.021354 0.040972
16 0.668490 0.912847 0.024479 0.034028
16 0.684635 0.911458 0.018229 0.039583
16 0.675781 0.959028 0.027604 0.037500
16 0.723958 0.921528 0.021875 0.038889
21 0.662240 0.944097 0.151562 0.111806
0 0.457552 0.938889 0.166146 0.120833
30 0.339583 0.325694 0.080208 0.083333
29 0.192708 0.498958 0.112500 0.252083
24 0.411458 0.549306 0.168750 0.173611
22 0.269271 0.494792 0.148958 0.209028
17 0.431771 0.410764 0.069792 0.070139
31 0.681250 0.334375 0.034375 0.061806
16 0.696615 0.396181 0.016146 0.053472
27 0.655990 0.351736 0.160938 0.352083
1 0.738021 0.371528 0.114583 0.170833
27 0.747917 0.536806 0.053125 0.122222
26 0.901823 0.494444 0.151562 0.205556
11 0.971615 0.896875 0.056771 0.140972
10 0.943229 0.819097 0.060417 0.107639
12 0.967969 0.688194 0.064062 0.129167
13 0.961979 0.590972 0.076042 0.101389
14 0.692448 0.640278 0.102604 0.113889
19 0.661719 0.669097 0.085938 0.107639
