1 0.433073 0.063889 0.093229 0.127778
5 0.480208 0.103704 0.060417 0.098148
9 0.488802 0.155556 0.041146 0.033333
3 0.446094 0.715741 0.129688 0.201852
2 0.465625 0.798611 0.119792 0.250926
11 0.560417 0.639352 0.097917 0.212037
13 0.628385 0.590278 0.078646 0.160185
10 0.546094 0.479167 0.080729 0.149074
13 0.447396 0.475926 0.085417 0.148148
12 0.408594 0.393981 0.077604 0.130556
4 0.323958 0.525000 0.123958 0.166667
18 0.345833 0.428704 0.040625 0.044444
18 0.329948 0.414815 0.023438 0.053704
19 0.439844 0.326852 0.026562 0.083333
14 0.434896 0.298611 0.023958 0.095370
26 0.517969 0.256481 0.086979 0.196296
28 0.454688 0.268981 0.050000 0.087963
17 0.446615 0.154630 0.036979 0.024074
27 0.459635 0.138426 0.088021 0.197222
24 0.392708 0.139352 0.055208 0.043519
14 0.358073 0.170833 0.016146 0.025000
29 0.294271 0.144444 0.071875 0.066667
23 0.316667 0.164815 0.063542 0.066667
16 0.374219 0.330093 0.006771 0.012037
16 0.381510 0.346296 0.007812 0.011111
21 0.375000 0.350926 0.042708 0.090741
16 0.544271 0.290741 0.016667 0.031481
