29 0.036198 0.429861 0.072396 0.190278
23 0.086198 0.439236 0.123438 0.156250
24 0.213281 0.299306 0.119271 0.094444
30 0.232813 0.479514 0.088542 0.095139
14 0.340625 0.460417 0.045833 0.133333
14 0.623437 0.531944 0.078125 0.109722
19 0.338021 0.500000 0.048958 0.102778
19 0.603385 0.561806 0.068229 0.095833
17 0.422917 0.281944 0.064583 0.048611
16 0.374740 0.588889 0.017188 0.031944
16 0.403906 0.597917 0.018229 0.030556
16 0.420573 0.602083 0.017188 0.029167
16 0.461979 0.618403 0.016667 0.032639
16 0.368490 0.623611 0.017188 0.030556
16 0.384896 0.629861 0.016667 0.031944
16 0.401042 0.634375 0.016667 0.032639
16 0.430729 0.642361 0.018750 0.030556
16 0.459375 0.653472 0.016667 0.031944
16 0.504687 0.664583 0.025000 0.023611
16 0.533333 0.671181 0.019792 0.024306
16 0.584375 0.651042 0.022917 0.022917
16 0.571094 0.681250 0.020313 0.029167
31 0.424479 0.679861 0.027083 0.027778
21 0.465365 0.667708 0.249479 0.159028
27 0.407552 0.252778 0.141146 0.304167
28 0.523177 0.442014 0.097396 0.124306
26 0.673177 0.391319 0.158854 0.214583
17 0.436719 0.810417 0.100521 0.036111
17 0.433333 0.840972 0.102083 0.033333
17 0.429427 0.871181 0.092188 0.032639
17 0.427344 0.901042 0.104688 0.031250
17 0.423698 0.931597 0.106771 0.031250
17 0.419010 0.978472 0.097396 0.031944
18 0.540885 0.857986 0.052604 0.099306
18 0.588802 0.845486 0.019271 0.115972
0 0.294271 0.951736 0.129167 0.097917
22 0.423958 0.889931 0.130208 0.220139
10 0.806250 0.610069 0.081250 0.136806
13 0.753906 0.724306 0.101562 0.131944
12 0.657552 0.692708 0.142187 0.154861
4 0.677083 0.903472 0.061458 0.194444
9 0.722917 0.320833 0.047917 0.025000
5 0.858333 0.253819 0.283333 0.146528
1 0.928125 0.282986 0.132292 0.247917
