24 0.658333 0.709375 0.190625 0.172917
25 0.652604 0.698611 0.168750 0.170833
2 0.870313 0.731944 0.069792 0.340278
3 0.936719 0.751389 0.086979 0.293056
10 0.868750 0.461111 0.163542 0.219444
11 0.943490 0.541319 0.113021 0.217361
12 0.954427 0.387500 0.091146 0.147222
13 0.939323 0.297917 0.098437 0.105556
14 0.797656 0.343056 0.080729 0.125000
19 0.777344 0.380556 0.072396 0.109722
26 0.805729 0.188889 0.160417 0.241667
28 0.682552 0.239931 0.096354 0.120139
16 0.544531 0.104167 0.013021 0.025000
16 0.555990 0.279861 0.018229 0.025000
16 0.569792 0.281597 0.015625 0.025694
16 0.581771 0.284028 0.014583 0.026389
16 0.596094 0.287847 0.016146 0.025694
16 0.554688 0.303125 0.017708 0.022917
16 0.550781 0.325694 0.015104 0.020833
16 0.592969 0.334375 0.014063 0.024306
16 0.647656 0.319097 0.015104 0.020139
16 0.660677 0.322222 0.014063 0.022222
16 0.698958 0.334375 0.015625 0.022917
16 0.688542 0.358333 0.015625 0.023611
16 0.734115 0.343750 0.017188 0.020833
16 0.744271 0.326736 0.020833 0.024306
31 0.649219 0.346181 0.016146 0.029861
21 0.643490 0.347917 0.225521 0.137500
19 0.459115 0.285417 0.048438 0.118056
14 0.453385 0.246875 0.044271 0.145139
27 0.554948 0.130556 0.139063 0.261111
30 0.291667 0.171181 0.065625 0.060417
17 0.362760 0.205903 0.058854 0.059028
22 0.234896 0.288194 0.113542 0.136111
29 0.179948 0.311458 0.079687 0.178472
34 0.256510 0.697569 0.023438 0.229861
0 0.508333 0.802778 0.188542 0.313889
1 0.776302 0.738542 0.185938 0.260417
34 0.011198 0.206250 0.021354 0.045833
