21 0.568750 0.517708 0.320833 0.202083
29 0.041146 0.159375 0.082292 0.232639
22 0.097917 0.125000 0.146875 0.180556
24 0.232031 0.130556 0.176563 0.126389
17 0.260417 0.026389 0.077083 0.052778
14 0.512760 0.130556 0.077604 0.181944
19 0.495312 0.186111 0.076042 0.143056
27 0.504427 0.038194 0.168229 0.076389
28 0.650521 0.094444 0.113542 0.140278
26 0.799219 0.095139 0.196354 0.190278
13 0.910156 0.214583 0.095312 0.122222
12 0.928906 0.311806 0.103646 0.158333
13 0.975260 0.381944 0.049479 0.147222
11 0.916406 0.520833 0.136979 0.188889
10 0.823177 0.403472 0.180729 0.218056
3 0.885938 0.723611 0.078125 0.255556
2 0.815104 0.711458 0.087500 0.309028
14 0.695312 0.268056 0.136458 0.230556
19 0.653646 0.345486 0.101042 0.134028
16 0.452865 0.416667 0.035937 0.030556
16 0.494531 0.430208 0.028646 0.040972
16 0.517708 0.431250 0.021875 0.041667
16 0.577344 0.450347 0.022396 0.042361
16 0.448437 0.446875 0.030208 0.036806
16 0.473698 0.450694 0.021354 0.044444
16 0.510417 0.485764 0.030208 0.039583
16 0.436458 0.531250 0.023958 0.045833
16 0.592969 0.497222 0.024479 0.018056
16 0.730990 0.498264 0.024479 0.027083
16 0.665365 0.526389 0.022396 0.025000
16 0.714323 0.541667 0.022396 0.038889
32 0.552604 0.554861 0.025000 0.034722
33 0.522135 0.659375 0.041146 0.063194
1 0.620313 0.659028 0.179167 0.309722
0 0.446875 0.762500 0.223958 0.291667
5 0.989583 0.611806 0.020833 0.238889
