33 0.541146 0.315972 0.079167 0.070833
0 0.411719 0.408333 0.315104 0.429167
14 0.571094 0.357986 0.084896 0.239583
19 0.564063 0.442361 0.072917 0.112500
16 0.601823 0.509375 0.030729 0.034028
16 0.583594 0.549653 0.031771 0.031250
16 0.529427 0.546528 0.026562 0.031944
16 0.450000 0.539236 0.032292 0.029861
16 0.487760 0.587153 0.022396 0.039583
21 0.501042 0.556597 0.235417 0.142361
32 0.648698 0.534375 0.034896 0.028472
1 0.733854 0.666319 0.163542 0.371528
3 0.863021 0.777083 0.101042 0.308333
5 0.980990 0.496181 0.038021 0.097917
10 0.769531 0.419444 0.199479 0.220833
11 0.890625 0.514236 0.171875 0.192361
13 0.963802 0.324653 0.072396 0.167361
13 0.858854 0.170139 0.114583 0.111111
12 0.887240 0.270486 0.129688 0.160417
26 0.689844 0.103472 0.170313 0.206944
28 0.528906 0.161458 0.105729 0.132639
16 0.401562 0.053819 0.031250 0.059028
27 0.385677 0.094097 0.175521 0.188194
17 0.204427 0.193750 0.060937 0.076389
30 0.139063 0.173958 0.069792 0.077083
24 0.185938 0.294792 0.133333 0.122917
22 0.089583 0.314583 0.107292 0.162500
29 0.039844 0.351736 0.069271 0.202083
14 0.314583 0.313194 0.061458 0.102778
19 0.321354 0.350000 0.027083 0.047222
2 0.815104 0.811458 0.087500 0.184028
