22 0.027344 0.372222 0.054688 0.144444
30 0.055469 0.244097 0.066146 0.070139
17 0.119010 0.270486 0.058854 0.067361
16 0.302604 0.136458 0.015625 0.022917
16 0.280208 0.315278 0.013542 0.025000
16 0.293229 0.316319 0.014583 0.024306
16 0.305729 0.317014 0.012500 0.025694
16 0.319271 0.317361 0.014583 0.027778
16 0.277083 0.340625 0.017708 0.025694
16 0.270052 0.368403 0.016146 0.021528
16 0.296615 0.367014 0.016146 0.024306
16 0.365885 0.341319 0.015104 0.021528
16 0.380990 0.342014 0.015104 0.021528
16 0.420052 0.346528 0.015104 0.023611
16 0.407552 0.370833 0.016146 0.019444
16 0.471094 0.328819 0.020313 0.022917
16 0.459896 0.348958 0.017708 0.020139
31 0.364844 0.369097 0.018229 0.028472
21 0.371875 0.368403 0.228125 0.097917
27 0.297656 0.147917 0.135937 0.295833
28 0.423698 0.250694 0.091146 0.112500
26 0.543229 0.185764 0.142708 0.229861
13 0.704167 0.260764 0.096875 0.092361
12 0.709115 0.328472 0.072396 0.101389
13 0.820052 0.393750 0.061979 0.109722
4 0.881250 0.564583 0.088542 0.205556
5 0.855990 0.594444 0.114062 0.227778
14 0.528906 0.305903 0.064062 0.177083
19 0.513281 0.369444 0.056771 0.104167
14 0.193750 0.328819 0.063542 0.135417
19 0.209635 0.364583 0.063021 0.122222
25 0.367188 0.473958 0.147917 0.142361
6 0.610156 0.593056 0.016146 0.023611
10 0.615885 0.506597 0.153646 0.278472
0 0.512240 0.457292 0.125521 0.178472
2 0.711979 0.446528 0.215625 0.311111
1 0.728125 0.486111 0.147917 0.323611
24 0.414583 0.619097 0.160417 0.134028
34 0.113021 0.729861 0.067708 0.208333
