31 0.655208 0.419792 0.055208 0.039583
2 0.689063 0.657986 0.026042 0.093750
3 0.852604 0.783333 0.102083 0.297222
1 0.747917 0.564583 0.179167 0.425000
10 0.753646 0.496528 0.203125 0.195833
11 0.884896 0.531597 0.145833 0.182639
5 0.971875 0.583681 0.056250 0.225694
4 0.987500 0.500694 0.025000 0.101389
13 0.844531 0.205903 0.108854 0.102083
13 0.953906 0.352778 0.089063 0.159722
12 0.871094 0.301042 0.123438 0.152083
26 0.689323 0.117708 0.166146 0.235417
16 0.608073 0.522917 0.026562 0.030556
16 0.590365 0.560417 0.026562 0.031944
16 0.538281 0.555208 0.026562 0.031250
16 0.494271 0.597917 0.021875 0.038889
16 0.461719 0.545486 0.031771 0.028472
16 0.447396 0.498264 0.020833 0.039583
16 0.406771 0.540278 0.022917 0.036111
21 0.478385 0.566667 0.285938 0.147222
30 0.137760 0.175694 0.069271 0.076389
17 0.205208 0.198958 0.062500 0.074306
24 0.186198 0.298611 0.138021 0.116667
22 0.083854 0.314236 0.112500 0.160417
29 0.034896 0.349306 0.069792 0.204167
16 0.364583 0.053125 0.022917 0.053472
27 0.377604 0.095139 0.172917 0.190278
28 0.531510 0.177778 0.102604 0.112500
19 0.344531 0.363889 0.053646 0.068056
14 0.330469 0.334028 0.063021 0.127778
19 0.548177 0.433333 0.069271 0.108333
14 0.561719 0.349306 0.066146 0.213889
0 0.457031 0.360417 0.267188 0.334722
