31 0.536458 0.573958 0.076042 0.067361
0 0.454427 0.665625 0.226562 0.325694
16 0.728906 0.496181 0.027604 0.032639
16 0.707552 0.539931 0.028646 0.047917
16 0.659635 0.524653 0.031771 0.034028
16 0.613542 0.562153 0.029167 0.034028
16 0.580990 0.502431 0.027604 0.045139
16 0.566927 0.446181 0.023438 0.045139
16 0.507292 0.428819 0.022917 0.045139
16 0.484115 0.425694 0.029687 0.041667
16 0.444010 0.413194 0.036979 0.030556
16 0.461458 0.445486 0.023958 0.045139
16 0.439063 0.441319 0.032292 0.035417
16 0.499479 0.481250 0.028125 0.043056
21 0.568750 0.515625 0.322917 0.209028
6 0.638281 0.595139 0.183854 0.047222
2 0.846875 0.595833 0.306250 0.137500
11 0.934635 0.493750 0.130729 0.154167
10 0.835938 0.397569 0.192708 0.231250
12 0.951823 0.304514 0.096354 0.168750
13 0.939844 0.202778 0.101562 0.127778
14 0.671615 0.239583 0.111979 0.247222
19 0.640885 0.327083 0.093229 0.137500
19 0.495312 0.191319 0.064583 0.142361
14 0.507552 0.140625 0.063021 0.188194
27 0.505990 0.039583 0.165104 0.079167
28 0.657031 0.088194 0.114062 0.136111
26 0.810417 0.091667 0.197917 0.183333
30 0.198437 0.021528 0.078125 0.043056
17 0.278646 0.038542 0.073958 0.072917
24 0.251823 0.147569 0.163021 0.121528
22 0.130990 0.147917 0.133854 0.170833
29 0.067708 0.181250 0.095833 0.218056
