16 0.636719 0.563542 0.027604 0.031250
16 0.482292 0.540972 0.020833 0.037500
16 0.569531 0.598958 0.029687 0.034028
16 0.619531 0.605208 0.026562 0.040972
16 0.530208 0.639583 0.022917 0.038889
16 0.498698 0.587500 0.022396 0.037500
16 0.426302 0.584375 0.020313 0.025694
21 0.509115 0.606944 0.277604 0.145833
33 0.522917 0.371875 0.075000 0.060417
31 0.670312 0.528472 0.073958 0.033333
19 0.558073 0.445139 0.067187 0.115278
14 0.580469 0.363542 0.064062 0.221528
0 0.414844 0.470139 0.255729 0.337500
1 0.736458 0.646528 0.153125 0.372222
2 0.803125 0.821528 0.069792 0.188889
3 0.857031 0.782639 0.088021 0.313889
4 0.990104 0.523611 0.019792 0.081944
5 0.974479 0.596875 0.051042 0.188194
11 0.878646 0.539583 0.160417 0.187500
10 0.745833 0.452778 0.184375 0.195833
13 0.852865 0.245139 0.104688 0.102778
13 0.957292 0.389236 0.085417 0.152083
12 0.879687 0.338542 0.118750 0.147917
26 0.696354 0.151389 0.162500 0.250000
28 0.565104 0.213194 0.100000 0.120833
19 0.414583 0.301736 0.043750 0.063194
14 0.407813 0.272569 0.051042 0.121528
16 0.454948 0.109375 0.030729 0.053472
27 0.431510 0.119097 0.149479 0.238194
17 0.242448 0.218403 0.060937 0.068750
30 0.175521 0.192361 0.067708 0.069444
24 0.221094 0.316667 0.135937 0.112500
22 0.121615 0.320139 0.110937 0.150000
29 0.068229 0.349306 0.079167 0.190278
