17 0.314063 0.252778 0.037500 0.075926
30 0.242708 0.204630 0.056250 0.070370
29 0.213281 0.401389 0.038021 0.200926
22 0.247135 0.373611 0.067187 0.143519
24 0.325260 0.370833 0.081771 0.100926
16 0.447917 0.164352 0.010417 0.026852
27 0.429427 0.139815 0.120313 0.279630
28 0.528125 0.244444 0.061458 0.114815
26 0.614583 0.185648 0.109375 0.202778
19 0.451823 0.407407 0.027604 0.048148
19 0.517188 0.479630 0.022917 0.050000
14 0.444010 0.394444 0.024479 0.048148
14 0.526563 0.460648 0.028125 0.080556
13 0.756510 0.210185 0.094271 0.125926
13 0.835417 0.351852 0.086458 0.157407
12 0.753906 0.319907 0.096354 0.121296
4 0.852865 0.565741 0.047396 0.233333
5 0.816406 0.591204 0.079687 0.234259
11 0.701042 0.525463 0.101042 0.119444
10 0.615885 0.486111 0.086979 0.105556
3 0.673177 0.688426 0.043229 0.213889
2 0.623177 0.668519 0.065104 0.196296
33 0.508594 0.525463 0.013021 0.023148
16 0.555990 0.557407 0.011979 0.014815
16 0.547917 0.582407 0.009375 0.020370
16 0.526042 0.582407 0.012500 0.018519
16 0.509375 0.607407 0.010417 0.022222
16 0.496875 0.577778 0.009375 0.024074
16 0.442448 0.548148 0.011979 0.016667
16 0.441667 0.563426 0.008333 0.021296
0 0.467708 0.590741 0.080208 0.164815
32 0.548698 0.611574 0.016146 0.026852
1 0.572917 0.656944 0.055208 0.141667
21 0.498698 0.577778 0.129688 0.075926
