29 0.596875 0.610185 0.082292 0.150000
30 0.478646 0.701389 0.062500 0.113889
22 0.554948 0.589352 0.096354 0.152778
24 0.497917 0.522222 0.087500 0.122222
17 0.450521 0.591667 0.052083 0.027778
28 0.331771 0.397222 0.057292 0.074074
16 0.332031 0.423611 0.013021 0.017593
27 0.312760 0.477315 0.165104 0.189815
26 0.278906 0.318056 0.094271 0.180556
13 0.231250 0.292593 0.029167 0.088889
13 0.273698 0.217593 0.055729 0.048148
4 0.332292 0.189815 0.064583 0.055556
5 0.355208 0.197222 0.064583 0.064815
11 0.371094 0.235648 0.055729 0.093519
10 0.391146 0.273148 0.059375 0.114815
14 0.431250 0.359259 0.021875 0.098148
19 0.436198 0.389815 0.027604 0.081481
19 0.429688 0.322222 0.023958 0.070370
14 0.417448 0.283796 0.034896 0.073148
16 0.510156 0.328241 0.007812 0.017593
16 0.477604 0.292593 0.008333 0.012963
16 0.451562 0.281019 0.007292 0.012037
16 0.440365 0.288426 0.008854 0.017593
16 0.444271 0.294444 0.005208 0.009259
16 0.460417 0.285185 0.008333 0.011111
16 0.474740 0.306944 0.011979 0.010185
16 0.469531 0.317593 0.008854 0.014815
16 0.490365 0.320833 0.005729 0.012037
16 0.479167 0.329167 0.009375 0.010185
16 0.484635 0.333796 0.007812 0.015741
16 0.492708 0.333796 0.007292 0.010185
16 0.497656 0.337500 0.007812 0.012037
16 0.491406 0.343056 0.009896 0.013889
16 0.463281 0.293056 0.009896 0.010185
21 0.476302 0.324537 0.083854 0.100926
31 0.453906 0.189815 0.007812 0.025926
1 0.457292 0.180093 0.047917 0.062037
0 0.482292 0.220833 0.077083 0.067593
2 0.441667 0.257407 0.022917 0.050000
3 0.426823 0.226389 0.042188 0.043519
