0 0.305729 0.346875 0.218750 0.539583
11 0.849219 0.548264 0.138021 0.210417
12 0.858073 0.397222 0.108854 0.141667
13 0.934115 0.450000 0.085938 0.143056
24 0.513021 0.717708 0.173958 0.171528
25 0.518750 0.553125 0.159375 0.159028
2 0.894010 0.769792 0.211979 0.143750
3 0.818229 0.753472 0.097917 0.291667
10 0.741667 0.495486 0.165625 0.202083
13 0.837240 0.309722 0.095312 0.098611
14 0.337500 0.323611 0.144792 0.309722
19 0.650781 0.510764 0.074479 0.114583
26 0.687760 0.207292 0.151562 0.232639
28 0.567448 0.257639 0.092188 0.113889
16 0.435937 0.131597 0.013542 0.021528
16 0.434115 0.296528 0.018229 0.022222
16 0.448177 0.297569 0.017188 0.020139
16 0.459375 0.303472 0.013542 0.023611
16 0.473177 0.303472 0.017188 0.025000
16 0.430729 0.317708 0.016667 0.021528
16 0.423177 0.340278 0.015104 0.020833
16 0.463281 0.349653 0.014063 0.022917
16 0.519010 0.332986 0.015104 0.020139
16 0.532552 0.336111 0.013021 0.020833
16 0.570312 0.346181 0.013542 0.021528
16 0.557292 0.369792 0.013542 0.022917
16 0.609375 0.356597 0.016667 0.017361
16 0.619531 0.338542 0.020313 0.021528
31 0.516406 0.357986 0.015104 0.025694
21 0.520052 0.362500 0.219271 0.126389
27 0.446875 0.139931 0.133333 0.279861
30 0.206771 0.194097 0.063542 0.057639
22 0.146615 0.304514 0.109896 0.127083
29 0.095573 0.325347 0.081771 0.165972
4 0.977344 0.615278 0.045312 0.148611
5 0.958073 0.652431 0.083854 0.196528
6 0.751823 0.696528 0.126562 0.066667
34 0.144531 0.625000 0.020313 0.091667
1 0.977604 0.918750 0.044792 0.158333
