25 0.527083 0.562153 0.142708 0.159028
5 0.951823 0.698611 0.088021 0.251389
13 0.835677 0.329861 0.093229 0.101389
0 0.665625 0.472569 0.234375 0.220139
11 0.842969 0.565972 0.133854 0.206944
12 0.854948 0.416319 0.105729 0.142361
13 0.927604 0.470833 0.083333 0.141667
24 0.516146 0.730556 0.169792 0.158333
2 0.939583 0.892708 0.120833 0.068750
3 0.804427 0.805556 0.059896 0.304167
10 0.738802 0.529861 0.161979 0.168056
14 0.685417 0.321875 0.060417 0.111806
26 0.693229 0.221875 0.154167 0.231250
28 0.572656 0.268750 0.093229 0.112500
16 0.445052 0.134375 0.013021 0.022917
16 0.441927 0.304167 0.018229 0.022222
16 0.454427 0.305208 0.016146 0.022917
16 0.466146 0.307639 0.013542 0.023611
16 0.480208 0.310764 0.015625 0.024306
16 0.438021 0.323958 0.016667 0.021528
16 0.430469 0.347917 0.015104 0.020833
16 0.468490 0.356597 0.014063 0.022917
16 0.524740 0.343403 0.015104 0.020139
16 0.538802 0.345833 0.013021 0.020833
16 0.576562 0.357986 0.013542 0.021528
16 0.561979 0.379514 0.013542 0.022917
16 0.612500 0.371181 0.016667 0.017361
16 0.623698 0.352431 0.020313 0.021528
31 0.523177 0.368403 0.015104 0.025694
21 0.522656 0.372222 0.217188 0.120833
27 0.455729 0.142361 0.135417 0.284722
30 0.211198 0.185417 0.064062 0.055556
22 0.149219 0.297222 0.113021 0.127778
29 0.097135 0.315625 0.083854 0.168750
4 0.972135 0.666667 0.055729 0.209722
6 0.853646 0.862500 0.079167 0.036111
34 0.315365 0.552778 0.080729 0.152778
17 0.273177 0.223611 0.057813 0.054167
19 0.350260 0.308681 0.048438 0.104861
14 0.340104 0.269792 0.041667 0.135417
