4 0.700521 0.258333 0.089583 0.033333
5 0.708854 0.286111 0.085417 0.031481
13 0.622396 0.245370 0.052083 0.057407
11 0.641927 0.302315 0.066146 0.086111
12 0.596615 0.272222 0.050521 0.077778
13 0.567969 0.259259 0.035937 0.072222
10 0.625000 0.344907 0.058333 0.117593
14 0.582031 0.326389 0.026562 0.119444
19 0.583854 0.364352 0.018750 0.069444
26 0.521354 0.285648 0.062500 0.162037
28 0.509115 0.375463 0.047396 0.078704
16 0.560156 0.372222 0.006771 0.016667
16 0.568490 0.379630 0.007812 0.012963
16 0.562240 0.392130 0.007812 0.013889
16 0.553906 0.406944 0.009896 0.010185
16 0.570052 0.402315 0.007812 0.012037
16 0.528125 0.428241 0.009375 0.012037
16 0.525521 0.434259 0.011458 0.009259
16 0.522396 0.438889 0.009375 0.011111
16 0.519010 0.446759 0.010937 0.012037
16 0.530990 0.451852 0.008854 0.012963
31 0.563802 0.418519 0.008854 0.018519
21 0.549219 0.430556 0.074479 0.114815
14 0.544792 0.459259 0.021875 0.100000
19 0.541146 0.493519 0.026042 0.075926
24 0.649219 0.465278 0.057813 0.093519
25 0.588281 0.459259 0.053646 0.085185
16 0.447656 0.362963 0.007812 0.020370
27 0.436458 0.373611 0.123958 0.217593
17 0.410156 0.562963 0.022396 0.062963
30 0.336979 0.629167 0.058333 0.095370
29 0.423438 0.768981 0.136458 0.119444
22 0.428646 0.692593 0.110417 0.144444
34 0.688542 0.595370 0.090625 0.081481
1 0.703906 0.545833 0.056771 0.097222
0 0.705990 0.702778 0.105729 0.127778
3 0.720573 0.365278 0.098437 0.062037
2 0.714063 0.379167 0.107292 0.058333
