0 0.384375 0.626736 0.169792 0.277083
1 0.619271 0.623611 0.159375 0.275000
17 0.501042 0.532986 0.096875 0.025694
18 0.504167 0.519097 0.092708 0.046528
17 0.507292 0.481250 0.120833 0.026389
17 0.508854 0.448264 0.118750 0.027083
17 0.510417 0.417014 0.115625 0.027083
17 0.511458 0.386458 0.114583 0.027083
17 0.511719 0.356944 0.113021 0.027778
22 0.507292 0.455556 0.126042 0.236111
16 0.390365 0.255903 0.018229 0.036806
16 0.407552 0.255903 0.018229 0.036806
16 0.425000 0.255208 0.018750 0.038194
16 0.459635 0.255208 0.022396 0.034028
16 0.493750 0.255556 0.018750 0.037500
16 0.492448 0.220486 0.018229 0.034028
16 0.443750 0.219792 0.020833 0.038194
16 0.426302 0.221528 0.021354 0.036111
31 0.455729 0.291319 0.028125 0.040972
16 0.545312 0.294444 0.019792 0.037500
16 0.580729 0.260764 0.021875 0.035417
16 0.628125 0.265278 0.026042 0.036111
16 0.639323 0.234375 0.026562 0.032639
21 0.515365 0.282639 0.289062 0.125000
4 0.778906 0.570486 0.080729 0.402083
5 0.883594 0.550000 0.108854 0.369444
3 0.978385 0.459028 0.043229 0.169444
2 0.995313 0.430556 0.009375 0.054167
13 0.870573 0.290972 0.140104 0.188889
11 0.967708 0.315972 0.064583 0.173611
10 0.923958 0.212153 0.141667 0.195139
12 0.974740 0.197569 0.050521 0.099306
12 0.736719 0.240278 0.169271 0.187500
19 0.649740 0.145486 0.070312 0.124306
14 0.666667 0.102778 0.072917 0.158333
26 0.687240 0.051736 0.125521 0.103472
28 0.544792 0.059375 0.105208 0.118750
27 0.395833 0.034722 0.147917 0.069444
14 0.326823 0.107639 0.060937 0.161111
19 0.346094 0.152083 0.068229 0.130556
30 0.239844 0.190972 0.092188 0.095833
24 0.199479 0.062153 0.116667 0.106250
23 0.099479 0.234028 0.102083 0.168056
29 0.039062 0.269444 0.075000 0.206944
16 0.393750 0.220833 0.021875 0.034722
