0 0.467448 0.635069 0.253646 0.384028
16 0.567448 0.557292 0.122396 0.086806
8 0.604427 0.587153 0.042188 0.025694
4 0.803125 0.590972 0.393750 0.131944
1 0.958854 0.664931 0.082292 0.357639
18 0.707031 0.587153 0.031771 0.140972
17 0.615885 0.584722 0.056771 0.038889
17 0.602083 0.517708 0.111458 0.065972
17 0.612500 0.480556 0.113542 0.072222
17 0.618490 0.445486 0.111979 0.072917
17 0.625000 0.410069 0.109375 0.075694
17 0.630469 0.377083 0.106771 0.076389
22 0.594010 0.477083 0.176563 0.298611
5 0.877083 0.619444 0.066667 0.211111
13 0.921094 0.452431 0.098437 0.184028
11 0.981510 0.496181 0.036979 0.071528
10 0.958333 0.398958 0.083333 0.175694
12 0.826562 0.380903 0.146875 0.213194
16 0.773958 0.303819 0.023958 0.027083
16 0.758073 0.329514 0.025521 0.036806
16 0.723437 0.301042 0.019792 0.028472
16 0.648438 0.210417 0.025000 0.040278
16 0.644010 0.248264 0.027604 0.038194
16 0.611979 0.229167 0.029167 0.038889
31 0.605990 0.270139 0.039062 0.044444
16 0.538021 0.187153 0.026042 0.043750
16 0.557292 0.196528 0.025000 0.043056
16 0.577344 0.207292 0.024479 0.043750
16 0.546354 0.147569 0.025000 0.040972
16 0.581771 0.168056 0.026042 0.043056
16 0.600521 0.180208 0.027083 0.039583
21 0.631771 0.277778 0.282292 0.270833
19 0.794792 0.216667 0.097917 0.112500
14 0.826562 0.185069 0.121875 0.121528
26 0.873958 0.088889 0.203125 0.177778
28 0.708333 0.069444 0.118750 0.138889
19 0.495312 0.054167 0.081250 0.108333
14 0.492708 0.036806 0.037500 0.073611
30 0.350521 0.031597 0.114583 0.063194
23 0.125000 0.025347 0.123958 0.050694
29 0.036719 0.046875 0.073438 0.093750
