29 0.249219 0.336458 0.085938 0.159028
22 0.305208 0.330903 0.113542 0.132639
30 0.365365 0.227431 0.061979 0.056250
17 0.432552 0.279167 0.056771 0.047222
16 0.633333 0.226736 0.015625 0.018750
16 0.603646 0.387153 0.012500 0.025694
16 0.615885 0.392708 0.014063 0.022917
16 0.626563 0.396181 0.013542 0.024306
16 0.638542 0.402083 0.013542 0.023611
16 0.601042 0.408333 0.015625 0.018056
16 0.594531 0.430903 0.014063 0.021528
16 0.620573 0.440278 0.016146 0.022222
16 0.680990 0.440625 0.013021 0.020139
16 0.693229 0.446528 0.013542 0.020833
16 0.725521 0.463542 0.013542 0.020139
16 0.715885 0.481944 0.014063 0.019444
16 0.766146 0.461458 0.017708 0.020139
16 0.757292 0.477083 0.016667 0.019444
31 0.680990 0.465972 0.016146 0.026389
21 0.671094 0.463889 0.196354 0.155556
27 0.615885 0.231250 0.136979 0.281944
28 0.721875 0.374306 0.086458 0.112500
26 0.835417 0.340625 0.152083 0.214583
14 0.824479 0.459722 0.089583 0.144444
19 0.800260 0.512153 0.066146 0.095139
14 0.560156 0.397569 0.052604 0.129861
19 0.546615 0.435069 0.054688 0.104861
25 0.665104 0.555903 0.128125 0.127083
24 0.689063 0.708333 0.142708 0.161111
13 0.944792 0.454514 0.084375 0.102083
12 0.957292 0.537153 0.085417 0.131250
11 0.950000 0.657292 0.100000 0.193750
10 0.867969 0.600694 0.146354 0.179167
3 0.927344 0.873611 0.042188 0.252778
2 0.886719 0.861111 0.054688 0.277778
34 0.371615 0.753819 0.023438 0.182639
0 0.278125 0.782639 0.089583 0.273611
1 0.453646 0.784722 0.219792 0.209722
34 0.065104 0.183681 0.035417 0.045139
