31 0.591146 0.579514 0.062500 0.029861
0 0.410156 0.728125 0.205729 0.302083
1 0.672135 0.683333 0.181771 0.318056
16 0.697656 0.515625 0.027604 0.028472
16 0.542448 0.472569 0.024479 0.040972
16 0.487500 0.460764 0.028125 0.039583
16 0.466406 0.455903 0.022396 0.042361
16 0.428646 0.447222 0.032292 0.027778
16 0.554688 0.528819 0.033333 0.034028
16 0.473698 0.557639 0.032813 0.036111
16 0.459635 0.500694 0.022396 0.043056
16 0.438542 0.496875 0.022917 0.042361
16 0.420312 0.493403 0.022917 0.040972
21 0.546615 0.534375 0.310937 0.182639
2 0.807813 0.732639 0.128125 0.268056
3 0.880469 0.792014 0.065104 0.279861
11 0.923958 0.556944 0.143750 0.176389
5 0.994010 0.552083 0.011979 0.088889
10 0.828906 0.478472 0.185938 0.206944
12 0.932031 0.326389 0.111979 0.161111
13 0.979688 0.390972 0.040625 0.155556
13 0.911719 0.229514 0.100521 0.115972
26 0.791146 0.112153 0.186458 0.224306
19 0.611719 0.403472 0.090104 0.120833
19 0.441927 0.347569 0.063021 0.124306
14 0.443229 0.290972 0.066667 0.166667
14 0.634115 0.316667 0.095312 0.240278
28 0.621615 0.144097 0.113021 0.138194
27 0.485417 0.064236 0.159375 0.128472
17 0.261198 0.098958 0.073438 0.075694
24 0.238281 0.207639 0.158854 0.118056
29 0.058073 0.248264 0.088021 0.222917
22 0.119271 0.213889 0.128125 0.175000
30 0.181510 0.064583 0.079687 0.077778
