0 0.483333 0.735764 0.228125 0.272917
16 0.592969 0.640625 0.058854 0.046528
1 0.673438 0.744097 0.154167 0.313194
31 0.577865 0.575347 0.023438 0.039583
16 0.488802 0.502083 0.021354 0.037500
16 0.508854 0.507292 0.027083 0.034028
16 0.564844 0.527431 0.029687 0.035417
16 0.617188 0.542361 0.028125 0.029167
16 0.603125 0.490625 0.022917 0.038194
16 0.551562 0.475694 0.027083 0.037500
16 0.532292 0.470139 0.020833 0.038889
16 0.497917 0.462153 0.031250 0.028472
16 0.745833 0.537153 0.027083 0.027083
16 0.731771 0.573611 0.026042 0.030556
21 0.603385 0.554861 0.293229 0.188889
19 0.508594 0.369097 0.061979 0.122917
14 0.521094 0.320486 0.060937 0.161806
29 0.134635 0.257292 0.091146 0.200694
22 0.195833 0.231250 0.125000 0.154167
24 0.312240 0.231944 0.152604 0.106944
17 0.333333 0.137847 0.066667 0.067361
30 0.257031 0.100000 0.075521 0.068056
16 0.547656 0.063194 0.024479 0.066667
27 0.545312 0.092361 0.151042 0.184722
28 0.674479 0.196528 0.107292 0.130556
26 0.827083 0.147569 0.172917 0.246528
19 0.793490 0.305556 0.077604 0.108333
14 0.818490 0.271181 0.090104 0.128472
13 0.944271 0.274306 0.096875 0.112500
12 0.955469 0.368750 0.089063 0.155556
10 0.875781 0.483681 0.172396 0.210417
11 0.945052 0.589931 0.109896 0.175694
2 0.866667 0.778472 0.089583 0.301389
3 0.920312 0.820833 0.064583 0.286111
