30 0.316146 0.201042 0.087500 0.084028
17 0.410417 0.287153 0.079167 0.074306
24 0.381771 0.436458 0.183333 0.186806
29 0.159375 0.390625 0.118750 0.263194
22 0.235677 0.381250 0.158854 0.215278
16 0.697917 0.229167 0.023958 0.022222
31 0.651042 0.244444 0.050000 0.055556
27 0.661458 0.223958 0.193750 0.374306
1 0.794271 0.180556 0.120833 0.229167
28 0.763281 0.437500 0.073438 0.144444
26 0.939844 0.397917 0.120313 0.201389
13 0.975260 0.526042 0.049479 0.110417
12 0.985677 0.634028 0.028646 0.140278
14 0.682552 0.547569 0.110937 0.118750
19 0.650260 0.577778 0.092188 0.112500
19 0.736198 0.735764 0.046354 0.077083
0 0.441406 0.910417 0.238021 0.179167
16 0.695052 0.861806 0.028646 0.043056
16 0.652604 0.846181 0.021875 0.043750
16 0.634375 0.845833 0.025000 0.038889
16 0.601823 0.832639 0.029687 0.029167
16 0.614844 0.865278 0.022396 0.047222
16 0.593490 0.859028 0.025521 0.037500
16 0.579688 0.935069 0.026042 0.043750
16 0.644792 0.903125 0.033333 0.039583
16 0.705208 0.911111 0.026042 0.038889
16 0.723958 0.960069 0.025000 0.040972
21 0.645573 0.890625 0.200521 0.161806
11 0.982552 0.851736 0.034896 0.142361
