0 0.528385 0.080093 0.031771 0.054630
29 0.665104 0.081019 0.076042 0.047222
22 0.665885 0.108333 0.061979 0.066667
14 0.608073 0.153704 0.019271 0.090741
19 0.601823 0.178704 0.023438 0.070370
30 0.732292 0.135185 0.029167 0.055556
17 0.697656 0.166204 0.025521 0.037963
27 0.727344 0.215278 0.136979 0.202778
16 0.623958 0.212963 0.010417 0.011111
16 0.621094 0.217130 0.007812 0.010185
16 0.617188 0.222685 0.008333 0.010185
16 0.611719 0.208796 0.008854 0.015741
16 0.602083 0.201852 0.008333 0.014815
16 0.597135 0.213889 0.007812 0.014815
16 0.594271 0.241667 0.007292 0.011111
16 0.591667 0.248611 0.008333 0.010185
16 0.573438 0.254630 0.008333 0.014815
16 0.581771 0.265278 0.008333 0.012037
16 0.571615 0.281944 0.007812 0.013889
16 0.579948 0.300000 0.007812 0.014815
31 0.584635 0.235648 0.014063 0.026852
25 0.555208 0.244444 0.055208 0.074074
24 0.501042 0.229167 0.062500 0.075000
14 0.561979 0.278704 0.034375 0.112963
19 0.551562 0.312963 0.025000 0.075926
21 0.593229 0.268981 0.065625 0.125000
2 0.409115 0.316204 0.096354 0.067593
3 0.388281 0.344444 0.082812 0.088889
10 0.498437 0.320370 0.076042 0.155556
11 0.452344 0.424537 0.099479 0.162037
5 0.316406 0.509722 0.147396 0.100926
4 0.294792 0.606019 0.139583 0.099074
26 0.642188 0.322685 0.093750 0.217593
12 0.497917 0.533796 0.096875 0.176852
13 0.558333 0.591204 0.102083 0.178704
13 0.430208 0.630556 0.094792 0.144444
34 0.530729 0.114815 0.030208 0.042593
1 0.507552 0.108333 0.055729 0.096296
16 0.707031 0.224074 0.010937 0.044444
