4 0.534635 0.811574 0.122396 0.276852
5 0.471354 0.755556 0.128125 0.292593
3 0.333854 0.605556 0.120833 0.185185
2 0.320573 0.529630 0.094271 0.181481
12 0.564323 0.474074 0.085938 0.157407
13 0.608073 0.429167 0.082812 0.141667
13 0.606250 0.579630 0.071875 0.164815
11 0.435417 0.524074 0.098958 0.190741
10 0.400000 0.388889 0.083333 0.148148
33 0.316146 0.226389 0.021875 0.025000
0 0.282552 0.216204 0.089063 0.080556
1 0.288021 0.335648 0.072917 0.162037
16 0.320833 0.362963 0.010417 0.014815
16 0.344010 0.380556 0.009896 0.014815
16 0.327865 0.384259 0.008854 0.016667
21 0.327344 0.382407 0.054688 0.107407
14 0.362240 0.287037 0.032813 0.120370
19 0.363802 0.328241 0.025521 0.073148
19 0.370052 0.254630 0.027604 0.075926
14 0.362500 0.226389 0.026042 0.089815
24 0.335677 0.194907 0.048438 0.071296
22 0.315365 0.155093 0.064062 0.067593
29 0.294010 0.144444 0.071354 0.066667
17 0.377865 0.165278 0.032813 0.021296
30 0.371094 0.121759 0.032813 0.047222
26 0.508073 0.250926 0.085938 0.196296
28 0.458073 0.268056 0.039062 0.087963
16 0.445052 0.171296 0.010937 0.037037
27 0.455208 0.143981 0.088542 0.212037
