0 0.387760 0.934028 0.143229 0.131944
16 0.435937 0.902431 0.037500 0.072917
17 0.499740 0.909375 0.096354 0.020139
17 0.499479 0.863542 0.105208 0.021528
17 0.499740 0.832986 0.103646 0.020139
17 0.499740 0.803819 0.101562 0.021528
17 0.499479 0.775347 0.101042 0.022917
17 0.499740 0.747569 0.097396 0.022917
18 0.612240 0.870486 0.055729 0.106250
22 0.497396 0.831944 0.114583 0.211111
16 0.397656 0.601389 0.017188 0.033333
16 0.428385 0.604167 0.018229 0.031944
16 0.444271 0.605208 0.016667 0.034028
16 0.488021 0.612847 0.019792 0.036806
16 0.397396 0.637153 0.016667 0.032639
31 0.459635 0.678125 0.021354 0.034028
16 0.560937 0.648958 0.018750 0.031250
16 0.600781 0.650694 0.022396 0.033333
16 0.610417 0.617361 0.020833 0.025000
21 0.500260 0.657292 0.251563 0.117361
12 0.688021 0.646875 0.148958 0.147917
13 0.794531 0.630556 0.107813 0.147222
5 0.793229 0.776042 0.052083 0.149306
10 0.816667 0.532639 0.077083 0.134722
4 0.844271 0.234722 0.262500 0.215278
1 0.900781 0.270486 0.127604 0.303472
26 0.661458 0.357292 0.144792 0.221528
14 0.632552 0.495139 0.070312 0.119444
19 0.615885 0.527083 0.066146 0.101389
28 0.525000 0.431944 0.095833 0.123611
17 0.404687 0.300000 0.059375 0.055556
27 0.391406 0.274306 0.136979 0.301389
19 0.353125 0.522917 0.052083 0.108333
14 0.346354 0.482639 0.046875 0.134722
30 0.244792 0.527778 0.089583 0.083333
24 0.202344 0.361111 0.116146 0.083333
23 0.092969 0.519097 0.113021 0.152083
29 0.036198 0.532639 0.072396 0.211111
16 0.412760 0.638194 0.017188 0.033333
16 0.428646 0.639931 0.017708 0.031250
16 0.459115 0.641319 0.021354 0.032639
16 0.488281 0.644097 0.017188 0.032639
