21 0.592708 0.450000 0.069792 0.127778
13 0.619010 0.222685 0.050521 0.028704
11 0.660417 0.252778 0.045833 0.075926
10 0.616927 0.266204 0.055729 0.095370
13 0.642188 0.325000 0.045833 0.085185
12 0.621094 0.365278 0.055729 0.099074
2 0.689063 0.275463 0.020833 0.026852
3 0.687760 0.292593 0.042188 0.035185
4 0.695052 0.386574 0.080729 0.049074
5 0.581771 0.091667 0.065625 0.183333
9 0.546094 0.183796 0.017188 0.049074
1 0.611979 0.063889 0.059375 0.127778
14 0.572917 0.337963 0.019792 0.094444
14 0.525781 0.447685 0.023438 0.106481
19 0.568490 0.362037 0.021354 0.068519
19 0.522917 0.475000 0.026042 0.085185
26 0.520833 0.277778 0.067708 0.159259
28 0.511979 0.382407 0.046875 0.079630
16 0.490365 0.322222 0.014063 0.027778
17 0.443229 0.369907 0.015625 0.047222
16 0.601042 0.384259 0.007292 0.014815
16 0.609896 0.393056 0.010417 0.012037
16 0.604427 0.405556 0.007812 0.012963
16 0.600781 0.415278 0.006771 0.012037
16 0.580990 0.429167 0.010937 0.012037
16 0.592708 0.434722 0.009375 0.010185
16 0.588281 0.445833 0.009896 0.012037
16 0.583594 0.456944 0.010937 0.010185
16 0.580990 0.464352 0.011979 0.010185
16 0.578125 0.472685 0.010417 0.012037
16 0.572917 0.446759 0.010417 0.013889
16 0.570833 0.453241 0.011458 0.013889
16 0.565104 0.466204 0.010417 0.015741
31 0.601042 0.450000 0.009375 0.016667
17 0.640885 0.473611 0.015104 0.041667
17 0.650781 0.478241 0.014063 0.043519
17 0.659896 0.484722 0.013542 0.041667
17 0.669792 0.487963 0.014583 0.044444
17 0.679688 0.493519 0.013542 0.046296
17 0.694531 0.502315 0.013021 0.043519
18 0.658854 0.428241 0.038542 0.023148
18 0.660417 0.449537 0.036458 0.017593
22 0.665885 0.493981 0.079687 0.078704
0 0.713802 0.577315 0.096354 0.134259
27 0.413542 0.372685 0.127083 0.212037
30 0.496094 0.552315 0.043229 0.084259
24 0.364844 0.571296 0.089063 0.124074
23 0.437240 0.691667 0.107813 0.142593
29 0.421875 0.769444 0.132292 0.125926
