0 0.458854 0.718750 0.211458 0.281944
2 0.568490 0.654514 0.230729 0.213194
3 0.661458 0.592014 0.218750 0.197917
1 0.672135 0.637500 0.155729 0.219444
5 0.757292 0.388542 0.186458 0.181250
4 0.782552 0.333681 0.159896 0.164583
13 0.640625 0.211111 0.098958 0.116667
12 0.544531 0.230903 0.119271 0.125694
13 0.504948 0.179167 0.103646 0.104167
11 0.592448 0.406250 0.168229 0.206944
10 0.436198 0.437153 0.171354 0.227083
14 0.275781 0.430903 0.075521 0.122917
19 0.296875 0.467014 0.070833 0.107639
26 0.292708 0.213889 0.142708 0.237500
28 0.233594 0.348611 0.091146 0.119444
16 0.099479 0.354861 0.029167 0.051389
27 0.096615 0.330556 0.179688 0.265278
17 0.014583 0.536458 0.029167 0.077083
24 0.028125 0.625000 0.056250 0.133333
19 0.130990 0.621875 0.082812 0.093750
14 0.100000 0.597222 0.091667 0.101389
16 0.150260 0.776389 0.024479 0.027778
16 0.153646 0.730903 0.017708 0.025694
16 0.139323 0.705903 0.021354 0.024306
16 0.188021 0.711111 0.016667 0.031944
16 0.159635 0.691319 0.016146 0.028472
16 0.171354 0.682292 0.015625 0.035417
16 0.207031 0.660764 0.016146 0.032639
16 0.225521 0.689583 0.023958 0.025000
16 0.259635 0.709722 0.018229 0.031944
16 0.279427 0.655208 0.019271 0.034028
16 0.315365 0.631597 0.021354 0.021528
16 0.324740 0.587847 0.017188 0.029861
21 0.256771 0.690972 0.232292 0.219444
31 0.204427 0.742361 0.023438 0.037500
16 0.173958 0.764583 0.020833 0.022222
