0 0.436979 0.684722 0.055208 0.102778
17 0.490625 0.668056 0.042708 0.012037
17 0.490885 0.641204 0.046354 0.012037
17 0.491146 0.622685 0.046875 0.012037
17 0.491667 0.604630 0.043750 0.012963
17 0.491927 0.586574 0.048438 0.013889
17 0.492188 0.568056 0.046875 0.012037
18 0.544792 0.583333 0.028125 0.062963
18 0.569792 0.572222 0.010417 0.077778
22 0.491406 0.615278 0.051562 0.130556
16 0.447656 0.438426 0.008854 0.019444
16 0.463021 0.439352 0.009375 0.019444
16 0.470313 0.439352 0.010417 0.023148
16 0.492708 0.442130 0.009375 0.021296
16 0.448177 0.463889 0.008854 0.020370
16 0.455990 0.466667 0.008854 0.018519
16 0.478385 0.467130 0.007812 0.015741
16 0.493750 0.468519 0.006250 0.024074
31 0.478385 0.493056 0.008854 0.015741
16 0.517188 0.469444 0.011458 0.016667
16 0.529687 0.469907 0.009375 0.017593
16 0.560417 0.445833 0.012500 0.015741
16 0.553125 0.471759 0.008333 0.015741
21 0.503906 0.468981 0.129688 0.073148
12 0.607812 0.467130 0.080208 0.100926
13 0.684896 0.473611 0.081250 0.099074
4 0.618229 0.597685 0.033333 0.112037
3 0.785156 0.612500 0.040104 0.215741
2 0.818490 0.627778 0.045312 0.211111
10 0.765625 0.367593 0.112500 0.138889
11 0.824479 0.450463 0.119792 0.152778
13 0.845052 0.337037 0.098437 0.146296
1 0.723958 0.309259 0.130208 0.227778
5 0.703646 0.228241 0.170833 0.126852
26 0.625260 0.178241 0.109896 0.204630
28 0.522917 0.258333 0.059375 0.114815
19 0.570312 0.367593 0.028125 0.051852
14 0.580469 0.352778 0.031771 0.055556
14 0.412240 0.362963 0.025521 0.048148
19 0.422917 0.380093 0.028125 0.050926
17 0.435677 0.150000 0.039062 0.075926
27 0.419010 0.127778 0.122396 0.255556
30 0.358594 0.378241 0.048438 0.058333
24 0.294531 0.190741 0.082812 0.105556
23 0.257031 0.379630 0.066146 0.142593
29 0.213281 0.401389 0.038021 0.202778
