1 0.696875 0.392130 0.075000 0.076852
0 0.687240 0.499074 0.070312 0.144444
29 0.421875 0.769444 0.133333 0.127778
22 0.429167 0.692593 0.111458 0.146296
30 0.336979 0.629167 0.059375 0.097222
17 0.410417 0.564815 0.022917 0.064815
24 0.469010 0.595370 0.083854 0.129630
19 0.572917 0.480093 0.027083 0.086111
14 0.579948 0.453241 0.024479 0.106481
19 0.603646 0.425463 0.026042 0.078704
14 0.603385 0.388889 0.034896 0.124074
16 0.622396 0.505093 0.013542 0.012037
16 0.623958 0.498611 0.012500 0.012037
16 0.626042 0.489352 0.012500 0.012037
16 0.642188 0.493981 0.010417 0.017593
16 0.609115 0.496296 0.007812 0.016667
16 0.613542 0.482870 0.012500 0.013889
16 0.615625 0.475463 0.010417 0.013889
16 0.622917 0.457870 0.010417 0.013889
16 0.642969 0.410185 0.007812 0.016667
16 0.653385 0.420370 0.007812 0.016667
16 0.638802 0.458796 0.007812 0.012037
33 0.671094 0.431019 0.010937 0.017593
32 0.670573 0.412963 0.006771 0.025926
21 0.633594 0.480093 0.067187 0.137963
11 0.739844 0.366667 0.093229 0.037037
10 0.644792 0.354630 0.058333 0.120370
11 0.673698 0.315278 0.048438 0.086111
5 0.708594 0.286111 0.085938 0.031481
4 0.700260 0.259259 0.088021 0.035185
13 0.622656 0.245370 0.052604 0.057407
12 0.596615 0.271759 0.050521 0.076852
13 0.567708 0.258796 0.036458 0.071296
26 0.520312 0.277315 0.067708 0.160185
28 0.511719 0.381944 0.047396 0.082407
16 0.425781 0.378704 0.014063 0.038889
27 0.419531 0.373611 0.131771 0.202778
2 0.684896 0.417593 0.020833 0.014815
