22 0.401302 0.504167 0.150521 0.244444
29 0.046615 0.123958 0.093229 0.159028
28 0.537500 0.122917 0.103125 0.084722
26 0.699479 0.093056 0.168750 0.186111
14 0.633594 0.175694 0.076563 0.134722
19 0.615104 0.212153 0.067708 0.107639
16 0.370573 0.203125 0.019271 0.025694
16 0.586458 0.284375 0.023958 0.025694
16 0.570312 0.308681 0.018750 0.027083
16 0.526042 0.290625 0.019792 0.024306
16 0.499219 0.280903 0.025521 0.035417
21 0.501563 0.314583 0.187500 0.141667
17 0.421094 0.413194 0.103646 0.047222
17 0.415625 0.440625 0.105208 0.049306
17 0.408073 0.470833 0.094271 0.045833
17 0.402865 0.499306 0.107813 0.048611
17 0.395833 0.529861 0.110417 0.048611
17 0.387240 0.578472 0.098437 0.047222
18 0.527604 0.487153 0.053125 0.113194
18 0.579688 0.484722 0.025000 0.119444
12 0.663281 0.346875 0.152604 0.193750
13 0.778385 0.409722 0.126562 0.161111
10 0.858333 0.344097 0.127083 0.188194
13 0.927604 0.363542 0.059375 0.124306
11 0.913281 0.466319 0.111979 0.177083
3 0.884375 0.574653 0.040625 0.136806
5 0.930469 0.665625 0.139063 0.235417
9 0.852865 0.659028 0.056771 0.156944
4 0.679167 0.649653 0.067708 0.371528
0 0.311458 0.297569 0.622917 0.595139
