4 0.294792 0.606481 0.141667 0.101852
5 0.316406 0.509722 0.148438 0.102778
13 0.429688 0.631481 0.096875 0.148148
13 0.558854 0.591204 0.104167 0.182407
12 0.498437 0.533796 0.098958 0.178704
11 0.430990 0.390741 0.096354 0.166667
16 0.487500 0.230556 0.010417 0.012963
16 0.494271 0.201852 0.010417 0.016667
16 0.511719 0.197685 0.008854 0.015741
16 0.525000 0.198148 0.009375 0.014815
16 0.498437 0.214815 0.008333 0.016667
16 0.522656 0.162963 0.009896 0.016667
16 0.522917 0.174074 0.007292 0.012963
16 0.538281 0.166204 0.006771 0.013889
16 0.543750 0.168056 0.006250 0.013889
16 0.533594 0.168056 0.006771 0.013889
16 0.528385 0.168519 0.005729 0.014815
21 0.500000 0.213426 0.065625 0.097222
19 0.540365 0.239815 0.021354 0.079630
14 0.547917 0.207407 0.033333 0.101852
33 0.527604 0.119907 0.008333 0.028704
0 0.521875 0.087963 0.055208 0.092593
1 0.457031 0.144444 0.067187 0.098148
19 0.596615 0.204630 0.025521 0.079630
14 0.602083 0.178241 0.021875 0.104630
29 0.666146 0.080556 0.076042 0.050000
17 0.698177 0.168519 0.026562 0.042593
22 0.666406 0.107870 0.063021 0.067593
24 0.647396 0.154167 0.053125 0.075000
30 0.732812 0.133796 0.030208 0.054630
16 0.695833 0.225463 0.019792 0.043519
27 0.734115 0.217593 0.146354 0.207407
26 0.642969 0.326389 0.099479 0.223148
10 0.494531 0.305093 0.075521 0.152778
2 0.408854 0.292130 0.096875 0.036111
3 0.371094 0.332870 0.092188 0.047222
