13 0.411979 0.656481 0.109375 0.177778
13 0.364323 0.552315 0.104688 0.167593
12 0.483333 0.544907 0.100000 0.180556
5 0.264583 0.569444 0.130208 0.161111
4 0.292187 0.491204 0.106250 0.089815
3 0.347656 0.437037 0.091146 0.112963
2 0.376563 0.414352 0.098958 0.097222
11 0.422656 0.347685 0.085938 0.156481
10 0.485156 0.359259 0.082812 0.166667
24 0.479427 0.260648 0.065104 0.086111
24 0.515104 0.220370 0.059375 0.061111
31 0.557292 0.256481 0.009375 0.025926
16 0.545573 0.283796 0.009896 0.019444
16 0.537500 0.267593 0.009375 0.016667
16 0.545833 0.250000 0.008333 0.014815
16 0.551823 0.238889 0.008854 0.016667
16 0.560677 0.221759 0.006771 0.015741
16 0.566927 0.211111 0.009896 0.012963
16 0.566406 0.188426 0.009896 0.017593
16 0.573958 0.197222 0.009375 0.011111
16 0.577344 0.191667 0.009896 0.012963
16 0.586979 0.198611 0.010417 0.013889
16 0.580469 0.212963 0.010937 0.012963
16 0.584635 0.205556 0.011979 0.011111
21 0.554167 0.252778 0.075000 0.124074
19 0.525781 0.309722 0.022396 0.084259
14 0.525000 0.276389 0.023958 0.100926
28 0.586458 0.337037 0.020833 0.083333
16 0.654427 0.208796 0.017188 0.049074
16 0.666146 0.182407 0.011458 0.012963
26 0.643750 0.346296 0.104167 0.224074
17 0.747396 0.273148 0.014583 0.050000
27 0.662240 0.202315 0.104688 0.173148
34 0.566406 0.104167 0.021354 0.013889
19 0.622135 0.195833 0.025521 0.063889
14 0.626823 0.181944 0.017188 0.052778
30 0.639583 0.174537 0.017708 0.041667
1 0.631771 0.130093 0.094792 0.082407
22 0.650000 0.100463 0.056250 0.032407
29 0.665104 0.085185 0.077083 0.053704
