29 0.095052 0.334028 0.069271 0.213889
22 0.178646 0.252083 0.109375 0.166667
30 0.309375 0.264931 0.090625 0.079861
34 0.150781 0.677778 0.019271 0.222222
17 0.423698 0.032986 0.064062 0.036806
16 0.506250 0.077083 0.031250 0.059722
16 0.486198 0.447569 0.028646 0.025694
16 0.521094 0.449306 0.021354 0.034722
16 0.539583 0.448958 0.021875 0.032639
16 0.483333 0.492708 0.018750 0.036806
16 0.504427 0.495139 0.023438 0.029167
16 0.479948 0.543750 0.020313 0.040278
16 0.535937 0.540972 0.021875 0.036111
16 0.556510 0.496528 0.020313 0.034722
16 0.608594 0.504861 0.020313 0.036111
16 0.641927 0.552083 0.028646 0.027778
16 0.676562 0.506250 0.028125 0.026389
16 0.736198 0.465972 0.021354 0.034722
16 0.723698 0.507986 0.019271 0.035417
21 0.602604 0.511111 0.283333 0.134722
27 0.484896 0.113542 0.168750 0.227083
28 0.678906 0.195486 0.116146 0.142361
26 0.785677 0.106597 0.172396 0.213194
24 0.959375 0.227431 0.081250 0.111806
12 0.959635 0.305556 0.080729 0.136111
14 0.970313 0.388889 0.059375 0.065278
19 0.965365 0.402778 0.069271 0.086111
10 0.898438 0.330208 0.156250 0.206250
2 0.976302 0.683333 0.047396 0.236111
11 0.901042 0.566319 0.167708 0.185417
31 0.529167 0.680208 0.035417 0.034028
0 0.482552 0.725000 0.173437 0.291667
14 0.789323 0.333333 0.103646 0.130556
19 0.760417 0.367361 0.084375 0.111111
