29 0.065365 0.352778 0.066146 0.204167
22 0.142969 0.270139 0.102604 0.162500
30 0.264844 0.278125 0.088021 0.082639
17 0.358333 0.053819 0.033333 0.028472
16 0.448437 0.073264 0.034375 0.054861
27 0.422396 0.116319 0.171875 0.232639
28 0.620052 0.179861 0.110937 0.134722
26 0.713281 0.095833 0.158854 0.191667
24 0.911458 0.189931 0.089583 0.102083
13 0.978646 0.304167 0.042708 0.116667
13 0.977344 0.418750 0.045312 0.143056
12 0.912240 0.268056 0.109896 0.140278
10 0.814063 0.297917 0.172917 0.183333
11 0.850781 0.460417 0.179688 0.186111
2 0.953125 0.628125 0.050000 0.281250
1 0.970313 0.836111 0.059375 0.152778
34 0.117969 0.678472 0.017188 0.219444
14 0.700781 0.280903 0.070312 0.142361
19 0.675000 0.321181 0.075000 0.115972
16 0.414323 0.446528 0.019271 0.036111
16 0.448437 0.449653 0.018750 0.035417
16 0.467187 0.447569 0.018750 0.035417
16 0.410677 0.492361 0.017188 0.036111
16 0.432552 0.493056 0.026562 0.027778
16 0.465104 0.491667 0.027083 0.025000
16 0.408854 0.543403 0.018750 0.038194
16 0.519531 0.495833 0.019271 0.037500
16 0.606250 0.497569 0.027083 0.025694
16 0.670052 0.456944 0.019271 0.034722
16 0.657552 0.497917 0.019271 0.034722
16 0.572656 0.543056 0.027604 0.029167
31 0.519531 0.581250 0.036979 0.050000
21 0.540104 0.507639 0.290625 0.126389
0 0.447917 0.683333 0.188542 0.368056
14 0.947656 0.326042 0.091146 0.095139
19 0.922656 0.348611 0.076563 0.079167
