29 0.243490 0.422917 0.085938 0.233333
22 0.355208 0.375694 0.126042 0.175000
30 0.518490 0.454514 0.092188 0.100694
34 0.292708 0.844097 0.038542 0.245139
16 0.708854 0.276736 0.034375 0.036806
16 0.732812 0.303819 0.015625 0.015972
17 0.610938 0.225694 0.050000 0.038889
27 0.692969 0.279514 0.170313 0.374306
1 0.785937 0.308333 0.150000 0.184722
26 0.932813 0.363194 0.134375 0.211111
16 0.690885 0.705903 0.017188 0.035417
16 0.720573 0.717014 0.017188 0.036806
16 0.736458 0.716667 0.015625 0.033333
16 0.774740 0.770486 0.017188 0.028472
16 0.733854 0.760764 0.023958 0.025694
16 0.685937 0.752083 0.018750 0.037500
16 0.703646 0.754514 0.016667 0.034028
16 0.680729 0.804167 0.019792 0.036111
31 0.775000 0.817014 0.020833 0.028472
21 0.739583 0.766319 0.182292 0.138194
0 0.579167 0.930208 0.200000 0.139583
10 0.982812 0.619444 0.034375 0.162500
