21 0.519271 0.249537 0.078125 0.123148
16 0.505469 0.235648 0.009896 0.023148
16 0.523177 0.203241 0.008854 0.019444
16 0.531771 0.186574 0.006250 0.015741
16 0.553385 0.197222 0.006771 0.018519
16 0.539583 0.195370 0.007292 0.012963
16 0.545833 0.211574 0.008333 0.012037
16 0.530990 0.209722 0.009896 0.010185
16 0.521875 0.223611 0.007292 0.015741
16 0.509896 0.247685 0.007292 0.012037
16 0.499479 0.263889 0.008333 0.011111
16 0.507812 0.278704 0.007292 0.011111
19 0.541667 0.343519 0.028125 0.083333
14 0.544792 0.312500 0.022917 0.106481
28 0.590104 0.337037 0.015625 0.079630
26 0.645052 0.347222 0.103646 0.222222
31 0.688021 0.193056 0.008333 0.041667
27 0.705469 0.212963 0.146354 0.209259
30 0.638802 0.175926 0.031771 0.059259
29 0.665365 0.082870 0.076563 0.047222
22 0.680469 0.126389 0.052604 0.063889
0 0.671615 0.134259 0.103646 0.107407
1 0.441146 0.245370 0.070833 0.068519
2 0.382812 0.316667 0.073958 0.027778
3 0.316146 0.459722 0.090625 0.119444
4 0.291927 0.510185 0.105729 0.116667
5 0.262760 0.568519 0.136979 0.148148
12 0.483594 0.544907 0.098437 0.178704
13 0.411198 0.656481 0.109896 0.175926
13 0.367969 0.569907 0.103646 0.167593
24 0.528125 0.704630 0.110417 0.190741
14 0.446354 0.449537 0.026042 0.112037
19 0.451823 0.481019 0.029687 0.086111
11 0.387760 0.418056 0.098437 0.171296
10 0.447656 0.332407 0.082812 0.148148
16 0.676302 0.193056 0.008854 0.015741
17 0.750521 0.272685 0.013542 0.052778
