21 0.349479 0.365741 0.082292 0.133333
2 0.339062 0.561574 0.097917 0.187963
3 0.413021 0.743056 0.150000 0.169444
4 0.448698 0.799537 0.155729 0.225000
5 0.491927 0.862963 0.167187 0.274074
12 0.569271 0.492593 0.084375 0.155556
13 0.621354 0.606944 0.082292 0.163889
13 0.553646 0.649537 0.088542 0.176852
11 0.438542 0.593056 0.104167 0.204630
14 0.516406 0.482870 0.027604 0.106481
19 0.516406 0.515741 0.029687 0.083333
24 0.651042 0.497685 0.085417 0.132407
16 0.335156 0.295833 0.009896 0.015741
16 0.312500 0.312500 0.006250 0.017593
16 0.323698 0.305093 0.006771 0.017593
16 0.340885 0.302778 0.010937 0.011111
16 0.344792 0.309259 0.011458 0.011111
16 0.327604 0.307870 0.010417 0.010185
16 0.320833 0.327315 0.010417 0.012037
16 0.334635 0.322222 0.008854 0.012963
16 0.343750 0.338889 0.009375 0.011111
16 0.337240 0.361111 0.007812 0.012963
16 0.357292 0.362500 0.007292 0.013889
16 0.366667 0.380093 0.009375 0.013889
16 0.383333 0.377315 0.009375 0.015741
1 0.311719 0.455093 0.080729 0.136111
31 0.436979 0.154630 0.015625 0.029630
16 0.424740 0.166204 0.006771 0.012037
27 0.443750 0.159259 0.087500 0.218519
0 0.395573 0.135185 0.090104 0.079630
30 0.355990 0.210185 0.035937 0.053704
29 0.298438 0.128704 0.059375 0.037037
10 0.408594 0.451852 0.083854 0.144444
14 0.445052 0.336574 0.025521 0.099074
19 0.450521 0.367130 0.027083 0.078704
28 0.463021 0.301389 0.053125 0.089815
26 0.523177 0.260185 0.085938 0.190741
17 0.467448 0.173611 0.023438 0.032407
