34 0.111458 0.779514 0.017708 0.207639
29 0.060677 0.468056 0.064062 0.198611
22 0.134635 0.394792 0.096354 0.154861
30 0.247135 0.409375 0.082812 0.075694
16 0.402865 0.188889 0.019271 0.025000
17 0.347656 0.185069 0.059896 0.036806
27 0.389583 0.192708 0.163542 0.340972
28 0.571875 0.306250 0.103125 0.130556
26 0.655469 0.189236 0.150521 0.240972
24 0.856771 0.278472 0.091667 0.093056
12 0.853906 0.357292 0.115104 0.131250
13 0.945312 0.386458 0.083333 0.129861
13 0.951823 0.492014 0.096354 0.146528
5 0.985156 0.602083 0.029687 0.119444
4 0.979427 0.690278 0.041146 0.215278
3 0.948177 0.731250 0.029687 0.168056
11 0.904948 0.609028 0.127604 0.169444
10 0.788021 0.525000 0.173958 0.166667
31 0.691406 0.497569 0.061979 0.052083
1 0.772917 0.573958 0.176042 0.315972
33 0.514844 0.507639 0.067187 0.056944
16 0.626042 0.570486 0.020833 0.035417
16 0.614323 0.613889 0.018229 0.040278
16 0.566406 0.618403 0.027604 0.024306
16 0.485938 0.623958 0.018750 0.027083
16 0.454948 0.668750 0.019271 0.022222
16 0.537500 0.663542 0.027083 0.024306
21 0.538542 0.629514 0.214583 0.125694
0 0.425521 0.621528 0.231250 0.398611
19 0.573958 0.482639 0.059375 0.100000
14 0.587760 0.415625 0.061979 0.186806
19 0.865885 0.437847 0.071354 0.089583
14 0.888281 0.410417 0.084896 0.100000
