0 0.342708 0.398611 0.144792 0.330556
14 0.400781 0.315278 0.064062 0.126389
19 0.425260 0.398264 0.051562 0.106250
16 0.460938 0.536806 0.016667 0.031944
16 0.464844 0.502083 0.015104 0.027778
16 0.480208 0.501042 0.016667 0.034028
16 0.523177 0.501736 0.023438 0.038194
16 0.467969 0.471528 0.016146 0.033333
16 0.495052 0.471528 0.015104 0.030556
16 0.509115 0.471875 0.016146 0.031250
16 0.549479 0.508681 0.022917 0.027083
16 0.550260 0.542361 0.017188 0.030556
16 0.592969 0.513542 0.023438 0.028472
16 0.622396 0.512153 0.020833 0.027083
16 0.659375 0.515278 0.016667 0.030556
16 0.669531 0.484375 0.017188 0.029861
31 0.618229 0.479167 0.020833 0.038889
21 0.565625 0.524306 0.239583 0.111111
19 0.732812 0.523958 0.071875 0.100694
14 0.754687 0.490278 0.085417 0.104167
25 0.501823 0.701736 0.155729 0.140972
24 0.671094 0.720139 0.147396 0.138889
6 0.783073 0.803472 0.125521 0.056944
2 0.910417 0.851389 0.179167 0.104167
3 0.906510 0.775000 0.061979 0.236111
4 0.994271 0.679514 0.011458 0.074306
13 0.979427 0.579514 0.041146 0.134028
11 0.917188 0.550347 0.134375 0.178472
10 0.832292 0.598611 0.167708 0.163889
12 0.917188 0.425000 0.109375 0.127778
13 0.974740 0.464236 0.050521 0.132639
28 0.669271 0.352431 0.096875 0.122917
26 0.749740 0.247917 0.141146 0.227778
16 0.491406 0.235417 0.020313 0.020833
27 0.494531 0.241667 0.148438 0.338889
17 0.457292 0.203125 0.060417 0.028472
22 0.217708 0.431597 0.108333 0.150694
29 0.148438 0.426389 0.068750 0.184722
