29 0.059375 0.349653 0.072917 0.209028
22 0.145052 0.276389 0.110937 0.158333
30 0.272135 0.298611 0.088021 0.079167
16 0.418490 0.117361 0.029687 0.056944
17 0.390885 0.081250 0.060937 0.036111
27 0.434896 0.129861 0.170833 0.259722
28 0.625000 0.248264 0.107292 0.134028
26 0.728125 0.142361 0.161458 0.247222
24 0.896615 0.280556 0.079687 0.105556
13 0.967448 0.407292 0.065104 0.135417
13 0.962240 0.510069 0.075521 0.143750
14 0.923698 0.418750 0.090104 0.081944
12 0.892708 0.356944 0.107292 0.134722
4 0.981250 0.710764 0.029167 0.264583
3 0.952083 0.771528 0.028125 0.188889
11 0.909375 0.616319 0.138542 0.157639
19 0.899740 0.436806 0.070312 0.068056
10 0.817187 0.500347 0.166667 0.181250
2 0.804948 0.719792 0.085938 0.285417
14 0.690104 0.353819 0.088542 0.179861
19 0.661198 0.415278 0.076563 0.105556
16 0.675000 0.498611 0.019792 0.025000
16 0.436979 0.480556 0.027083 0.026389
16 0.469792 0.482292 0.018750 0.034028
16 0.487760 0.478125 0.017188 0.025694
16 0.432812 0.521181 0.018750 0.034028
16 0.450260 0.522222 0.016146 0.022222
16 0.429688 0.562153 0.014583 0.027083
16 0.503646 0.521528 0.017708 0.015278
16 0.552083 0.524306 0.015625 0.020833
31 0.572917 0.562153 0.036458 0.050694
21 0.540104 0.541667 0.256250 0.131944
0 0.473958 0.660069 0.230208 0.364583
1 0.659635 0.632639 0.166146 0.270833
34 0.105729 0.694792 0.020833 0.222917
5 0.992448 0.681597 0.015104 0.202083
