30 0.029427 0.174653 0.058854 0.124306
27 0.125521 0.044097 0.180208 0.088194
28 0.355729 0.027778 0.127083 0.055556
16 0.112760 0.164236 0.025521 0.038194
16 0.144271 0.151042 0.018750 0.039583
16 0.163021 0.144097 0.018750 0.039583
16 0.110677 0.205903 0.019271 0.035417
16 0.131510 0.200694 0.025521 0.029167
16 0.112760 0.250694 0.022396 0.036111
16 0.180469 0.179861 0.027604 0.031944
16 0.219010 0.164931 0.023438 0.034028
16 0.161979 0.227431 0.027083 0.035417
16 0.385156 0.090625 0.028646 0.035417
16 0.371875 0.128472 0.022917 0.036111
16 0.312500 0.142708 0.030208 0.028472
16 0.278125 0.192708 0.023958 0.032639
31 0.217969 0.205903 0.023438 0.035417
21 0.263281 0.194444 0.310937 0.204167
14 0.505208 0.056944 0.052083 0.113889
14 0.773958 0.094097 0.105208 0.118750
19 0.490885 0.067708 0.074479 0.135417
19 0.745313 0.129861 0.087500 0.111111
17 0.229687 0.611111 0.045833 0.155556
17 0.256250 0.601736 0.050000 0.177083
17 0.282813 0.589583 0.051042 0.176389
17 0.310937 0.578125 0.050000 0.177083
17 0.337760 0.566319 0.051562 0.175694
17 0.380208 0.549653 0.046875 0.156250
18 0.259635 0.331597 0.096354 0.068750
18 0.245312 0.442361 0.096875 0.081944
22 0.307812 0.578472 0.222917 0.255556
12 0.545312 0.241319 0.214583 0.214583
11 0.689844 0.048264 0.158854 0.096528
13 0.822917 0.172917 0.126042 0.155556
10 0.895833 0.318403 0.143750 0.147917
9 0.643229 0.556944 0.032292 0.136111
5 0.814323 0.523958 0.371354 0.285417
13 0.621354 0.492361 0.226042 0.402778
2 0.883073 0.176389 0.041146 0.143056
3 0.801823 0.323264 0.133854 0.245139
4 0.653125 0.312153 0.056250 0.288194
1 0.896354 0.581597 0.207292 0.345139
0 0.452604 0.558681 0.203125 0.489583
24 0.789062 0.021528 0.046875 0.043056
