29 0.665365 0.082870 0.076563 0.047222
22 0.674740 0.127315 0.063021 0.069444
30 0.636979 0.175000 0.033333 0.057407
16 0.664323 0.217593 0.019271 0.040741
16 0.550781 0.191204 0.008854 0.019444
16 0.495833 0.253241 0.009375 0.013889
16 0.503385 0.267130 0.006771 0.015741
16 0.502344 0.222222 0.009896 0.012963
16 0.517708 0.197222 0.008333 0.012963
33 0.533073 0.187963 0.018229 0.037037
14 0.534115 0.245370 0.028646 0.114815
19 0.530469 0.278704 0.020313 0.072222
21 0.515104 0.243519 0.080208 0.114815
34 0.557292 0.095833 0.041667 0.021296
0 0.526302 0.142593 0.039062 0.114815
1 0.459896 0.223148 0.078125 0.087037
17 0.750521 0.269444 0.016667 0.048148
27 0.698698 0.211574 0.144271 0.200926
26 0.645052 0.346759 0.102604 0.221296
10 0.508854 0.375926 0.083333 0.168519
11 0.448177 0.367593 0.082812 0.151852
14 0.446094 0.448611 0.026562 0.110185
19 0.451562 0.481481 0.028125 0.083333
12 0.483333 0.544907 0.097917 0.178704
3 0.369531 0.401852 0.088021 0.105556
2 0.354427 0.431944 0.077604 0.117593
4 0.284896 0.503241 0.114583 0.102778
5 0.262760 0.568981 0.135937 0.147222
13 0.368490 0.569444 0.103646 0.166667
13 0.411979 0.656019 0.107292 0.175000
24 0.528385 0.704630 0.109896 0.188889
28 0.589323 0.337037 0.017188 0.079630
