30 0.052604 0.324306 0.076042 0.112500
17 0.100260 0.070139 0.071354 0.072222
17 0.244792 0.659375 0.035417 0.146528
17 0.266927 0.649653 0.035937 0.129861
17 0.290365 0.641319 0.038021 0.146528
17 0.313021 0.631944 0.037500 0.147222
17 0.335417 0.621875 0.038542 0.147917
17 0.367969 0.599306 0.032813 0.111111
18 0.254427 0.419792 0.074479 0.065972
18 0.266927 0.510764 0.075521 0.077083
22 0.304167 0.634375 0.167708 0.213194
16 0.134115 0.304514 0.022396 0.032639
16 0.157812 0.290625 0.014583 0.031250
16 0.172656 0.282986 0.016146 0.031250
16 0.133594 0.335764 0.016146 0.027083
16 0.150000 0.329167 0.019792 0.025000
16 0.187500 0.309375 0.020833 0.024306
16 0.215625 0.294097 0.017708 0.028472
16 0.175000 0.347222 0.021875 0.027778
16 0.136198 0.370486 0.017188 0.028472
16 0.285677 0.265972 0.022396 0.025000
16 0.341667 0.215278 0.023958 0.026389
16 0.333073 0.250000 0.017188 0.026389
16 0.263542 0.307639 0.016667 0.026389
31 0.217188 0.326389 0.021875 0.027778
21 0.254688 0.312847 0.245833 0.190972
27 0.109635 0.123264 0.205729 0.246528
28 0.314844 0.129514 0.110937 0.136806
26 0.372135 0.056597 0.129688 0.113194
14 0.427604 0.134722 0.047917 0.152778
14 0.677083 0.136111 0.073958 0.123611
19 0.426823 0.178472 0.047396 0.113889
19 0.658333 0.171181 0.066667 0.106250
24 0.676823 0.047917 0.098437 0.081944
11 0.599219 0.073611 0.144271 0.147222
13 0.745313 0.189236 0.128125 0.129861
10 0.835677 0.304861 0.148438 0.151389
12 0.480469 0.307986 0.181771 0.203472
13 0.580990 0.530556 0.169271 0.245833
2 0.812500 0.173264 0.054167 0.115972
3 0.742448 0.327431 0.163021 0.196528
4 0.574479 0.322569 0.062500 0.182639
5 0.713021 0.683681 0.221875 0.457639
1 0.723958 0.701042 0.160417 0.267361
0 0.467969 0.609375 0.276562 0.420139
