17 0.411198 0.095370 0.046354 0.037037
29 0.215625 0.401852 0.046875 0.198148
22 0.277865 0.404630 0.063021 0.138889
30 0.366927 0.369444 0.046354 0.055556
14 0.411979 0.350000 0.026042 0.048148
19 0.421875 0.369907 0.028125 0.047222
16 0.435156 0.250000 0.009896 0.024074
27 0.445312 0.251852 0.100000 0.229630
1 0.486198 0.296296 0.081771 0.201852
28 0.565625 0.288889 0.061458 0.111111
26 0.630990 0.176852 0.109896 0.200000
12 0.765885 0.330556 0.096354 0.118519
13 0.850521 0.358796 0.092708 0.145370
13 0.821615 0.485648 0.100521 0.130556
5 0.857292 0.623148 0.057292 0.222222
4 0.816667 0.652778 0.041667 0.235185
3 0.760417 0.636574 0.038542 0.215741
2 0.734375 0.609259 0.039583 0.224074
11 0.673958 0.572685 0.098958 0.123148
10 0.664844 0.448611 0.093229 0.108333
14 0.607552 0.433333 0.026562 0.048148
19 0.594531 0.436574 0.023438 0.041667
16 0.560677 0.427315 0.008854 0.019444
16 0.470052 0.430093 0.011979 0.023148
16 0.462760 0.431481 0.008854 0.024074
16 0.447917 0.431481 0.009375 0.024074
16 0.477865 0.456944 0.009896 0.019444
16 0.454948 0.456019 0.010937 0.017593
16 0.447917 0.456019 0.009375 0.021296
16 0.447917 0.484259 0.009375 0.022222
16 0.492708 0.456944 0.010417 0.017593
21 0.503385 0.457407 0.129688 0.072222
0 0.427344 0.681019 0.067187 0.141667
25 0.483854 0.577778 0.072917 0.088889
24 0.531250 0.582870 0.020833 0.082407
34 0.312240 0.633796 0.015104 0.115741
