29 0.119271 0.525694 0.055208 0.188889
22 0.195833 0.453472 0.089583 0.147222
30 0.318229 0.455556 0.072917 0.070833
17 0.390885 0.257986 0.053646 0.034028
16 0.467187 0.286111 0.027083 0.045833
16 0.485156 0.578125 0.023438 0.022917
16 0.513021 0.572917 0.014583 0.027778
16 0.527604 0.570486 0.014583 0.028472
16 0.487240 0.612153 0.017188 0.027083
16 0.504167 0.609722 0.016667 0.026389
16 0.546354 0.604514 0.019792 0.025694
16 0.490365 0.650347 0.018229 0.028472
16 0.536458 0.642361 0.016667 0.030556
16 0.587760 0.601389 0.018229 0.026389
16 0.620052 0.630556 0.023438 0.022222
16 0.641927 0.589931 0.023438 0.020139
16 0.685677 0.549653 0.018229 0.028472
16 0.680729 0.582986 0.015625 0.024306
21 0.587500 0.613194 0.237500 0.129167
27 0.442188 0.259375 0.153125 0.302083
28 0.611458 0.355903 0.090625 0.111806
26 0.676042 0.251389 0.123958 0.208333
14 0.708854 0.437153 0.066667 0.117361
19 0.691927 0.470139 0.059896 0.095833
24 0.846875 0.309375 0.083333 0.070139
13 0.931771 0.392014 0.079167 0.102083
13 0.950000 0.481944 0.096875 0.123611
4 0.975000 0.607639 0.050000 0.136111
2 0.930729 0.687500 0.039583 0.243056
12 0.855208 0.374653 0.088542 0.097917
14 0.887760 0.418403 0.069271 0.092361
19 0.870313 0.445833 0.056250 0.083333
10 0.803385 0.411458 0.131771 0.152083
11 0.834635 0.595139 0.152604 0.162500
3 0.774479 0.680903 0.101042 0.206250
31 0.652344 0.700694 0.040104 0.059722
1 0.734115 0.758333 0.207813 0.251389
0 0.558854 0.838889 0.226042 0.322222
34 0.192969 0.829514 0.022396 0.209028
5 0.986198 0.563542 0.027604 0.092361
