31 0.521354 0.610069 0.032292 0.095139
0 0.478125 0.744097 0.197917 0.300694
34 0.125000 0.665625 0.028125 0.222917
16 0.576042 0.576389 0.020833 0.027778
16 0.719792 0.505903 0.022917 0.036806
16 0.706250 0.545486 0.022917 0.038194
16 0.661719 0.541667 0.022396 0.030556
16 0.578125 0.527778 0.020833 0.038889
16 0.543750 0.523958 0.023958 0.032639
16 0.541406 0.571875 0.020313 0.039583
16 0.528385 0.480903 0.023438 0.036806
16 0.508854 0.479861 0.026042 0.036111
16 0.476042 0.472917 0.019792 0.038889
16 0.489323 0.520833 0.025521 0.034722
16 0.471354 0.517014 0.018750 0.036806
16 0.470052 0.564583 0.022396 0.038889
21 0.589063 0.544097 0.281250 0.146528
1 0.980729 0.907986 0.038542 0.136806
2 0.970573 0.695139 0.046354 0.286111
11 0.894792 0.634028 0.170833 0.181944
13 0.983073 0.496181 0.033854 0.134028
13 0.985938 0.386111 0.028125 0.119444
14 0.961198 0.406250 0.077604 0.091667
19 0.949219 0.425694 0.056771 0.076389
12 0.929688 0.344444 0.111458 0.143056
10 0.846094 0.436806 0.178646 0.187500
14 0.727865 0.339931 0.085938 0.138194
19 0.704948 0.378125 0.078646 0.114583
24 0.934896 0.269792 0.085417 0.111806
28 0.650521 0.235069 0.111458 0.136806
26 0.751563 0.127778 0.164583 0.255556
17 0.418750 0.079514 0.066667 0.032639
16 0.447656 0.080556 0.017188 0.026389
27 0.465625 0.130903 0.164583 0.261806
30 0.297135 0.292708 0.091146 0.075694
22 0.177865 0.267014 0.110937 0.153472
29 0.094792 0.335764 0.075000 0.199306
