0 0.435417 0.735069 0.193750 0.328472
14 0.463802 0.625347 0.103646 0.147917
25 0.449479 0.595139 0.160417 0.140278
24 0.622396 0.627431 0.150000 0.142361
6 0.726562 0.627778 0.098958 0.043056
2 0.877083 0.690972 0.245833 0.138889
1 0.949479 0.759028 0.101042 0.263889
3 0.861719 0.689583 0.053646 0.176389
4 0.970833 0.626389 0.040625 0.069444
13 0.960677 0.532292 0.078646 0.143750
11 0.884375 0.488889 0.133333 0.187500
10 0.798958 0.539583 0.166667 0.183333
12 0.889323 0.365972 0.108854 0.134722
13 0.959635 0.418750 0.080729 0.138889
19 0.693229 0.440972 0.076042 0.105556
16 0.630208 0.390972 0.017708 0.029167
16 0.617969 0.422222 0.017188 0.029167
16 0.579688 0.416319 0.020833 0.025694
16 0.547135 0.412847 0.022396 0.027083
31 0.578125 0.381250 0.019792 0.038889
16 0.503906 0.441319 0.017188 0.027083
16 0.504687 0.406597 0.017708 0.028472
16 0.474479 0.402083 0.018750 0.027778
16 0.413021 0.432639 0.017708 0.026389
16 0.418750 0.395833 0.016667 0.030556
16 0.434635 0.397569 0.018229 0.032639
16 0.423438 0.364236 0.016667 0.032639
16 0.450781 0.366667 0.016146 0.031944
16 0.465365 0.368056 0.016146 0.033333
21 0.520573 0.426389 0.245312 0.126389
28 0.636458 0.264236 0.098958 0.124306
26 0.726302 0.164931 0.148438 0.231250
16 0.457813 0.131597 0.020833 0.020139
27 0.462500 0.155208 0.158333 0.310417
17 0.429688 0.107986 0.060417 0.027083
19 0.376302 0.289583 0.053646 0.111111
14 0.364063 0.251736 0.046875 0.138194
30 0.308594 0.296528 0.082812 0.076389
22 0.175260 0.327431 0.113021 0.150694
29 0.106771 0.323264 0.073958 0.185417
34 0.171875 0.636806 0.042708 0.212500
