29 0.665365 0.085648 0.076563 0.052778
22 0.675781 0.133796 0.060937 0.062037
34 0.552344 0.095370 0.052604 0.024074
30 0.635677 0.196296 0.033854 0.061111
17 0.701042 0.210648 0.009375 0.056481
27 0.711719 0.213889 0.145313 0.211111
16 0.759635 0.267130 0.008854 0.015741
16 0.598698 0.212037 0.007812 0.012963
16 0.595052 0.221759 0.007812 0.010185
16 0.592969 0.228241 0.008854 0.012037
16 0.588802 0.206481 0.009896 0.012963
16 0.584635 0.212500 0.006771 0.013889
16 0.577083 0.225926 0.007292 0.012963
16 0.571354 0.237963 0.008333 0.012963
16 0.558594 0.265278 0.008854 0.013889
16 0.557031 0.301389 0.006771 0.013889
16 0.577083 0.200463 0.009375 0.013889
16 0.570052 0.215741 0.007812 0.014815
16 0.552604 0.249074 0.010417 0.012963
31 0.561198 0.230093 0.009896 0.015741
21 0.564844 0.268981 0.077604 0.128704
18 0.531510 0.242130 0.013021 0.036111
17 0.476823 0.231944 0.018229 0.015741
17 0.485156 0.222222 0.019271 0.014815
17 0.489323 0.214815 0.016146 0.016667
17 0.492969 0.206019 0.020313 0.017593
18 0.485417 0.179630 0.015625 0.035185
22 0.485156 0.218981 0.063021 0.080556
28 0.591406 0.337037 0.016146 0.077778
26 0.645052 0.346759 0.102604 0.221296
14 0.545052 0.317130 0.021354 0.100926
14 0.445833 0.450000 0.026042 0.109259
19 0.541927 0.348148 0.025521 0.085185
19 0.453646 0.481481 0.031250 0.088889
12 0.487240 0.325000 0.073438 0.131481
13 0.432292 0.286111 0.076042 0.112963
11 0.522917 0.542593 0.111458 0.198148
13 0.393229 0.560648 0.103125 0.173148
10 0.302344 0.525463 0.117188 0.199074
4 0.438802 0.362963 0.096354 0.101852
5 0.395313 0.367130 0.107292 0.115741
3 0.389323 0.474074 0.083854 0.053704
2 0.321094 0.731944 0.096354 0.215741
24 0.502344 0.735648 0.108854 0.202778
0 0.503906 0.163889 0.044271 0.096296
1 0.452083 0.200926 0.069792 0.077778
