31 0.573958 0.471875 0.028125 0.053472
1 0.645312 0.553819 0.167708 0.263194
16 0.529687 0.557986 0.017708 0.034028
16 0.521875 0.598958 0.020833 0.034028
16 0.473438 0.614236 0.028125 0.025694
16 0.446354 0.663889 0.025000 0.026389
16 0.397396 0.634375 0.022917 0.029861
21 0.461198 0.628472 0.207813 0.145833
0 0.398698 0.468750 0.228646 0.376389
19 0.510156 0.489583 0.050521 0.104167
14 0.506771 0.422569 0.044792 0.184028
28 0.466927 0.301736 0.099479 0.085417
26 0.521354 0.186458 0.133333 0.240972
24 0.761979 0.216667 0.100000 0.073611
10 0.660156 0.357986 0.159896 0.150694
12 0.762500 0.294792 0.114583 0.117361
13 0.863802 0.289583 0.100521 0.108333
13 0.890885 0.392014 0.120313 0.138194
14 0.800000 0.331597 0.068750 0.118750
19 0.781510 0.363542 0.063021 0.100694
11 0.731510 0.492708 0.161979 0.190972
3 0.837240 0.646875 0.086979 0.293750
2 0.869531 0.616319 0.072396 0.285417
4 0.952083 0.597222 0.095833 0.237500
5 0.960938 0.538542 0.077083 0.229861
34 0.089323 0.849306 0.022396 0.151389
29 0.023177 0.592361 0.046354 0.188889
22 0.082292 0.507986 0.079167 0.156250
30 0.180208 0.496875 0.073958 0.082639
16 0.302604 0.288542 0.034375 0.042361
27 0.282552 0.268750 0.182812 0.318056
17 0.251823 0.265972 0.048438 0.041667
