22 0.484635 0.686806 0.214062 0.213889
0 0.346875 0.810069 0.205208 0.379861
30 0.166406 0.213542 0.109896 0.134028
27 0.304688 0.064236 0.213542 0.128472
28 0.561198 0.075694 0.144271 0.151389
26 0.661719 0.039931 0.123438 0.079861
16 0.303646 0.234375 0.031250 0.040972
16 0.343750 0.227083 0.021875 0.045833
16 0.365365 0.222917 0.021354 0.043056
16 0.605469 0.208681 0.029687 0.038194
16 0.303125 0.280903 0.022917 0.040972
16 0.328646 0.279861 0.033333 0.033333
16 0.308073 0.338889 0.027604 0.041667
16 0.368229 0.322917 0.032292 0.034722
16 0.388542 0.271875 0.034375 0.035417
16 0.432812 0.263194 0.022917 0.038889
16 0.534375 0.259028 0.032292 0.031944
16 0.593229 0.253472 0.026042 0.038889
31 0.435417 0.311111 0.025000 0.045833
21 0.459115 0.292708 0.340104 0.170139
14 0.735677 0.156250 0.114062 0.158333
11 0.858333 0.128819 0.154167 0.213194
14 0.937760 0.259375 0.113021 0.093750
19 0.702083 0.197917 0.101042 0.133333
19 0.908073 0.285069 0.091146 0.092361
24 0.917188 0.118403 0.075000 0.125694
17 0.408594 0.709375 0.016146 0.040972
17 0.438021 0.706250 0.030208 0.176389
17 0.467187 0.700694 0.032292 0.177778
17 0.496354 0.694792 0.032292 0.177083
17 0.525260 0.688542 0.031771 0.172917
17 0.566927 0.676389 0.028646 0.152778
18 0.470573 0.453125 0.108854 0.059028
16 0.420052 0.771875 0.028646 0.047917
3 0.919271 0.429167 0.075000 0.156944
5 0.871615 0.460069 0.046354 0.171528
13 0.955729 0.323611 0.088542 0.144444
13 0.742188 0.452083 0.187500 0.204167
12 0.788802 0.631597 0.164062 0.193750
4 0.793490 0.618056 0.413021 0.101389
8 0.576562 0.612500 0.042708 0.015278
1 0.900521 0.655208 0.198958 0.332639
34 0.027344 0.790972 0.054688 0.240278
23 0.013802 0.246875 0.027604 0.199306
