5 0.492708 0.865741 0.172917 0.268519
4 0.440104 0.799537 0.154167 0.232407
3 0.407552 0.679167 0.141146 0.156481
2 0.406250 0.625463 0.132292 0.160185
13 0.539583 0.654167 0.089583 0.184259
13 0.621354 0.606481 0.082292 0.164815
12 0.567708 0.492593 0.088542 0.161111
11 0.396094 0.518056 0.097396 0.186111
10 0.443490 0.428704 0.082812 0.170370
24 0.336458 0.422685 0.077083 0.110185
31 0.389844 0.314352 0.009896 0.023148
16 0.401042 0.337037 0.010417 0.012963
16 0.387500 0.341667 0.010417 0.014815
16 0.379688 0.325463 0.010417 0.013889
21 0.383594 0.342593 0.049479 0.094444
19 0.415885 0.350926 0.023438 0.040741
14 0.411458 0.331481 0.026042 0.077778
28 0.462240 0.306481 0.052604 0.090741
26 0.521875 0.261111 0.086458 0.190741
17 0.467448 0.176389 0.024479 0.034259
16 0.420833 0.197222 0.011458 0.038889
27 0.420833 0.191204 0.076042 0.178704
14 0.364063 0.166204 0.017708 0.019444
1 0.407031 0.153241 0.073438 0.113889
29 0.294271 0.145833 0.067708 0.069444
22 0.311979 0.173148 0.063542 0.066667
