10 0.658594 0.332407 0.058854 0.114815
11 0.687500 0.307407 0.045833 0.096296
13 0.661458 0.256481 0.052083 0.062963
13 0.627604 0.225000 0.051042 0.033333
12 0.602344 0.268519 0.049479 0.075926
14 0.632552 0.260648 0.019271 0.080556
14 0.590625 0.317593 0.019792 0.085185
19 0.628125 0.281019 0.020833 0.062037
19 0.586198 0.343519 0.022396 0.068519
24 0.572656 0.249537 0.044271 0.049074
26 0.519792 0.274537 0.068750 0.156481
28 0.533594 0.355556 0.044271 0.068519
16 0.627604 0.384722 0.010417 0.017593
16 0.637500 0.393519 0.010417 0.016667
21 0.633073 0.408333 0.044271 0.048148
16 0.633073 0.405093 0.008854 0.010185
16 0.627344 0.425926 0.005729 0.009259
30 0.492448 0.538889 0.043229 0.079630
22 0.423958 0.643981 0.104167 0.137963
29 0.422917 0.765741 0.139583 0.111111
16 0.477865 0.399537 0.007812 0.019444
1 0.689063 0.375463 0.048958 0.049074
0 0.481510 0.372685 0.097396 0.121296
27 0.450521 0.371296 0.126042 0.212963
17 0.391667 0.437037 0.025000 0.053704
34 0.642969 0.749074 0.111979 0.064815
3 0.725521 0.310185 0.031250 0.020370
