0 0.270313 0.326389 0.093750 0.076852
1 0.288281 0.403704 0.057813 0.138889
29 0.294271 0.144907 0.067708 0.069444
23 0.339583 0.162963 0.062500 0.066667
34 0.218490 0.256019 0.064062 0.052778
30 0.370312 0.223611 0.036458 0.056481
17 0.442708 0.157870 0.032292 0.028704
17 0.273438 0.367593 0.021875 0.022222
17 0.271615 0.380093 0.011979 0.017593
17 0.319271 0.399537 0.007292 0.013889
18 0.351562 0.345370 0.023958 0.035185
18 0.292708 0.346759 0.012500 0.041667
16 0.354948 0.272685 0.008854 0.015741
16 0.365104 0.264352 0.008333 0.012037
16 0.367188 0.270833 0.008333 0.013889
16 0.375260 0.257407 0.009896 0.014815
16 0.381771 0.265741 0.009375 0.012963
16 0.385156 0.269907 0.010937 0.012037
16 0.376302 0.282870 0.007812 0.013889
16 0.383333 0.291667 0.008333 0.012963
16 0.424740 0.332407 0.007812 0.016667
16 0.409375 0.335648 0.007292 0.015741
16 0.399219 0.318981 0.008854 0.013889
16 0.363802 0.288426 0.007812 0.015741
16 0.382292 0.319907 0.008333 0.015741
31 0.371094 0.300000 0.008854 0.016667
21 0.391667 0.315278 0.083333 0.112037
22 0.296354 0.396296 0.069792 0.083333
27 0.446615 0.155556 0.085938 0.216667
26 0.523698 0.260185 0.085938 0.190741
28 0.464062 0.301852 0.052083 0.088889
14 0.449740 0.340278 0.023438 0.100926
14 0.517448 0.482870 0.027604 0.104630
19 0.454948 0.366204 0.024479 0.082407
19 0.516406 0.513426 0.028646 0.084259
12 0.406510 0.420833 0.079687 0.136111
13 0.342448 0.484722 0.075521 0.149074
11 0.571354 0.451389 0.088542 0.167593
13 0.554167 0.612500 0.093750 0.176852
24 0.662760 0.530556 0.094271 0.142593
10 0.506771 0.736111 0.112500 0.242593
2 0.630729 0.762963 0.150000 0.155556
3 0.469792 0.658333 0.072917 0.231481
4 0.393750 0.510648 0.132292 0.119444
5 0.376042 0.582407 0.147917 0.172222
