1 0.705729 0.400463 0.068750 0.071296
2 0.656510 0.233796 0.051562 0.036111
3 0.686719 0.305093 0.081771 0.025000
5 0.705990 0.354167 0.097396 0.071296
10 0.701302 0.254630 0.049479 0.088889
13 0.654427 0.262500 0.039062 0.069444
13 0.693490 0.382870 0.061979 0.099074
12 0.634115 0.360648 0.054688 0.097222
11 0.581510 0.269444 0.060937 0.087037
14 0.633073 0.258796 0.020313 0.080556
14 0.589063 0.314815 0.020833 0.083333
19 0.628385 0.279630 0.020313 0.062963
19 0.585417 0.340278 0.021875 0.067593
26 0.519531 0.273611 0.068229 0.154630
28 0.532813 0.361111 0.043750 0.077778
17 0.451823 0.369444 0.014063 0.050000
17 0.687760 0.452315 0.028646 0.021296
17 0.692187 0.465278 0.022917 0.017593
17 0.691146 0.476389 0.012500 0.013889
17 0.693490 0.486574 0.009896 0.012037
18 0.679688 0.416204 0.014583 0.047222
18 0.614844 0.443981 0.008854 0.045370
22 0.674479 0.479167 0.063542 0.071296
16 0.579948 0.369444 0.009896 0.014815
16 0.588802 0.377315 0.010937 0.012037
16 0.583854 0.391667 0.007292 0.011111
16 0.573177 0.417130 0.008854 0.012037
16 0.569792 0.427315 0.007292 0.012037
16 0.552865 0.427315 0.010937 0.010185
16 0.551042 0.433796 0.010417 0.012037
16 0.546354 0.446296 0.008333 0.016667
16 0.561719 0.443981 0.007812 0.012037
16 0.559115 0.453241 0.009896 0.010185
16 0.578646 0.440278 0.007292 0.015741
16 0.571354 0.456481 0.009375 0.012963
31 0.585677 0.420370 0.007812 0.014815
21 0.572917 0.432407 0.067708 0.120370
27 0.445833 0.370370 0.127083 0.209259
16 0.386979 0.423148 0.008333 0.012963
30 0.499479 0.508333 0.039583 0.075926
23 0.422396 0.643056 0.101042 0.123148
29 0.422396 0.765741 0.140625 0.109259
34 0.643229 0.749074 0.111458 0.064815
0 0.672917 0.485185 0.077083 0.122222
24 0.580208 0.234259 0.045833 0.031481
