2 0.611719 0.523264 0.038021 0.135417
16 0.058073 0.382292 0.035937 0.040972
16 0.105469 0.692361 0.021354 0.022222
16 0.129167 0.677083 0.013542 0.031944
16 0.143229 0.665278 0.015625 0.031944
16 0.112240 0.729514 0.017188 0.027083
16 0.126823 0.720139 0.015104 0.033333
16 0.121615 0.767708 0.019271 0.031250
16 0.164062 0.696181 0.019792 0.024306
16 0.160677 0.743056 0.017188 0.033333
16 0.205208 0.672917 0.017708 0.027778
16 0.240625 0.691319 0.022917 0.022917
16 0.258854 0.635069 0.026042 0.022917
16 0.299740 0.609722 0.019271 0.025000
16 0.302083 0.569792 0.020833 0.027083
31 0.198437 0.713194 0.019792 0.030556
21 0.226302 0.681597 0.243229 0.225694
27 0.067448 0.365278 0.134896 0.322222
28 0.221094 0.389583 0.100521 0.130556
26 0.253385 0.240278 0.129688 0.237500
14 0.296875 0.435417 0.054167 0.131944
19 0.309115 0.477778 0.054688 0.097222
10 0.432812 0.359375 0.136458 0.168750
24 0.503646 0.227083 0.095833 0.059722
12 0.508594 0.293403 0.117188 0.113194
13 0.601302 0.275000 0.096354 0.094444
13 0.633854 0.354514 0.112500 0.104861
5 0.739844 0.465278 0.135937 0.194444
4 0.715365 0.502778 0.139063 0.198611
3 0.633854 0.598264 0.081250 0.317361
1 0.682813 0.669444 0.127083 0.226389
14 0.534115 0.321875 0.049479 0.113194
19 0.523177 0.355556 0.048438 0.093056
11 0.488542 0.507986 0.158333 0.184028
0 0.403125 0.605556 0.184375 0.344444
