34 0.030469 0.954514 0.026562 0.089583
23 0.047656 0.493056 0.095312 0.198611
30 0.254427 0.524306 0.093229 0.098611
16 0.316406 0.234028 0.018229 0.018056
17 0.376302 0.267361 0.085938 0.030556
16 0.393750 0.576042 0.023958 0.031250
16 0.425781 0.575694 0.017188 0.034722
16 0.442969 0.573264 0.017188 0.034028
16 0.395052 0.617361 0.020313 0.036111
16 0.417708 0.618403 0.025000 0.025694
16 0.401042 0.663889 0.022917 0.036111
16 0.449740 0.656944 0.024479 0.027778
16 0.465104 0.615278 0.025000 0.027778
16 0.495573 0.612153 0.018229 0.034028
16 0.545573 0.647569 0.019271 0.032639
16 0.566927 0.610069 0.022396 0.024306
16 0.611979 0.568056 0.020833 0.025000
16 0.607031 0.606597 0.019271 0.025694
17 0.586458 0.401042 0.066667 0.075694
31 0.501563 0.651042 0.020833 0.034028
21 0.499219 0.629514 0.257812 0.127083
27 0.367969 0.275347 0.186979 0.399306
28 0.570312 0.448264 0.109375 0.138194
26 0.659635 0.334722 0.158854 0.237500
24 0.811979 0.443056 0.068750 0.088889
14 0.675000 0.544444 0.042708 0.068056
19 0.663802 0.554167 0.057813 0.090278
14 0.848437 0.557986 0.066667 0.070139
19 0.832031 0.571875 0.039062 0.050694
17 0.453385 0.927778 0.013021 0.026389
17 0.478646 0.921528 0.012500 0.027778
17 0.506510 0.951389 0.023438 0.097222
17 0.530469 0.947917 0.026562 0.104167
17 0.553646 0.944097 0.027083 0.111806
22 0.515625 0.933681 0.179167 0.132639
12 0.681771 0.702083 0.096875 0.147222
13 0.865885 0.605556 0.082812 0.095833
10 0.916927 0.705556 0.104688 0.116667
13 0.704427 0.884722 0.050521 0.134722
2 0.899479 0.590972 0.036458 0.140278
11 0.776563 0.469792 0.114583 0.150694
1 0.650781 0.409028 0.148438 0.163889
0 0.461979 0.947222 0.142708 0.105556
