34 0.234635 0.899653 0.022396 0.200694
0 0.548698 0.951736 0.172396 0.096528
16 0.744271 0.830903 0.020833 0.025694
16 0.656250 0.738194 0.020833 0.040278
16 0.684896 0.742708 0.023958 0.034028
16 0.700781 0.740278 0.022396 0.033333
16 0.655990 0.787500 0.019271 0.043056
16 0.672917 0.786806 0.021875 0.034722
16 0.714583 0.784722 0.022917 0.031944
16 0.742708 0.785069 0.021875 0.036806
16 0.654427 0.832986 0.026562 0.035417
16 0.714844 0.829514 0.024479 0.038194
21 0.713021 0.786806 0.182292 0.116667
11 0.989583 0.822917 0.020833 0.133333
10 0.966927 0.662153 0.066146 0.129861
12 0.967187 0.557986 0.065625 0.124306
24 0.970313 0.468403 0.059375 0.095139
28 0.751823 0.471875 0.061979 0.127083
26 0.869531 0.353472 0.145313 0.211111
31 0.637500 0.275694 0.041667 0.044444
16 0.632031 0.355903 0.018229 0.067361
1 0.727083 0.318403 0.152083 0.197917
17 0.530990 0.254167 0.067187 0.031944
27 0.604948 0.295833 0.165104 0.380556
30 0.430729 0.505556 0.092708 0.095833
22 0.267969 0.441667 0.124479 0.176389
29 0.161458 0.502778 0.081250 0.247222
