29 0.294271 0.145370 0.067708 0.068519
22 0.335677 0.159259 0.063021 0.072222
16 0.429167 0.193056 0.009375 0.039815
16 0.328125 0.295370 0.011458 0.014815
16 0.332031 0.303704 0.008854 0.012963
16 0.336458 0.308796 0.010417 0.010185
16 0.319531 0.306944 0.008854 0.010185
16 0.323437 0.316204 0.009375 0.012037
16 0.313542 0.332407 0.008333 0.012963
16 0.331771 0.333796 0.008333 0.015741
21 0.341146 0.363426 0.081250 0.134259
33 0.384635 0.270370 0.008854 0.027778
14 0.391667 0.313889 0.027083 0.129630
19 0.399479 0.357870 0.026042 0.080556
32 0.363021 0.316667 0.007292 0.025926
1 0.354687 0.373148 0.071875 0.151852
0 0.340625 0.228704 0.102083 0.094444
27 0.441146 0.163889 0.089583 0.214815
28 0.463281 0.298611 0.052604 0.082407
26 0.523177 0.260648 0.085938 0.189815
14 0.516667 0.482407 0.027083 0.105556
19 0.516667 0.512963 0.029167 0.087037
10 0.465625 0.406019 0.079167 0.160185
11 0.429688 0.486574 0.095833 0.175000
12 0.568750 0.491667 0.085417 0.155556
24 0.651042 0.497685 0.085417 0.132407
13 0.621615 0.606481 0.080729 0.162963
13 0.553906 0.649074 0.088021 0.175926
3 0.387240 0.631481 0.136979 0.142593
2 0.409115 0.666204 0.142187 0.126852
4 0.436198 0.821759 0.152604 0.249074
5 0.492448 0.863426 0.165104 0.273148
17 0.463281 0.162963 0.015104 0.018519
