22 0.711458 0.599653 0.179167 0.178472
29 0.134115 0.198611 0.074479 0.236111
34 0.207292 0.576389 0.021875 0.251389
23 0.240104 0.097917 0.111458 0.188889
30 0.451042 0.092014 0.098958 0.102083
27 0.588802 0.027431 0.172396 0.054861
28 0.806510 0.069097 0.127604 0.138194
26 0.907813 0.048264 0.140625 0.096528
16 0.596094 0.135764 0.027604 0.032639
16 0.631771 0.137847 0.018750 0.036806
16 0.650521 0.140625 0.018750 0.036806
16 0.594271 0.174306 0.020833 0.030556
16 0.616146 0.177778 0.022917 0.029167
16 0.596354 0.219097 0.023958 0.035417
16 0.671354 0.185417 0.028125 0.027778
16 0.652604 0.221875 0.026042 0.034028
16 0.846354 0.187847 0.022917 0.032639
16 0.836719 0.224653 0.017188 0.032639
16 0.788281 0.212500 0.026562 0.027778
16 0.706771 0.190972 0.021875 0.033333
16 0.760677 0.243403 0.021354 0.035417
31 0.709896 0.228819 0.023958 0.035417
21 0.711198 0.223264 0.286979 0.172917
14 0.948698 0.170833 0.102604 0.133333
19 0.920312 0.204861 0.094792 0.116667
12 0.929427 0.373611 0.140104 0.198611
13 0.932552 0.612500 0.134896 0.194444
17 0.652083 0.543750 0.015625 0.054167
17 0.676302 0.617361 0.018229 0.144444
17 0.703906 0.571528 0.017188 0.101389
17 0.728906 0.576736 0.018229 0.104861
17 0.788281 0.585069 0.017188 0.092361
18 0.722396 0.363889 0.093750 0.030556
0 0.552865 0.780208 0.245312 0.314583
1 0.738281 0.676736 0.229687 0.363194
