34 0.086979 0.645833 0.021875 0.245833
29 0.032292 0.277431 0.064583 0.229861
22 0.117448 0.186806 0.119271 0.179167
30 0.256250 0.204167 0.100000 0.087500
27 0.444792 0.085069 0.178125 0.170139
28 0.646354 0.139236 0.118750 0.145139
26 0.753385 0.081597 0.170313 0.163194
24 0.923177 0.194097 0.079687 0.111806
12 0.925521 0.272222 0.104167 0.145833
13 0.975521 0.439583 0.048958 0.151389
14 0.953125 0.339236 0.093750 0.082639
19 0.931250 0.355903 0.077083 0.068750
11 0.860677 0.459722 0.169271 0.187500
2 0.947135 0.568403 0.045312 0.145139
10 0.834635 0.287153 0.171354 0.188194
14 0.732552 0.259722 0.098437 0.140278
19 0.703125 0.296528 0.087500 0.119444
3 0.850260 0.692361 0.299479 0.108333
1 0.952604 0.744444 0.094792 0.255556
7 0.660937 0.644444 0.121875 0.034722
31 0.577604 0.613542 0.052083 0.056250
16 0.692448 0.440278 0.023438 0.037500
16 0.680208 0.483681 0.021875 0.036806
16 0.630469 0.478472 0.029687 0.026389
16 0.595052 0.524306 0.028646 0.031944
16 0.541406 0.470486 0.020313 0.042361
16 0.485417 0.462153 0.030208 0.029861
16 0.480990 0.513542 0.021354 0.040972
16 0.420052 0.511111 0.020313 0.043056
16 0.423698 0.456250 0.020313 0.041667
16 0.445052 0.460764 0.022396 0.028472
16 0.427344 0.405556 0.020313 0.038889
16 0.465625 0.413194 0.019792 0.040278
16 0.485677 0.412153 0.020313 0.039583
21 0.551302 0.478819 0.300521 0.149306
0 0.495052 0.686111 0.243229 0.394444
13 0.981771 0.318056 0.036458 0.113889
