4 0.685677 0.484375 0.068229 0.331250
13 0.634635 0.545486 0.204687 0.268750
23 0.014583 0.287847 0.029167 0.146528
30 0.137500 0.259028 0.083333 0.102778
17 0.217969 0.024653 0.077604 0.049306
17 0.262500 0.599653 0.025000 0.145139
17 0.285156 0.593750 0.026562 0.148611
17 0.308073 0.586806 0.026562 0.147222
17 0.332031 0.580903 0.027604 0.146528
17 0.354948 0.574653 0.029687 0.145139
17 0.391146 0.566319 0.030208 0.129861
22 0.331250 0.586111 0.176042 0.190278
18 0.352083 0.402778 0.081250 0.051389
16 0.233594 0.258681 0.022396 0.028472
16 0.261198 0.252083 0.015104 0.029167
16 0.276562 0.248611 0.015625 0.030556
16 0.232292 0.288889 0.017708 0.029167
16 0.249219 0.287847 0.018229 0.024306
16 0.292187 0.277083 0.025000 0.022222
16 0.322656 0.270486 0.018229 0.028472
16 0.234115 0.326042 0.019271 0.029861
16 0.398177 0.260069 0.022396 0.024306
16 0.453385 0.222569 0.022396 0.027083
16 0.443490 0.251389 0.018229 0.026389
16 0.278125 0.310764 0.019792 0.025694
31 0.322396 0.301042 0.021875 0.028472
16 0.371615 0.294444 0.018229 0.030556
21 0.350781 0.295486 0.255729 0.142361
27 0.227083 0.098611 0.186458 0.197222
28 0.425781 0.129861 0.105729 0.130556
26 0.502344 0.067361 0.134896 0.134722
14 0.552604 0.166319 0.054167 0.139583
14 0.763542 0.217708 0.081250 0.104861
19 0.534115 0.207292 0.059896 0.110417
19 0.741406 0.248264 0.069271 0.096528
24 0.759896 0.129167 0.085417 0.094444
11 0.692187 0.140278 0.135417 0.163889
13 0.813542 0.279167 0.113542 0.131944
10 0.886198 0.398264 0.132812 0.136806
12 0.584375 0.343056 0.170833 0.168056
3 0.801042 0.410069 0.130208 0.204861
2 0.872135 0.276042 0.042188 0.118750
5 0.886719 0.818403 0.226562 0.363194
9 0.808333 0.692708 0.162500 0.220139
0 0.475000 0.611458 0.219792 0.367361
1 0.941667 0.951389 0.116667 0.101389
