23 0.071615 0.253125 0.092188 0.196528
30 0.250781 0.217708 0.096354 0.114583
34 0.079948 0.717014 0.042188 0.236806
27 0.369531 0.076736 0.182812 0.153472
28 0.588542 0.102778 0.126042 0.151389
26 0.678385 0.058333 0.142187 0.116667
16 0.372135 0.235764 0.026562 0.036806
16 0.406250 0.230208 0.018750 0.036806
16 0.423958 0.227083 0.017708 0.037500
16 0.625260 0.221181 0.025521 0.032639
16 0.614844 0.256250 0.022396 0.033333
16 0.564063 0.260069 0.029167 0.025694
16 0.536458 0.298958 0.020833 0.038194
16 0.479948 0.261111 0.021354 0.030556
16 0.443229 0.266319 0.029167 0.028472
16 0.371094 0.273611 0.019271 0.031944
16 0.390885 0.272222 0.021354 0.027778
16 0.373698 0.315625 0.023438 0.035417
16 0.425521 0.306250 0.027083 0.030556
31 0.482552 0.298611 0.021354 0.034722
21 0.502083 0.288542 0.289583 0.136806
14 0.735938 0.174306 0.089583 0.143056
14 0.932552 0.261806 0.098437 0.095833
19 0.709896 0.212153 0.084375 0.121528
19 0.905208 0.288542 0.081250 0.093750
24 0.915104 0.142361 0.081250 0.115278
11 0.857031 0.153125 0.143229 0.190972
13 0.956510 0.332292 0.086979 0.129861
17 0.453125 0.705903 0.014583 0.061806
17 0.479427 0.684028 0.016146 0.104167
17 0.505469 0.675000 0.018229 0.118056
17 0.531510 0.663542 0.017188 0.117361
17 0.556771 0.647222 0.018750 0.158333
17 0.595313 0.644444 0.019792 0.141667
18 0.562760 0.626389 0.075521 0.052778
18 0.510417 0.420139 0.092708 0.047222
22 0.523438 0.649653 0.179167 0.178472
13 0.778125 0.593750 0.163542 0.188889
12 0.749740 0.375694 0.182812 0.177778
3 0.941406 0.467361 0.100521 0.229167
5 0.869271 0.572569 0.075000 0.354861
4 0.824479 0.507292 0.048958 0.345139
0 0.419531 0.675000 0.249479 0.329167
1 0.657031 0.683681 0.197396 0.238194
