0 0.319531 0.740625 0.171354 0.321528
25 0.421094 0.665625 0.160938 0.153472
1 0.544531 0.661458 0.198437 0.229861
24 0.593750 0.643056 0.155208 0.133333
2 0.761719 0.672569 0.139063 0.256250
3 0.798177 0.650000 0.099479 0.269444
4 0.945312 0.613889 0.077083 0.236111
5 0.967708 0.573264 0.064583 0.224306
13 0.911979 0.440972 0.084375 0.126389
11 0.833594 0.423264 0.120313 0.167361
10 0.730469 0.411111 0.154688 0.180556
12 0.812760 0.303819 0.115104 0.114583
13 0.890885 0.333681 0.084896 0.125694
19 0.625781 0.422917 0.067187 0.105556
14 0.643229 0.387847 0.071875 0.122917
16 0.566927 0.401042 0.017188 0.031250
16 0.559635 0.432986 0.017188 0.028472
16 0.520573 0.440972 0.020313 0.029167
31 0.513281 0.405208 0.018229 0.038194
16 0.489323 0.445486 0.016146 0.028472
16 0.450000 0.485417 0.018750 0.029167
16 0.442969 0.450694 0.020313 0.026389
16 0.414323 0.455556 0.018229 0.029167
16 0.400521 0.421528 0.015625 0.033333
16 0.384896 0.424306 0.015625 0.031944
16 0.358073 0.429167 0.017188 0.031944
16 0.374740 0.462153 0.020313 0.029861
16 0.358594 0.464236 0.017188 0.027083
16 0.358594 0.499306 0.018229 0.030556
21 0.468229 0.465625 0.247917 0.132639
28 0.555469 0.272222 0.099479 0.122222
26 0.624479 0.157292 0.140625 0.227083
16 0.360417 0.184375 0.021875 0.021528
27 0.366667 0.191319 0.160417 0.353472
19 0.300260 0.365625 0.064062 0.111806
14 0.282552 0.328819 0.061979 0.135417
30 0.232552 0.386458 0.081771 0.086806
22 0.103906 0.451389 0.100521 0.176389
29 0.032552 0.465625 0.058854 0.204861
34 0.147917 0.771875 0.022917 0.222917
17 0.326302 0.164236 0.063021 0.039583
