2 0.285417 0.198611 0.075000 0.036111
4 0.382031 0.264815 0.055729 0.040741
3 0.354948 0.219444 0.045312 0.064815
10 0.340885 0.175926 0.050521 0.088889
14 0.314323 0.217130 0.024479 0.082407
14 0.343750 0.281019 0.021875 0.091667
19 0.320312 0.240278 0.023958 0.063889
19 0.352604 0.306019 0.026042 0.069444
12 0.389844 0.275463 0.061979 0.084259
13 0.431250 0.247222 0.051042 0.083333
24 0.220573 0.268519 0.028646 0.066667
26 0.270313 0.314815 0.085417 0.181481
28 0.336198 0.369907 0.057813 0.084259
17 0.336719 0.434722 0.039062 0.043519
17 0.464323 0.288889 0.010937 0.012963
18 0.473698 0.253241 0.010937 0.034259
18 0.443490 0.333796 0.024479 0.030556
16 0.374219 0.324537 0.007812 0.012037
16 0.387760 0.318981 0.007812 0.012037
16 0.397917 0.330093 0.007292 0.010185
16 0.413021 0.330556 0.008333 0.012963
16 0.415104 0.349537 0.007292 0.012037
16 0.421875 0.356481 0.007292 0.012963
16 0.415625 0.372685 0.009375 0.012037
16 0.419792 0.379167 0.007292 0.013889
16 0.427344 0.386574 0.007812 0.012037
16 0.433333 0.370833 0.007292 0.010185
16 0.437240 0.377778 0.007812 0.011111
16 0.446094 0.366667 0.008854 0.012963
16 0.435417 0.355093 0.010417 0.012037
31 0.423958 0.340278 0.007292 0.015741
16 0.413021 0.364815 0.085417 0.107407
22 0.480990 0.313426 0.053646 0.058333
16 0.296354 0.602315 0.015625 0.049074
27 0.327604 0.456481 0.152083 0.179630
30 0.444531 0.464352 0.046354 0.075000
23 0.513542 0.592593 0.091667 0.148148
29 0.594531 0.607870 0.071354 0.156481
34 0.616667 0.417593 0.040625 0.068519
0 0.506510 0.293981 0.077604 0.063889
1 0.466146 0.241667 0.033333 0.072222
