34 0.131250 0.673958 0.021875 0.217361
29 0.066146 0.359722 0.066667 0.204167
22 0.131250 0.348264 0.105208 0.172917
30 0.261979 0.290972 0.088542 0.086111
17 0.379948 0.058333 0.059896 0.038889
16 0.384635 0.097222 0.017188 0.026389
27 0.411979 0.139931 0.171875 0.279861
14 0.326042 0.230903 0.071875 0.143750
19 0.343750 0.270486 0.069792 0.113194
31 0.558073 0.338889 0.019271 0.038889
16 0.617969 0.343056 0.018229 0.031944
16 0.605469 0.379861 0.020313 0.031944
16 0.561719 0.381944 0.025521 0.031944
16 0.527865 0.381944 0.025521 0.030556
16 0.477604 0.380903 0.027083 0.031250
16 0.478646 0.417014 0.020833 0.038194
16 0.444010 0.379861 0.023438 0.033333
16 0.431250 0.342708 0.019792 0.035417
16 0.414583 0.344097 0.018750 0.034028
16 0.385417 0.345833 0.019792 0.034722
16 0.397656 0.380208 0.021354 0.035417
16 0.380208 0.383333 0.019792 0.033333
16 0.379167 0.421875 0.021875 0.034028
21 0.502083 0.397917 0.273958 0.116667
28 0.618490 0.196181 0.110937 0.138194
26 0.709115 0.102431 0.165104 0.204861
12 0.907813 0.282986 0.123958 0.156250
13 0.972135 0.323264 0.055729 0.138194
13 0.978646 0.450000 0.042708 0.147222
11 0.918229 0.462153 0.150000 0.192361
10 0.802083 0.410417 0.183333 0.198611
14 0.708073 0.318750 0.089063 0.134722
19 0.684375 0.363889 0.077083 0.112500
3 0.905469 0.685764 0.054688 0.302083
4 0.990625 0.585417 0.018750 0.141667
2 0.843490 0.678472 0.080729 0.304167
1 0.766927 0.646528 0.181771 0.250000
0 0.470833 0.654861 0.242708 0.345833
24 0.644271 0.628472 0.175000 0.161111
25 0.456771 0.592361 0.168750 0.148611
