0 0.387500 0.366667 0.118750 0.088889
3 0.400781 0.184259 0.033854 0.025926
27 0.332031 0.447222 0.150521 0.183333
1 0.450000 0.239352 0.050000 0.058333
29 0.594531 0.608333 0.072396 0.157407
13 0.271094 0.208333 0.044271 0.046296
12 0.285677 0.251389 0.053646 0.073148
2 0.430990 0.238889 0.041146 0.066667
26 0.269792 0.316667 0.086458 0.175926
16 0.366406 0.414352 0.020313 0.034259
17 0.308854 0.589352 0.039583 0.050926
28 0.329948 0.366667 0.043229 0.075926
14 0.350000 0.280093 0.027083 0.087963
19 0.355469 0.305556 0.027604 0.072222
30 0.467187 0.481944 0.048958 0.076852
22 0.519010 0.585648 0.095312 0.150926
14 0.315104 0.218056 0.023958 0.082407
19 0.320573 0.240741 0.024479 0.064815
24 0.220052 0.284259 0.023438 0.064815
21 0.429688 0.304630 0.051042 0.050000
11 0.367188 0.212037 0.046875 0.083333
13 0.313281 0.208796 0.039062 0.069444
16 0.446875 0.297222 0.007292 0.014815
16 0.430729 0.296296 0.007292 0.012963
16 0.420833 0.287037 0.008333 0.011111
16 0.408594 0.291204 0.006771 0.013889
34 0.616667 0.417593 0.040625 0.068519
5 0.357031 0.180556 0.061979 0.059259
4 0.367708 0.187037 0.069792 0.048148
10 0.386198 0.243519 0.057813 0.107407
16 0.445312 0.308333 0.005208 0.009259
