29 0.215625 0.400926 0.045833 0.198148
22 0.271354 0.334722 0.065625 0.143519
30 0.367708 0.368981 0.046875 0.052778
16 0.460938 0.226852 0.009375 0.022222
16 0.460677 0.510648 0.007812 0.023148
16 0.475521 0.512963 0.009375 0.022222
16 0.484115 0.511574 0.008854 0.021296
16 0.460938 0.537963 0.008333 0.022222
16 0.467708 0.534722 0.006250 0.013889
16 0.528906 0.564815 0.009896 0.020370
16 0.485417 0.536111 0.009375 0.016667
16 0.566667 0.540278 0.009375 0.021296
16 0.542969 0.543519 0.011979 0.016667
21 0.516146 0.538889 0.128125 0.070370
32 0.602865 0.524074 0.011979 0.018519
14 0.577865 0.441667 0.029687 0.055556
0 0.535677 0.507870 0.102604 0.169444
1 0.627083 0.574074 0.057292 0.153704
27 0.442969 0.172685 0.117188 0.317593
28 0.562760 0.283333 0.061979 0.109259
26 0.630729 0.175000 0.109375 0.200000
24 0.802865 0.213426 0.089063 0.126852
12 0.766146 0.329630 0.095833 0.114815
13 0.851302 0.358796 0.092188 0.145370
13 0.828385 0.468056 0.100521 0.132407
10 0.665365 0.397685 0.093229 0.108333
11 0.677604 0.507407 0.095833 0.112963
14 0.765885 0.408796 0.048438 0.047222
19 0.746615 0.417130 0.042188 0.049074
5 0.860938 0.623148 0.056250 0.224074
4 0.819792 0.664815 0.041667 0.235185
2 0.759896 0.627778 0.047917 0.212963
3 0.729427 0.637500 0.036979 0.215741
34 0.303385 0.657870 0.020313 0.149074
