29 0.161458 0.293750 0.078125 0.213889
22 0.255990 0.223264 0.118229 0.159028
30 0.397396 0.259375 0.092708 0.081250
34 0.204948 0.657292 0.028646 0.229861
17 0.519010 0.038542 0.068229 0.029861
16 0.596615 0.108333 0.017188 0.063889
27 0.583594 0.123264 0.166146 0.246528
28 0.767969 0.242361 0.111979 0.143056
26 0.875260 0.138194 0.178646 0.259722
10 0.944792 0.400694 0.110417 0.202778
11 0.934635 0.611111 0.130729 0.190278
1 0.975260 0.943750 0.049479 0.112500
16 0.808073 0.507986 0.021354 0.034028
16 0.795833 0.546875 0.019792 0.034028
16 0.752344 0.538542 0.022396 0.027083
16 0.720573 0.580556 0.019271 0.037500
16 0.690104 0.527778 0.025000 0.025000
16 0.640625 0.514931 0.019792 0.034028
16 0.617708 0.559028 0.019792 0.037500
16 0.564844 0.550000 0.024479 0.036111
16 0.569271 0.502778 0.018750 0.038889
16 0.575000 0.458681 0.028125 0.027083
16 0.608073 0.463542 0.021354 0.034028
16 0.627083 0.467361 0.021875 0.033333
31 0.672917 0.566319 0.020833 0.036806
21 0.674479 0.536111 0.269792 0.161111
14 0.873437 0.392708 0.111458 0.118750
19 0.840625 0.423264 0.087500 0.103472
16 0.463281 0.718056 0.019271 0.029167
0 0.471354 0.754514 0.127083 0.261806
