27 0.440625 0.161574 0.122917 0.317593
4 0.822917 0.643981 0.041667 0.237963
5 0.861458 0.624074 0.057292 0.225926
3 0.790104 0.660648 0.037500 0.217593
2 0.652604 0.661111 0.060417 0.196296
11 0.738542 0.566667 0.104167 0.112963
10 0.669792 0.527778 0.094792 0.111111
13 0.851302 0.359259 0.091146 0.146296
12 0.765885 0.330093 0.095312 0.115741
13 0.827865 0.467593 0.101562 0.133333
26 0.630729 0.175000 0.109375 0.200000
28 0.562500 0.281944 0.062500 0.112037
31 0.456250 0.186111 0.010417 0.016667
17 0.409635 0.091204 0.040104 0.036111
30 0.363542 0.364352 0.041667 0.056481
24 0.802604 0.213889 0.088542 0.125926
22 0.271354 0.334722 0.065625 0.141667
29 0.215365 0.401852 0.046354 0.198148
14 0.621094 0.374074 0.034896 0.053704
19 0.607292 0.387500 0.028125 0.050926
14 0.763802 0.408796 0.052604 0.047222
19 0.746354 0.417593 0.042708 0.050000
16 0.490365 0.494907 0.007812 0.017593
16 0.466927 0.499537 0.011979 0.012037
16 0.482812 0.496759 0.008333 0.017593
16 0.490104 0.551852 0.010417 0.020370
16 0.467448 0.553704 0.008854 0.020370
16 0.476042 0.524537 0.009375 0.017593
16 0.467187 0.525000 0.008333 0.022222
16 0.535937 0.552315 0.009375 0.013889
16 0.573177 0.520833 0.008854 0.017593
16 0.580208 0.495370 0.009375 0.022222
21 0.522656 0.524074 0.128646 0.072222
0 0.419010 0.248611 0.076563 0.247222
1 0.598698 0.647685 0.041146 0.145370
34 0.303125 0.657870 0.019792 0.147222
16 0.520052 0.525926 0.006771 0.012963
16 0.551562 0.521296 0.007292 0.012963
