29 0.215365 0.401389 0.046354 0.197222
23 0.276042 0.329630 0.069792 0.148148
30 0.394792 0.351389 0.046875 0.060185
17 0.442708 0.168519 0.048958 0.040741
17 0.494010 0.634259 0.006771 0.029630
17 0.504167 0.632870 0.006250 0.043519
17 0.514844 0.632407 0.006771 0.050000
17 0.525260 0.625000 0.006771 0.066667
17 0.540365 0.629630 0.006771 0.074074
18 0.521875 0.622222 0.020833 0.031481
18 0.512500 0.506481 0.038542 0.020370
16 0.458594 0.393056 0.010937 0.019444
16 0.472396 0.390278 0.008333 0.019444
16 0.480469 0.389815 0.007812 0.022222
16 0.571094 0.389815 0.010937 0.020370
16 0.563021 0.416204 0.009375 0.019444
16 0.541667 0.418056 0.010417 0.019444
16 0.526823 0.442130 0.008854 0.021296
16 0.503646 0.416667 0.008333 0.020370
16 0.488542 0.419907 0.012500 0.015741
16 0.458594 0.417593 0.009896 0.020370
16 0.468490 0.419907 0.010937 0.017593
16 0.459375 0.447222 0.010417 0.022222
16 0.480208 0.446296 0.011458 0.016667
31 0.503385 0.443519 0.008854 0.022222
21 0.513802 0.420370 0.128646 0.072222
34 0.303125 0.657870 0.018750 0.149074
16 0.410156 0.071759 0.011979 0.017593
27 0.438281 0.154630 0.123438 0.309259
28 0.563021 0.281019 0.061458 0.110185
26 0.630729 0.175000 0.109375 0.198148
14 0.624740 0.368981 0.034896 0.054630
14 0.765885 0.407870 0.048438 0.047222
19 0.610938 0.379630 0.027083 0.051852
19 0.746875 0.417593 0.042708 0.048148
22 0.511979 0.627315 0.071875 0.091667
12 0.623958 0.490741 0.080208 0.100000
13 0.626823 0.622222 0.082812 0.114815
0 0.472135 0.637500 0.096354 0.158333
1 0.558333 0.664352 0.073958 0.126852
13 0.813281 0.441667 0.096354 0.116667
11 0.744010 0.287037 0.109896 0.150000
10 0.847135 0.575000 0.111979 0.107407
24 0.825521 0.230556 0.082292 0.109259
2 0.901042 0.437037 0.042708 0.194444
3 0.767708 0.556944 0.073958 0.189815
5 0.685417 0.616667 0.051042 0.231481
4 0.671615 0.516204 0.040104 0.145370
