16 0.453906 0.532986 0.014063 0.017361
21 0.568490 0.559375 0.258854 0.124306
29 0.090104 0.376389 0.070833 0.200000
22 0.174219 0.307986 0.106771 0.149306
30 0.298698 0.330208 0.083854 0.071528
17 0.410156 0.122222 0.060937 0.031944
16 0.479167 0.130903 0.015625 0.021528
27 0.457292 0.151042 0.162500 0.302083
28 0.636979 0.277778 0.103125 0.129167
26 0.732031 0.174653 0.153646 0.238194
24 0.901042 0.297917 0.080208 0.098611
13 0.970573 0.415625 0.058854 0.127083
13 0.967187 0.519097 0.064583 0.142361
4 0.983073 0.683681 0.033854 0.195139
2 0.932031 0.735764 0.060937 0.264583
12 0.904687 0.368403 0.092708 0.121528
14 0.928906 0.430903 0.088021 0.085417
19 0.907292 0.455208 0.069792 0.082639
10 0.838802 0.393403 0.143229 0.186806
11 0.848437 0.605556 0.158333 0.170833
14 0.736198 0.410069 0.070312 0.115972
19 0.708073 0.439583 0.060937 0.102778
3 0.737500 0.621528 0.054167 0.122222
31 0.528906 0.579861 0.027604 0.044444
16 0.459896 0.499653 0.026042 0.025694
16 0.491927 0.501042 0.017188 0.031250
16 0.508073 0.501736 0.018229 0.029861
16 0.570312 0.551042 0.022917 0.027083
16 0.601302 0.594444 0.024479 0.026389
16 0.633854 0.551042 0.020833 0.029861
16 0.688281 0.517014 0.019271 0.029861
16 0.676823 0.555208 0.017188 0.031250
1 0.779687 0.468750 0.121875 0.258333
0 0.452865 0.686806 0.186979 0.338889
34 0.134375 0.709375 0.023958 0.217361
