34 0.178125 0.645833 0.042708 0.193056
29 0.144271 0.363194 0.069792 0.168056
22 0.209115 0.367708 0.106771 0.138194
30 0.332813 0.340972 0.077083 0.070833
19 0.398698 0.329861 0.049479 0.098611
14 0.385937 0.297569 0.045833 0.124306
17 0.444531 0.165625 0.058854 0.027083
16 0.452865 0.194792 0.013021 0.021528
27 0.473177 0.193056 0.142187 0.318056
28 0.640104 0.302083 0.092708 0.116667
26 0.720573 0.205208 0.139063 0.220139
12 0.892969 0.390278 0.110937 0.138889
13 0.963281 0.431944 0.073438 0.134722
13 0.970833 0.527431 0.058333 0.118750
11 0.900000 0.534028 0.138542 0.159722
10 0.810417 0.485764 0.154167 0.182639
19 0.691667 0.441667 0.066667 0.105556
3 0.852865 0.664583 0.054688 0.143056
2 0.871615 0.657986 0.256771 0.096528
1 0.941927 0.704514 0.116146 0.275694
6 0.717187 0.625000 0.096875 0.030556
24 0.637240 0.623611 0.144271 0.137500
25 0.486198 0.613542 0.148438 0.139583
14 0.492188 0.634722 0.068750 0.129167
0 0.454167 0.731944 0.173958 0.325000
31 0.585417 0.406597 0.016667 0.028472
16 0.635417 0.419444 0.015625 0.027778
16 0.623698 0.446181 0.015104 0.025694
16 0.586719 0.444097 0.022396 0.025694
16 0.557292 0.440972 0.026042 0.025000
16 0.514583 0.434028 0.019792 0.025000
16 0.479687 0.401042 0.016667 0.031250
16 0.465365 0.399653 0.015104 0.029861
16 0.440104 0.397917 0.016667 0.029167
16 0.487760 0.432292 0.018229 0.027083
16 0.516667 0.465972 0.015625 0.029167
16 0.449479 0.427778 0.018750 0.029167
16 0.434635 0.428125 0.017188 0.028472
16 0.430729 0.458681 0.017708 0.028472
21 0.532813 0.455556 0.233333 0.115278
