34 0.222917 0.533681 0.071875 0.238194
29 0.169531 0.157292 0.101562 0.195139
22 0.254427 0.187500 0.143229 0.170833
30 0.418750 0.199653 0.091667 0.102083
19 0.500000 0.217361 0.062500 0.116667
14 0.513542 0.176389 0.063542 0.144444
17 0.558594 0.042708 0.066146 0.042361
16 0.610156 0.085417 0.022396 0.020833
27 0.611979 0.137153 0.187500 0.274306
28 0.747656 0.284722 0.097396 0.131944
26 0.847917 0.212153 0.163542 0.220139
19 0.789844 0.480903 0.086979 0.089583
4 0.943229 0.461458 0.087500 0.140972
5 0.982292 0.526042 0.035417 0.124306
11 0.931771 0.565278 0.104167 0.156944
10 0.861458 0.570833 0.147917 0.175000
5 0.982552 0.855208 0.034896 0.074306
1 0.940885 0.716667 0.118229 0.270833
2 0.848437 0.687153 0.303125 0.100694
6 0.668750 0.700694 0.104167 0.029167
14 0.606250 0.669792 0.150000 0.136806
0 0.525000 0.735764 0.264583 0.272917
24 0.695052 0.617361 0.135937 0.144444
25 0.538542 0.558333 0.173958 0.161111
31 0.693229 0.385069 0.023958 0.035417
16 0.737240 0.412847 0.019271 0.024306
16 0.545833 0.316319 0.019792 0.032639
16 0.573438 0.328472 0.019792 0.033333
16 0.587240 0.335417 0.020313 0.031944
16 0.539323 0.351042 0.019271 0.031250
16 0.553646 0.356250 0.020833 0.029167
16 0.531250 0.384722 0.016667 0.030556
16 0.595833 0.375694 0.019792 0.033333
16 0.625000 0.389583 0.022917 0.027778
16 0.665625 0.409722 0.025000 0.025000
16 0.621615 0.423958 0.017188 0.029861
16 0.690104 0.422569 0.020833 0.025694
16 0.725521 0.438542 0.018750 0.027083
21 0.621875 0.409375 0.235417 0.196528
