34 0.086979 0.134722 0.033333 0.011111
29 0.220833 0.334375 0.093750 0.134028
24 0.297396 0.429861 0.127083 0.120833
22 0.379427 0.357639 0.103646 0.130556
19 0.435937 0.382639 0.041667 0.090278
14 0.443229 0.350000 0.039583 0.109722
30 0.516667 0.436111 0.072917 0.086111
16 0.617188 0.356250 0.030208 0.037500
27 0.617188 0.336111 0.121875 0.269444
28 0.708854 0.495139 0.081250 0.109722
26 0.814063 0.473611 0.140625 0.187500
19 0.767969 0.610417 0.064062 0.079167
14 0.796094 0.575000 0.086979 0.113889
2 0.822396 0.882639 0.048958 0.234722
11 0.855469 0.903472 0.042188 0.193056
5 0.940625 0.923611 0.045833 0.152778
4 0.979688 0.932639 0.040625 0.134722
10 0.845573 0.704514 0.124479 0.165972
13 0.910417 0.667361 0.078125 0.120833
13 0.964583 0.731597 0.070833 0.110417
12 0.973437 0.814236 0.053125 0.121528
11 0.905208 0.790972 0.109375 0.154167
34 0.462760 0.656250 0.025521 0.180556
31 0.662500 0.619097 0.019792 0.014583
16 0.697917 0.586111 0.015625 0.023611
16 0.717448 0.595139 0.014063 0.022222
16 0.734896 0.609375 0.016667 0.020139
16 0.639844 0.554167 0.019271 0.023611
16 0.619531 0.540625 0.016146 0.025694
16 0.610417 0.533681 0.013542 0.022917
16 0.590104 0.524306 0.019792 0.022222
16 0.632552 0.601042 0.018229 0.021528
16 0.609375 0.588889 0.015625 0.023611
16 0.604427 0.559722 0.015104 0.022222
16 0.594010 0.551389 0.014063 0.025000
16 0.583073 0.544097 0.014063 0.024306
21 0.644792 0.589236 0.181250 0.140972
1 0.706250 0.678472 0.108333 0.173611
0 0.528125 0.855903 0.123958 0.153472
