0 0.466406 0.546875 0.078646 0.175694
10 0.520052 0.600347 0.106771 0.231250
6 0.485938 0.620139 0.010417 0.012500
2 0.535417 0.491319 0.095833 0.256250
1 0.558594 0.506944 0.103646 0.250000
11 0.659375 0.660417 0.102083 0.133333
12 0.736979 0.626736 0.103125 0.104861
5 0.764062 0.789931 0.114583 0.242361
4 0.794010 0.760417 0.061979 0.220833
13 0.703646 0.548264 0.094792 0.093750
13 0.629167 0.536458 0.067708 0.096528
26 0.407292 0.445139 0.123958 0.206944
14 0.410156 0.557986 0.046354 0.149306
19 0.401042 0.608333 0.040625 0.076389
28 0.318490 0.532986 0.084896 0.111806
16 0.366406 0.664931 0.015104 0.027083
16 0.341406 0.669444 0.014063 0.029167
16 0.315885 0.677778 0.020313 0.025000
31 0.282292 0.742361 0.016667 0.029167
16 0.231771 0.758333 0.015625 0.025000
16 0.217708 0.761458 0.016667 0.022917
16 0.178385 0.735417 0.015104 0.026389
16 0.191146 0.733333 0.013542 0.023611
16 0.204687 0.728472 0.013542 0.026389
16 0.179167 0.703819 0.020833 0.025694
16 0.203125 0.699306 0.016667 0.027778
16 0.215625 0.696528 0.014583 0.027778
16 0.240365 0.693750 0.020313 0.026389
21 0.270052 0.731250 0.192188 0.133333
30 0.106250 0.619444 0.070833 0.076389
16 0.173698 0.438542 0.011979 0.022917
17 0.224479 0.418750 0.050000 0.013889
27 0.178906 0.442014 0.173437 0.282639
19 0.026562 0.620833 0.053125 0.093056
14 0.018229 0.598611 0.036458 0.094444
34 0.129688 0.911806 0.050000 0.176389
22 0.013021 0.619097 0.026042 0.124306
