27 0.314063 0.471875 0.155208 0.252083
0 0.439583 0.682292 0.105208 0.131250
1 0.631771 0.675000 0.141667 0.233333
32 0.560677 0.607292 0.029687 0.031250
33 0.483854 0.629167 0.020833 0.029167
34 0.259635 0.826389 0.022396 0.065278
16 0.324219 0.697917 0.018229 0.019444
16 0.323698 0.726736 0.014063 0.024306
16 0.336198 0.723958 0.014063 0.027083
16 0.346354 0.696181 0.014583 0.024306
16 0.358333 0.692361 0.013542 0.022222
16 0.348438 0.721528 0.014583 0.025000
16 0.361979 0.720139 0.016667 0.020833
16 0.381250 0.691319 0.020833 0.018750
16 0.494531 0.723611 0.019271 0.019444
16 0.473698 0.677431 0.011979 0.020139
16 0.494531 0.673264 0.015104 0.022917
21 0.414583 0.728472 0.204167 0.109722
19 0.521875 0.631597 0.042708 0.084028
14 0.535417 0.585764 0.047917 0.135417
10 0.641146 0.658333 0.126042 0.130556
2 0.629687 0.784028 0.028125 0.050000
3 0.749479 0.875347 0.085417 0.220139
11 0.741667 0.689583 0.103125 0.127778
12 0.815885 0.660417 0.093229 0.093056
5 0.840365 0.807639 0.103646 0.218056
4 0.867188 0.785069 0.057292 0.203472
13 0.784375 0.588889 0.085417 0.084722
13 0.701302 0.575347 0.094271 0.090972
26 0.529948 0.488194 0.111979 0.188889
28 0.444010 0.560069 0.076563 0.099306
16 0.307552 0.485417 0.020313 0.038889
17 0.347917 0.454167 0.044792 0.013889
30 0.245833 0.622917 0.064583 0.068056
19 0.163802 0.616319 0.051562 0.086806
14 0.150000 0.589236 0.054167 0.102083
22 0.108594 0.619792 0.081771 0.120139
24 0.057813 0.730903 0.105208 0.109028
