29 0.650521 0.650926 0.075000 0.168519
22 0.513021 0.572685 0.095833 0.147222
30 0.442708 0.468519 0.047917 0.075926
34 0.553125 0.373148 0.009375 0.070370
19 0.465885 0.418056 0.026562 0.082407
14 0.461458 0.390741 0.021875 0.105556
16 0.342448 0.443981 0.014063 0.047222
27 0.326302 0.455556 0.153646 0.183333
17 0.278125 0.543981 0.018750 0.063889
28 0.340625 0.379167 0.057292 0.073148
26 0.288021 0.307870 0.086458 0.176852
13 0.279687 0.203704 0.042708 0.046296
12 0.313802 0.199537 0.046354 0.073148
4 0.364063 0.177315 0.070833 0.026852
13 0.382292 0.186111 0.058333 0.040741
2 0.425781 0.252315 0.064062 0.065741
11 0.339844 0.231019 0.043229 0.095370
10 0.361719 0.256944 0.056771 0.106481
14 0.349740 0.279630 0.032813 0.107407
19 0.359375 0.312500 0.025000 0.073148
31 0.397396 0.354167 0.008333 0.019444
16 0.373958 0.331481 0.008333 0.018519
16 0.387240 0.325926 0.006771 0.016667
16 0.436198 0.359722 0.009896 0.015741
16 0.438802 0.381481 0.007812 0.012963
16 0.434375 0.374074 0.009375 0.009259
16 0.429427 0.390741 0.009896 0.011111
16 0.420833 0.382870 0.008333 0.013889
16 0.417187 0.378241 0.008333 0.013889
16 0.423958 0.359259 0.007292 0.009259
16 0.414583 0.354630 0.006250 0.014815
16 0.398698 0.335185 0.009896 0.009259
16 0.404167 0.342593 0.007292 0.014815
21 0.412240 0.369444 0.085938 0.107407
24 0.464062 0.331944 0.064583 0.075000
25 0.497656 0.303704 0.050521 0.066667
16 0.511198 0.275926 0.017188 0.016667
0 0.522396 0.290278 0.050000 0.075000
7 0.466927 0.219444 0.010937 0.046296
3 0.444271 0.112500 0.040625 0.176852
1 0.442448 0.080556 0.051562 0.125926
