34 0.315365 0.653472 0.017188 0.083333
0 0.411719 0.662153 0.132812 0.171528
24 0.510938 0.667708 0.138542 0.129861
25 0.503646 0.805903 0.143750 0.134028
6 0.492708 0.636806 0.039583 0.047222
2 0.591406 0.507292 0.183854 0.254861
1 0.642969 0.532986 0.140104 0.318750
16 0.437760 0.478472 0.018229 0.025000
16 0.436719 0.501042 0.014063 0.017361
16 0.451042 0.502778 0.018750 0.018056
16 0.460417 0.481250 0.012500 0.027778
16 0.472135 0.481944 0.013021 0.026389
16 0.485417 0.504861 0.014583 0.020833
16 0.507292 0.513542 0.017708 0.022917
16 0.472135 0.535069 0.014063 0.021528
16 0.505990 0.538542 0.014063 0.024306
16 0.541927 0.517361 0.015104 0.025000
16 0.564323 0.520139 0.016146 0.019444
31 0.528646 0.488194 0.017708 0.029167
21 0.510677 0.528819 0.185938 0.102083
28 0.565885 0.419097 0.081771 0.103472
26 0.664844 0.349306 0.127604 0.152778
16 0.437760 0.304514 0.026562 0.038194
27 0.450781 0.293750 0.127604 0.270833
19 0.367708 0.478125 0.043750 0.095139
14 0.363542 0.444792 0.038542 0.114583
30 0.356250 0.436806 0.066667 0.069444
22 0.213021 0.409722 0.104167 0.127778
29 0.058333 0.450347 0.080208 0.164583
17 0.487500 0.294097 0.015625 0.013194
10 0.746094 0.579861 0.122396 0.143056
11 0.821615 0.628472 0.115104 0.145833
12 0.903646 0.634028 0.075000 0.105556
13 0.878646 0.548958 0.078125 0.092361
13 0.807292 0.518056 0.092708 0.102778
4 0.925000 0.782986 0.031250 0.211806
5 0.901042 0.783333 0.064583 0.230556
3 0.777083 0.809028 0.061458 0.252778
