34 0.109635 0.129861 0.033854 0.011111
29 0.278906 0.349306 0.091146 0.141667
24 0.368229 0.452778 0.129167 0.129167
22 0.450000 0.377778 0.106250 0.134722
19 0.510156 0.404861 0.047396 0.091667
14 0.522917 0.375000 0.044792 0.106944
30 0.588542 0.461458 0.069792 0.084028
16 0.712240 0.396528 0.016146 0.043056
27 0.675781 0.360764 0.116146 0.265972
28 0.766146 0.518750 0.075000 0.105556
26 0.862500 0.498611 0.135417 0.176389
14 0.850781 0.596875 0.086979 0.104861
19 0.823698 0.630903 0.063021 0.072917
13 0.943490 0.678819 0.072396 0.111806
13 0.979948 0.729514 0.040104 0.082639
10 0.896094 0.715972 0.111979 0.144444
11 0.944531 0.795486 0.096354 0.143750
12 0.988281 0.817361 0.023438 0.111111
4 0.995313 0.937500 0.009375 0.125000
5 0.974479 0.924653 0.040625 0.150694
3 0.902083 0.906944 0.036458 0.186111
2 0.867188 0.891319 0.042708 0.217361
0 0.429688 0.754861 0.130208 0.204167
1 0.523958 0.626042 0.121875 0.240972
34 0.517448 0.582986 0.129688 0.064583
31 0.738542 0.638889 0.019792 0.022222
16 0.662500 0.556250 0.018750 0.023611
16 0.682292 0.564236 0.013542 0.025694
16 0.690365 0.567708 0.016146 0.024306
16 0.710156 0.578125 0.017188 0.022917
16 0.761198 0.605556 0.018229 0.022222
16 0.776823 0.612153 0.016146 0.024306
16 0.792708 0.622222 0.016667 0.019444
16 0.709115 0.626042 0.014063 0.024306
16 0.660937 0.577431 0.014583 0.024306
16 0.671354 0.581250 0.012500 0.022222
16 0.681771 0.587847 0.014583 0.025694
16 0.692708 0.592014 0.012500 0.024306
16 0.775260 0.640972 0.010937 0.015278
21 0.715104 0.622222 0.162500 0.144444
