0 0.371875 0.963889 0.122917 0.072222
1 0.584635 0.651736 0.136979 0.178472
27 0.513542 0.652431 0.120833 0.188194
24 0.565365 0.983681 0.128646 0.032639
16 0.539323 0.878472 0.014063 0.025000
16 0.501563 0.840625 0.015625 0.028472
16 0.517448 0.846528 0.020313 0.023611
16 0.504427 0.813194 0.018229 0.025000
16 0.527083 0.817708 0.015625 0.028472
16 0.539062 0.819792 0.015625 0.028472
16 0.552344 0.852083 0.019271 0.026389
16 0.576562 0.853819 0.019792 0.025694
31 0.600000 0.826042 0.017708 0.024306
21 0.551823 0.866667 0.150521 0.109722
19 0.414062 0.813194 0.050000 0.087500
14 0.424219 0.781597 0.043229 0.109028
30 0.414583 0.739931 0.073958 0.074306
22 0.255208 0.677778 0.118750 0.158333
29 0.078906 0.668056 0.100521 0.175000
28 0.635417 0.737847 0.087500 0.092361
26 0.739323 0.692708 0.141146 0.200694
19 0.732031 0.829861 0.036979 0.044444
14 0.750260 0.805903 0.073438 0.111806
10 0.816146 0.923958 0.135417 0.152083
11 0.889583 0.943056 0.116667 0.113889
12 0.964844 0.944097 0.070312 0.099306
4 0.987500 0.990278 0.025000 0.019444
13 0.941667 0.856597 0.079167 0.096528
13 0.872656 0.836806 0.095312 0.108333
