0 0.336719 0.922569 0.140104 0.154861
34 0.424219 0.871181 0.032813 0.207639
16 0.658073 0.556597 0.011979 0.021528
28 0.634115 0.583681 0.070312 0.109028
1 0.694531 0.586458 0.065104 0.142361
16 0.645052 0.730556 0.015104 0.019444
31 0.645833 0.788194 0.016667 0.023611
16 0.570312 0.770486 0.014583 0.028472
16 0.557813 0.768750 0.014583 0.026389
16 0.533333 0.728472 0.017708 0.025000
16 0.519792 0.724653 0.017708 0.024306
16 0.523698 0.693750 0.020313 0.023611
16 0.546094 0.700347 0.018229 0.027083
16 0.558333 0.702778 0.016667 0.029167
16 0.582031 0.711806 0.020313 0.023611
21 0.574479 0.754861 0.163542 0.125000
10 0.798698 0.766667 0.114062 0.138889
11 0.856510 0.829514 0.102604 0.134028
12 0.920052 0.824653 0.061979 0.100694
11 0.814063 0.938889 0.050000 0.122222
5 0.908073 0.922569 0.043229 0.154861
4 0.933594 0.932292 0.030729 0.134028
13 0.899219 0.744097 0.069271 0.092361
13 0.842708 0.702431 0.081250 0.107639
14 0.754427 0.646875 0.060937 0.085417
19 0.733594 0.675694 0.022396 0.037500
26 0.754427 0.546528 0.117188 0.183333
16 0.545573 0.470833 0.024479 0.050000
27 0.531250 0.429861 0.131250 0.294444
30 0.434375 0.562500 0.073958 0.086111
19 0.338542 0.515625 0.044792 0.100694
14 0.346354 0.481250 0.040625 0.120833
22 0.271354 0.489583 0.118750 0.159722
24 0.182031 0.595139 0.146354 0.143056
29 0.082552 0.481597 0.102604 0.182639
