0 0.421875 0.884028 0.130208 0.173611
34 0.387500 0.807639 0.016667 0.055556
24 0.548698 0.882292 0.100521 0.143750
16 0.521094 0.661458 0.020313 0.025694
16 0.544010 0.667361 0.013021 0.027778
16 0.554948 0.671181 0.015104 0.027083
16 0.517448 0.686111 0.014063 0.026389
16 0.530990 0.693056 0.015104 0.022222
16 0.566667 0.706250 0.011458 0.018056
16 0.538281 0.727778 0.015104 0.023611
21 0.539323 0.712847 0.100521 0.117361
19 0.443750 0.644097 0.055208 0.090972
14 0.457552 0.613889 0.053646 0.108333
30 0.434635 0.577778 0.075521 0.080556
22 0.276562 0.502431 0.120833 0.160417
29 0.095052 0.488194 0.103646 0.177778
16 0.536198 0.461111 0.032813 0.034722
1 0.596875 0.463889 0.080208 0.123611
27 0.541667 0.450347 0.132292 0.300694
28 0.671875 0.601389 0.037500 0.087500
26 0.753906 0.579167 0.143229 0.191667
19 0.729427 0.721181 0.043229 0.043750
14 0.747396 0.702431 0.079167 0.109028
10 0.796354 0.817014 0.128125 0.136806
11 0.857552 0.863194 0.108854 0.147222
12 0.932031 0.876736 0.063021 0.102083
13 0.915365 0.790625 0.071354 0.100694
13 0.858073 0.750000 0.083854 0.108333
4 0.941667 0.960417 0.028125 0.079167
5 0.907813 0.955903 0.027083 0.088194
3 0.803906 0.960764 0.038021 0.078472
2 0.771354 0.951736 0.025000 0.095139
