34 0.308333 0.750694 0.115625 0.118056
0 0.381510 0.625694 0.111979 0.175000
25 0.442969 0.580903 0.102604 0.217361
6 0.509115 0.630903 0.054688 0.028472
2 0.629948 0.559375 0.210938 0.150694
1 0.700260 0.623264 0.131771 0.242361
16 0.448958 0.486458 0.017708 0.024306
16 0.447135 0.506944 0.013021 0.016667
16 0.495573 0.511806 0.010937 0.018056
16 0.518490 0.520486 0.014063 0.022917
16 0.516406 0.543403 0.013021 0.024306
16 0.551042 0.520486 0.015625 0.017361
16 0.571094 0.527778 0.018229 0.022222
16 0.603125 0.528819 0.016667 0.021528
16 0.610677 0.507639 0.017188 0.023611
31 0.538281 0.495486 0.016146 0.028472
21 0.526042 0.535069 0.192708 0.099306
19 0.383073 0.490972 0.043229 0.095833
14 0.381250 0.437847 0.040625 0.157639
30 0.368490 0.443056 0.066146 0.065278
22 0.228385 0.418056 0.102604 0.125000
29 0.076302 0.455903 0.078646 0.159028
16 0.456510 0.305556 0.010937 0.016667
27 0.461458 0.305208 0.127083 0.268750
17 0.498437 0.305903 0.015625 0.013194
28 0.575521 0.428125 0.081250 0.102083
26 0.671354 0.380556 0.126042 0.194444
19 0.651042 0.522222 0.058333 0.086111
14 0.670312 0.475694 0.059375 0.125000
10 0.770833 0.587500 0.087500 0.141667
13 0.815365 0.525000 0.093229 0.102778
13 0.886979 0.555903 0.079167 0.090972
11 0.829688 0.635069 0.114583 0.143750
12 0.912240 0.639931 0.076563 0.106250
3 0.784635 0.813889 0.059896 0.251389
5 0.910677 0.788889 0.064062 0.230556
4 0.934635 0.788542 0.030729 0.211806
24 0.523438 0.679167 0.130208 0.123611
