29 0.255469 0.461458 0.085938 0.149306
22 0.427865 0.471181 0.102604 0.134028
0 0.382812 0.782639 0.134375 0.181944
1 0.566146 0.751042 0.119792 0.235417
34 0.516406 0.719444 0.035937 0.180556
24 0.698177 0.787847 0.120313 0.140972
30 0.565104 0.530556 0.052083 0.069444
19 0.581510 0.581597 0.056771 0.089583
14 0.596354 0.551736 0.057292 0.110417
16 0.654427 0.424306 0.025521 0.034722
27 0.654167 0.421181 0.116667 0.257639
28 0.752344 0.559028 0.076563 0.098611
26 0.842969 0.527431 0.123438 0.178472
19 0.822656 0.657986 0.060937 0.078472
14 0.849219 0.621875 0.077604 0.114583
31 0.730208 0.617014 0.018750 0.025694
16 0.787240 0.642014 0.016146 0.024306
16 0.653646 0.593403 0.016667 0.021528
16 0.672396 0.599306 0.014583 0.023611
16 0.681771 0.602431 0.015625 0.022917
16 0.653125 0.611111 0.014583 0.025000
16 0.665625 0.617361 0.013542 0.019444
16 0.684375 0.651042 0.016667 0.022917
16 0.694792 0.627083 0.013542 0.018056
16 0.713542 0.632639 0.014583 0.018056
16 0.713542 0.660417 0.012500 0.023611
16 0.736979 0.641667 0.016667 0.018056
16 0.757031 0.652083 0.016146 0.018056
16 0.784115 0.661458 0.013021 0.015972
21 0.712240 0.651389 0.166146 0.125000
2 0.871094 0.901389 0.084896 0.197222
3 0.915365 0.911111 0.035937 0.177778
5 0.994531 0.917361 0.010937 0.165278
10 0.900000 0.737153 0.116667 0.153472
13 0.943750 0.686806 0.081250 0.098611
13 0.983854 0.716667 0.032292 0.081944
11 0.952344 0.790972 0.095312 0.143056
