34 0.270313 0.839931 0.017708 0.093750
24 0.098958 0.715972 0.106250 0.104167
29 0.026562 0.663889 0.053125 0.156944
22 0.151042 0.609028 0.082292 0.116667
19 0.206250 0.606944 0.050000 0.086111
14 0.194010 0.579167 0.051562 0.101389
30 0.287500 0.614583 0.063542 0.063889
17 0.392188 0.456944 0.030208 0.019444
16 0.384635 0.481944 0.022396 0.037500
27 0.357292 0.465972 0.143750 0.248611
28 0.480990 0.556944 0.076563 0.097222
26 0.565365 0.479514 0.113021 0.167361
19 0.558594 0.636806 0.041146 0.062500
14 0.571354 0.578125 0.040625 0.139583
13 0.731250 0.577778 0.093750 0.091667
13 0.813021 0.588889 0.084375 0.080556
11 0.765365 0.684028 0.116146 0.126389
12 0.844792 0.662153 0.089583 0.093750
10 0.685156 0.655208 0.103646 0.127083
4 0.893229 0.785417 0.056250 0.201389
5 0.865885 0.805903 0.101562 0.214583
3 0.745313 0.852431 0.085417 0.229861
32 0.527083 0.596875 0.026042 0.040972
1 0.599219 0.641667 0.166146 0.225000
33 0.473698 0.644097 0.019271 0.027083
16 0.480990 0.649653 0.009896 0.011806
16 0.497656 0.646181 0.015104 0.024306
16 0.518490 0.644444 0.018229 0.020833
16 0.507031 0.695833 0.016146 0.025000
16 0.379688 0.661458 0.013542 0.024306
16 0.390104 0.657986 0.014583 0.018750
16 0.358073 0.664236 0.016146 0.024306
16 0.357552 0.688194 0.014063 0.022222
16 0.369010 0.686806 0.015104 0.025000
16 0.380990 0.687500 0.016146 0.020833
16 0.434635 0.675694 0.009896 0.006944
0 0.433854 0.693403 0.101042 0.124306
21 0.443229 0.693750 0.194792 0.101389
