29 0.160417 0.590972 0.084375 0.151389
22 0.320052 0.584028 0.102604 0.131944
27 0.554167 0.494097 0.115625 0.253472
0 0.422135 0.669444 0.111979 0.115278
2 0.497917 0.505556 0.044792 0.252778
1 0.537240 0.493056 0.104688 0.263889
19 0.466146 0.682639 0.043750 0.084722
14 0.474219 0.631597 0.044271 0.143750
28 0.661198 0.623611 0.078646 0.100000
26 0.754167 0.577083 0.125000 0.188889
19 0.739844 0.714236 0.058854 0.084028
14 0.761979 0.673958 0.071875 0.124306
16 0.697656 0.706597 0.017188 0.022917
16 0.691406 0.725694 0.016146 0.020833
21 0.615365 0.727431 0.186979 0.102083
24 0.565365 0.848958 0.034896 0.113194
34 0.430990 0.908681 0.053646 0.178472
12 0.972917 0.819444 0.054167 0.102778
13 0.958594 0.735417 0.077604 0.087500
13 0.889323 0.714583 0.092188 0.095833
10 0.831250 0.788542 0.131250 0.146528
11 0.905208 0.823611 0.112500 0.145833
3 0.863542 0.934375 0.046875 0.129861
5 0.975521 0.928472 0.048958 0.143056
