14 0.555990 0.291204 0.030729 0.115741
21 0.560677 0.261574 0.075521 0.117593
22 0.671354 0.134259 0.065625 0.070370
27 0.712500 0.212500 0.143750 0.217593
13 0.401562 0.644907 0.111458 0.189815
13 0.484115 0.539815 0.098437 0.170370
4 0.275000 0.553241 0.066667 0.176852
12 0.350521 0.577778 0.109375 0.188889
5 0.301302 0.470370 0.111979 0.100000
11 0.419792 0.456944 0.104167 0.180556
3 0.383594 0.357407 0.082812 0.061111
10 0.482552 0.368056 0.083854 0.167593
26 0.628125 0.335648 0.092708 0.213889
19 0.548438 0.327778 0.027083 0.085185
6 0.545573 0.223611 0.011979 0.025000
31 0.553646 0.234259 0.012500 0.035185
16 0.535417 0.270370 0.008333 0.016667
16 0.594531 0.209259 0.007812 0.016667
0 0.571354 0.187500 0.040625 0.102778
2 0.514062 0.150000 0.058333 0.138889
1 0.492969 0.132870 0.067187 0.121296
30 0.638542 0.196296 0.033333 0.061111
16 0.684635 0.195833 0.009896 0.019444
17 0.746354 0.318056 0.021875 0.052778
19 0.654167 0.140278 0.026042 0.073148
14 0.660417 0.110648 0.025000 0.091667
24 0.627344 0.101852 0.043229 0.064815
29 0.667708 0.059259 0.072917 0.051852
16 0.564844 0.267593 0.005729 0.011111
16 0.561458 0.281019 0.005208 0.008333
16 0.557292 0.221759 0.005208 0.012037
