24 0.205729 0.626389 0.147917 0.152778
29 0.113281 0.502431 0.107813 0.181250
22 0.297135 0.522222 0.119271 0.166667
19 0.364583 0.557292 0.044792 0.093750
14 0.371615 0.521528 0.041146 0.119444
30 0.461458 0.606250 0.078125 0.093056
0 0.326302 0.928125 0.130729 0.143750
34 0.422656 0.926736 0.026562 0.146528
31 0.584896 0.476736 0.027083 0.029861
16 0.602083 0.483333 0.013542 0.018056
1 0.646354 0.497917 0.111458 0.151389
27 0.566406 0.471181 0.133854 0.306250
26 0.787760 0.601389 0.141146 0.190278
28 0.645312 0.629861 0.029167 0.090278
19 0.766927 0.742708 0.018229 0.046528
14 0.789062 0.714583 0.060417 0.090278
13 0.881510 0.770486 0.082812 0.115972
13 0.936198 0.815278 0.071354 0.100000
12 0.955469 0.900694 0.057813 0.106944
10 0.830208 0.839236 0.118750 0.145139
11 0.886719 0.901042 0.107813 0.139583
4 0.963802 0.971181 0.032813 0.057639
5 0.926562 0.971875 0.026042 0.054861
3 0.840885 0.969097 0.041146 0.061806
2 0.815625 0.965278 0.032292 0.068056
16 0.544010 0.711806 0.020313 0.022222
16 0.567448 0.717361 0.014063 0.027778
16 0.579167 0.718750 0.015625 0.029167
16 0.601562 0.726042 0.020833 0.020139
16 0.540365 0.738889 0.016146 0.027778
16 0.552604 0.743403 0.016667 0.029861
16 0.565625 0.748958 0.014583 0.028472
16 0.576302 0.785069 0.023438 0.021528
16 0.599219 0.789236 0.018229 0.025694
21 0.582031 0.765972 0.140104 0.123611
