24 0.056250 0.587500 0.112500 0.119444
22 0.119271 0.461111 0.106250 0.137500
30 0.266927 0.471528 0.075521 0.073611
19 0.173437 0.459028 0.059375 0.100000
14 0.156510 0.428819 0.063021 0.117361
17 0.392708 0.287847 0.054167 0.027083
16 0.391667 0.319097 0.029167 0.042361
27 0.357552 0.297222 0.165104 0.301389
28 0.500000 0.420486 0.090625 0.117361
26 0.612760 0.350694 0.139063 0.216667
19 0.588021 0.518056 0.059375 0.093056
14 0.607031 0.467708 0.066146 0.152083
3 0.676562 0.492361 0.242708 0.183333
7 0.541667 0.585764 0.036458 0.021528
31 0.521615 0.586458 0.019271 0.040972
16 0.538802 0.536458 0.021354 0.025694
16 0.514323 0.536111 0.017188 0.029167
16 0.489844 0.538542 0.022396 0.022917
16 0.409375 0.569097 0.010417 0.025694
16 0.410156 0.540625 0.022396 0.027083
16 0.384635 0.540625 0.017188 0.029861
16 0.371875 0.541319 0.015625 0.029861
16 0.346094 0.543056 0.020313 0.029167
16 0.387240 0.573264 0.019271 0.027083
16 0.370833 0.572222 0.018750 0.027778
16 0.356771 0.572222 0.013542 0.026389
16 0.344271 0.573264 0.016667 0.027083
21 0.443490 0.585417 0.227604 0.105556
0 0.464323 0.612847 0.113021 0.177083
10 0.712500 0.600000 0.150000 0.101389
1 0.749479 0.561806 0.153125 0.266667
13 0.816406 0.520833 0.026562 0.052778
13 0.860417 0.521181 0.086458 0.096528
12 0.889062 0.612500 0.086458 0.111111
11 0.811979 0.626042 0.114583 0.145139
5 0.890885 0.782639 0.076563 0.245833
4 0.917969 0.765625 0.038021 0.227083
34 0.276823 0.735764 0.031771 0.140972
