0 0.429167 0.643056 0.055208 0.110185
16 0.436719 0.606944 0.008854 0.019444
25 0.501563 0.665278 0.073958 0.093519
7 0.508594 0.590741 0.028646 0.025926
3 0.592969 0.657870 0.146354 0.125000
1 0.631250 0.689352 0.087500 0.136111
24 0.503125 0.549537 0.075000 0.091667
2 0.634896 0.577315 0.037500 0.126852
5 0.803906 0.639352 0.053646 0.232407
4 0.853646 0.644444 0.062500 0.225926
12 0.837760 0.482870 0.098437 0.106481
11 0.741406 0.486111 0.108854 0.129630
10 0.669531 0.455556 0.098437 0.120370
13 0.844792 0.377315 0.101042 0.125000
13 0.761458 0.347685 0.090625 0.117593
14 0.611458 0.365278 0.040625 0.071296
19 0.597656 0.385185 0.034896 0.053704
16 0.564063 0.381481 0.012500 0.018519
16 0.557292 0.409259 0.009375 0.014815
16 0.535156 0.411574 0.009896 0.015741
16 0.520833 0.412500 0.009375 0.019444
31 0.510938 0.385648 0.011458 0.023148
16 0.476042 0.439815 0.009375 0.022222
16 0.497656 0.413426 0.008854 0.017593
16 0.483073 0.414815 0.008854 0.016667
16 0.462500 0.417593 0.011458 0.016667
16 0.452083 0.416204 0.008333 0.021296
16 0.451562 0.391204 0.011458 0.021296
16 0.466146 0.389815 0.008333 0.024074
16 0.473177 0.389352 0.009896 0.026852
21 0.508073 0.415278 0.130729 0.080556
19 0.406510 0.414352 0.026562 0.049074
14 0.391927 0.404167 0.026562 0.049074
30 0.393229 0.345370 0.047917 0.061111
22 0.282552 0.339352 0.061979 0.139815
29 0.165365 0.426852 0.046354 0.201852
34 0.381771 0.620370 0.043750 0.085185
16 0.438281 0.178241 0.009896 0.026852
27 0.438542 0.154630 0.125000 0.309259
28 0.542969 0.273611 0.060937 0.113889
26 0.619531 0.212963 0.106771 0.194444
17 0.458854 0.075926 0.048958 0.022222
