0 0.472135 0.554167 0.092188 0.137500
10 0.523177 0.607986 0.104688 0.204861
6 0.532292 0.613194 0.010417 0.006944
2 0.545052 0.486458 0.045312 0.260417
1 0.561979 0.512500 0.097917 0.222222
13 0.626042 0.519792 0.071875 0.092361
13 0.705208 0.518403 0.095833 0.089583
12 0.739323 0.591667 0.110937 0.118056
11 0.649740 0.622917 0.101562 0.131944
5 0.777344 0.748611 0.127604 0.234722
4 0.809896 0.723264 0.072917 0.221528
19 0.407552 0.602778 0.034896 0.083333
14 0.401562 0.557986 0.042708 0.140972
26 0.395833 0.458681 0.112500 0.192361
28 0.334115 0.542014 0.079687 0.100694
17 0.250260 0.453472 0.046354 0.012500
16 0.201823 0.475694 0.010937 0.018056
27 0.216406 0.473611 0.143229 0.250000
16 0.240104 0.688542 0.014583 0.024306
16 0.270833 0.678819 0.012500 0.022917
16 0.209115 0.669444 0.011979 0.019444
16 0.220833 0.667361 0.017708 0.016667
16 0.251302 0.658681 0.014063 0.021528
16 0.272135 0.654514 0.014063 0.017361
16 0.239844 0.640278 0.014063 0.025000
16 0.230729 0.642708 0.013542 0.024306
16 0.210677 0.648958 0.016146 0.025694
16 0.322917 0.641667 0.018750 0.018056
16 0.355729 0.631597 0.014583 0.017361
16 0.364063 0.608333 0.017708 0.022222
31 0.289323 0.625694 0.016146 0.026389
21 0.295312 0.667708 0.183333 0.118750
19 0.155990 0.672569 0.060937 0.088194
14 0.139063 0.647569 0.066667 0.099306
30 0.151562 0.634028 0.062500 0.066667
34 0.041146 0.654167 0.082292 0.123611
24 0.280469 0.805556 0.114062 0.129167
34 0.133594 0.886458 0.019271 0.168750
3 0.574219 0.767361 0.036979 0.101389
