1 0.755729 0.638542 0.151042 0.222917
3 0.686719 0.568056 0.241146 0.116667
7 0.553125 0.620486 0.043750 0.011806
31 0.526823 0.617014 0.024479 0.042361
16 0.561979 0.636111 0.018750 0.019444
16 0.572135 0.580903 0.019271 0.022917
16 0.547917 0.573264 0.017708 0.028472
16 0.526563 0.569444 0.019792 0.023611
16 0.436198 0.604861 0.016146 0.027778
16 0.422135 0.601042 0.015104 0.027083
16 0.383854 0.558681 0.016667 0.028472
16 0.397917 0.562153 0.014583 0.028472
16 0.391146 0.529861 0.020833 0.025000
16 0.417187 0.535764 0.020833 0.027083
16 0.427604 0.538889 0.016667 0.030556
16 0.453125 0.547569 0.021875 0.025694
21 0.469010 0.597222 0.217188 0.136111
16 0.418490 0.693750 0.049479 0.061111
0 0.383073 0.729167 0.133854 0.219444
34 0.329688 0.685417 0.016667 0.062500
10 0.675521 0.610764 0.073958 0.146528
19 0.607552 0.538194 0.064062 0.087500
14 0.633854 0.496875 0.084375 0.129861
13 0.770573 0.529167 0.081771 0.058333
13 0.845313 0.604861 0.067708 0.098611
12 0.862240 0.691319 0.068229 0.110417
11 0.796615 0.695139 0.090104 0.126389
5 0.848958 0.840278 0.052083 0.227778
4 0.879687 0.838194 0.034375 0.206944
26 0.646875 0.386806 0.141667 0.200000
28 0.534635 0.428125 0.086979 0.110417
16 0.417969 0.306944 0.027604 0.045833
17 0.447396 0.276736 0.052083 0.036806
27 0.417708 0.278125 0.138542 0.290972
30 0.314063 0.414931 0.072917 0.079861
19 0.224479 0.376042 0.045833 0.102083
14 0.214844 0.342361 0.042188 0.122222
22 0.156771 0.364583 0.100000 0.140278
24 0.081510 0.469444 0.131771 0.115278
29 0.023438 0.369097 0.046875 0.138194
