29 0.044010 0.355208 0.088021 0.163194
24 0.119271 0.448958 0.135417 0.124306
22 0.201302 0.354861 0.105729 0.143056
19 0.266406 0.374306 0.042188 0.097222
14 0.263021 0.339931 0.037500 0.120139
30 0.352344 0.420833 0.075521 0.086111
16 0.488802 0.304514 0.013021 0.022917
27 0.460417 0.300000 0.127083 0.283333
28 0.564063 0.454514 0.085417 0.109028
26 0.673177 0.422569 0.141146 0.192361
34 0.334896 0.698958 0.017708 0.111806
16 0.468229 0.658333 0.054167 0.055556
7 0.579427 0.604167 0.063021 0.012500
3 0.726302 0.579167 0.252604 0.101389
1 0.794792 0.655556 0.156250 0.222222
31 0.544531 0.594444 0.022396 0.038889
2 0.700260 0.749653 0.043229 0.065972
5 0.845313 0.880556 0.044792 0.219444
4 0.878646 0.878125 0.033333 0.199306
16 0.573958 0.617708 0.013542 0.021528
16 0.574479 0.562500 0.017708 0.027778
16 0.553646 0.554514 0.017708 0.027083
16 0.594792 0.573264 0.019792 0.022917
16 0.488281 0.529861 0.020313 0.027778
16 0.482812 0.580208 0.014583 0.027083
16 0.455990 0.572569 0.017188 0.020139
16 0.426302 0.531597 0.017188 0.028472
16 0.438281 0.534722 0.015104 0.025000
16 0.432552 0.504514 0.019271 0.022917
16 0.454948 0.513194 0.014063 0.025000
16 0.465885 0.518750 0.017188 0.029167
21 0.499219 0.579167 0.198437 0.144444
0 0.428385 0.684375 0.124479 0.210417
10 0.700521 0.644792 0.085417 0.157639
11 0.814323 0.737500 0.061979 0.116667
13 0.761458 0.562153 0.036458 0.038194
13 0.855469 0.666319 0.054688 0.072917
12 0.866146 0.733681 0.061458 0.110417
14 0.656250 0.528819 0.079167 0.122917
19 0.630208 0.562847 0.064583 0.072917
