34 0.123177 0.931944 0.030729 0.136111
24 0.277083 0.847917 0.072917 0.068056
22 0.031771 0.682639 0.063542 0.120833
19 0.139063 0.720833 0.058333 0.091667
14 0.124479 0.688542 0.061458 0.102083
30 0.138281 0.676736 0.066146 0.064583
31 0.287760 0.680903 0.016146 0.021528
16 0.366406 0.671528 0.018229 0.022222
16 0.358333 0.695486 0.015625 0.018750
16 0.323698 0.703125 0.020313 0.020139
16 0.303125 0.704514 0.016667 0.015972
16 0.267448 0.710069 0.016146 0.017361
16 0.235937 0.694792 0.015625 0.025694
16 0.225260 0.696181 0.015104 0.027083
16 0.203125 0.700000 0.017708 0.023611
16 0.202083 0.722222 0.014583 0.022222
16 0.214844 0.720833 0.018229 0.016667
16 0.248177 0.713194 0.015104 0.018056
16 0.234896 0.743403 0.015625 0.020139
16 0.267969 0.738194 0.016146 0.025000
21 0.291146 0.726736 0.195833 0.110417
17 0.246615 0.502431 0.050521 0.010417
16 0.202344 0.514931 0.010937 0.017361
27 0.214583 0.518403 0.139583 0.260417
28 0.335156 0.600694 0.079687 0.101389
26 0.402865 0.524653 0.114062 0.196528
19 0.417969 0.663542 0.034896 0.078472
14 0.421354 0.632292 0.035417 0.107639
0 0.461979 0.693403 0.118750 0.172917
1 0.609375 0.694097 0.154167 0.172917
2 0.604688 0.678472 0.188542 0.076389
13 0.613542 0.596528 0.102083 0.088889
13 0.703125 0.596528 0.093750 0.087500
12 0.737760 0.669792 0.107813 0.113194
5 0.776042 0.823264 0.126042 0.231250
4 0.808073 0.798611 0.076563 0.215278
3 0.612500 0.886806 0.092708 0.227778
11 0.637500 0.706250 0.127083 0.136111
10 0.518490 0.710764 0.124479 0.153472
