0 0.409896 0.551736 0.115625 0.161806
14 0.469271 0.555903 0.034375 0.142361
19 0.476302 0.606597 0.047396 0.086806
32 0.519792 0.527431 0.029167 0.042361
1 0.586719 0.601736 0.152604 0.259028
10 0.600000 0.592708 0.132292 0.172917
11 0.716667 0.586806 0.129167 0.173611
3 0.748437 0.781597 0.159375 0.214583
5 0.857812 0.669444 0.150000 0.222222
4 0.889062 0.628125 0.093750 0.211806
12 0.802865 0.517708 0.111979 0.127083
13 0.758073 0.454514 0.101562 0.099306
13 0.661719 0.470486 0.106771 0.110417
26 0.441667 0.449653 0.117708 0.193750
28 0.366667 0.546528 0.040625 0.072222
16 0.447135 0.663889 0.014063 0.026389
16 0.425000 0.675694 0.013542 0.025000
16 0.403125 0.688889 0.017708 0.023611
21 0.425260 0.731944 0.117188 0.134722
17 0.287500 0.491319 0.044792 0.018750
16 0.244010 0.525694 0.011979 0.019444
27 0.250521 0.529514 0.176042 0.239583
30 0.216667 0.701389 0.061458 0.080556
19 0.140365 0.728819 0.061979 0.077083
14 0.121354 0.706944 0.071875 0.084722
22 0.104948 0.745139 0.071354 0.134722
24 0.077344 0.870833 0.080729 0.126389
29 0.013021 0.851736 0.026042 0.163194
16 0.450521 0.716667 0.016667 0.019444
2 0.670052 0.865278 0.193229 0.179167
