0 0.466927 0.562153 0.111979 0.118750
10 0.515365 0.589931 0.120313 0.152083
2 0.589063 0.676042 0.051042 0.304861
1 0.614844 0.670833 0.106771 0.173611
3 0.583073 0.747917 0.060937 0.144444
11 0.629948 0.589931 0.125521 0.132639
12 0.727865 0.562153 0.105729 0.110417
13 0.695052 0.489236 0.093229 0.088194
13 0.604688 0.493056 0.101042 0.095833
5 0.763802 0.712847 0.121354 0.227083
4 0.795052 0.691319 0.070312 0.213194
19 0.402344 0.547569 0.031771 0.056250
14 0.400260 0.522917 0.034896 0.091667
16 0.361198 0.567361 0.018229 0.023611
16 0.353906 0.589931 0.013021 0.015972
16 0.322917 0.600694 0.015625 0.020833
16 0.301302 0.602083 0.014063 0.015278
31 0.285417 0.582986 0.015625 0.024306
16 0.267188 0.613889 0.017708 0.019444
16 0.246875 0.614236 0.015625 0.018750
16 0.267188 0.635764 0.013542 0.024306
16 0.235417 0.645139 0.013542 0.025000
16 0.215104 0.623611 0.012500 0.022222
16 0.203906 0.627778 0.013021 0.020833
16 0.204687 0.606597 0.015625 0.024306
16 0.224219 0.600694 0.011979 0.025000
16 0.235156 0.598264 0.013021 0.025694
21 0.288542 0.626736 0.182292 0.118750
19 0.139063 0.636806 0.060417 0.090278
14 0.121875 0.611111 0.065625 0.102778
30 0.142187 0.590972 0.063542 0.065278
22 0.034115 0.614583 0.068229 0.127778
16 0.195312 0.431944 0.011458 0.016667
17 0.242708 0.412153 0.044792 0.013194
27 0.208333 0.429514 0.144792 0.256250
28 0.329427 0.501389 0.079687 0.101389
26 0.394010 0.420486 0.113021 0.193750
24 0.271615 0.762500 0.059896 0.113889
34 0.111719 0.897917 0.098437 0.088889
