29 0.048177 0.513194 0.093229 0.204167
24 0.153385 0.608681 0.142187 0.129861
22 0.228906 0.481944 0.111979 0.162500
19 0.305208 0.500694 0.045833 0.097222
14 0.297396 0.462847 0.042708 0.122917
30 0.404167 0.529861 0.073958 0.084722
16 0.575000 0.403819 0.030208 0.047917
16 0.533854 0.375694 0.013542 0.025000
27 0.504948 0.372222 0.136979 0.306944
28 0.617969 0.519792 0.078646 0.115972
1 0.643750 0.447917 0.147917 0.216667
26 0.740365 0.462847 0.124479 0.179861
14 0.747917 0.570833 0.040625 0.084722
31 0.626563 0.696181 0.017708 0.027083
16 0.631250 0.637500 0.015625 0.025000
16 0.646094 0.636458 0.006771 0.020139
16 0.562500 0.626736 0.020833 0.022917
16 0.539323 0.620833 0.018229 0.026389
16 0.528385 0.619097 0.015104 0.029861
16 0.503385 0.615278 0.018229 0.026389
16 0.502083 0.646181 0.017708 0.027083
16 0.514583 0.647222 0.016667 0.027778
16 0.565365 0.687847 0.015104 0.024306
16 0.538542 0.684028 0.016667 0.022222
21 0.566406 0.668056 0.178646 0.116667
10 0.804688 0.686111 0.110417 0.144444
13 0.843490 0.618750 0.086979 0.109722
13 0.904427 0.653472 0.073438 0.094444
12 0.927083 0.736458 0.066667 0.103472
11 0.862240 0.743750 0.105729 0.137500
4 0.943750 0.874653 0.032292 0.197917
5 0.920573 0.882639 0.052604 0.209722
3 0.827604 0.891319 0.048958 0.218750
2 0.794531 0.824306 0.031771 0.118056
34 0.448958 0.881944 0.039583 0.211111
0 0.256771 0.880208 0.146875 0.218750
