0 0.485938 0.437037 0.067708 0.109259
21 0.511458 0.430093 0.130208 0.073148
29 0.165365 0.425926 0.046354 0.201852
24 0.259375 0.473148 0.088542 0.111111
22 0.282292 0.338426 0.061458 0.137963
19 0.331771 0.352778 0.035417 0.057407
14 0.316667 0.341667 0.042708 0.055556
30 0.393490 0.345370 0.048438 0.061111
16 0.441146 0.203704 0.009375 0.020370
17 0.458854 0.077778 0.046875 0.024074
27 0.436458 0.154167 0.131250 0.308333
28 0.542969 0.273148 0.060937 0.114815
26 0.626563 0.206019 0.106250 0.195370
13 0.763021 0.335185 0.093750 0.116667
13 0.845052 0.377315 0.100521 0.126852
12 0.840885 0.481481 0.095312 0.109259
4 0.857552 0.639352 0.068229 0.213889
5 0.803646 0.633796 0.053125 0.230556
11 0.746615 0.487037 0.108854 0.125926
10 0.673698 0.443056 0.094271 0.110185
14 0.607292 0.365741 0.038542 0.072222
19 0.595313 0.386574 0.034375 0.052778
2 0.593229 0.482407 0.115625 0.081481
1 0.621615 0.518056 0.071354 0.156481
31 0.515885 0.448148 0.010937 0.031481
6 0.531510 0.462963 0.022396 0.016667
16 0.567969 0.400926 0.013021 0.016667
16 0.553125 0.399074 0.011458 0.020370
16 0.538542 0.402315 0.011458 0.019444
16 0.470052 0.402315 0.008854 0.017593
16 0.476302 0.396296 0.004687 0.009259
16 0.456250 0.406481 0.011458 0.020370
16 0.455469 0.434722 0.009896 0.021296
3 0.695052 0.634722 0.036979 0.217593
